1.0000 0.9947 0.9948 0.9906 0.9948 0.9946 0.9949 0.9947 0.9937 0.9903
0.9947 1.0000 0.9944 0.9914 0.9948 0.9942 0.9946 0.9945 0.9929 0.9893
0.9948 0.9944 1.0000 0.9896 0.9948 0.9949 0.9947 0.9942 0.9941 0.9913
0.9906 0.9914 0.9896 1.0000 0.9904 0.9893 0.9897 0.9910 0.9872 0.9831
0.9948 0.9948 0.9948 0.9904 1.0000 0.9947 0.9949 0.9948 0.9937 0.9906
0.9946 0.9942 0.9949 0.9893 0.9947 1.0000 0.9948 0.9943 0.9945 0.9915
0.9949 0.9946 0.9947 0.9897 0.9949 0.9948 1.0000 0.9946 0.9942 0.9912
0.9947 0.9945 0.9942 0.9910 0.9948 0.9943 0.9946 1.0000 0.9931 0.9897
0.9937 0.9929 0.9941 0.9872 0.9937 0.9945 0.9942 0.9931 1.0000 0.9933
0.9903 0.9893 0.9913 0.9831 0.9906 0.9915 0.9912 0.9897 0.9933 1.0000
