

----------------------------------------------------
STRUCTURE by Pritchard, Stephens and Donnelly (2000)
     and Falush, Stephens and Pritchard (2003)
       Code by Pritchard, Falush and Hubisz
             Version 2.3.4 (Jul 2012)
----------------------------------------------------



Command line arguments:   bin/structure -m "/Users/ddayan/FRA/half_pounder_2023/structure/halfpounder/10k_20k_adm_corr/mainparams" -e "/Users/ddayan/FRA/half_pounder_2023/structure/halfpounder/10k_20k_adm_corr/extraparams" 
Input File:    /Users/ddayan/FRA/half_pounder_2023/structure/halfpounder/project_data

Run parameters:
   1000 individuals
   233 loci
   4 populations assumed
   10000 Burn-in period
   20000 Reps


--------------------------------------------
Proportion of membership of each pre-defined
 population in each of the 4 clusters

Given    Inferred Clusters              Number of
 Pop       1      2      3      4      Individuals

  1:     0.251  0.215  0.261  0.274      275
  2:     0.236  0.259  0.257  0.249      643
  3:     0.089  0.426  0.203  0.281       42
  4:     0.090  0.308  0.310  0.292       40
--------------------------------------------

Allele-freq. divergence among pops (Net nucleotide distance),
computed using point estimates of P.

      1       2       3       4      
 1      -    0.0125  0.0091  0.0103  
 2   0.0125     -    0.0034  0.0041  
 3   0.0091  0.0034     -    0.0012  
 4   0.0103  0.0041  0.0012     -    

Average distances (expected heterozygosity) between individuals in same cluster:
cluster  1  : 0.2832 
cluster  2  : 0.3066 
cluster  3  : 0.3155 
cluster  4  : 0.3111 

--------------------------------------------
Estimated Ln Prob of Data   = -216632.8
Mean value of ln likelihood = -214982.3
Variance of ln likelihood   = 3301.0
Mean value of alpha         = 0.3534

Mean value of Fst_1         = 0.0734
Mean value of Fst_2         = 0.0270
Mean value of Fst_3         = 0.0077
Mean value of Fst_4         = 0.0169


Inferred ancestry of individuals:
        Label (%Miss) Pop:  Inferred clusters
  1 OmyAC19ROGR    (0)    1 :  0.050 0.214 0.449 0.287 
  2 OmyAC19ROGR    (0)    1 :  0.149 0.067 0.406 0.379 
  3 OmyAC19ROGR    (0)    1 :  0.093 0.321 0.312 0.274 
  4 OmyAC19ROGR    (0)    1 :  0.041 0.077 0.122 0.759 
  5 OmyAC19ROGR    (1)    1 :  0.885 0.038 0.044 0.033 
  6 OmyAC19ROGR    (0)    1 :  0.395 0.337 0.103 0.166 
  7 OmyAC19ROGR    (0)    1 :  0.321 0.337 0.211 0.131 
  8 OmyAC19ROGR    (0)    1 :  0.042 0.640 0.230 0.088 
  9 OmyAC19ROGR    (0)    1 :  0.471 0.185 0.153 0.191 
 10 OmyAC19ROGR    (0)    1 :  0.393 0.075 0.361 0.171 
 11 OmyAC19ROGR    (0)    1 :  0.087 0.621 0.130 0.162 
 12 OmyAC19ROGR    (0)    1 :  0.271 0.149 0.356 0.225 
 13 OmyAC19ROGR    (0)    1 :  0.053 0.472 0.358 0.117 
 14 OmyAC19ROGR    (0)    1 :  0.236 0.308 0.338 0.118 
 15 OmyAC19ROGR    (0)    1 :  0.475 0.131 0.258 0.136 
 16 OmyAC19ROGR    (0)    1 :  0.119 0.407 0.241 0.233 
 17 OmyAC19ROGR    (0)    1 :  0.170 0.048 0.379 0.403 
 18 OmyAC19ROGR    (3)    1 :  0.027 0.209 0.489 0.275 
 19 OmyAC19ROGR    (0)    1 :  0.078 0.726 0.119 0.076 
 20 OmyAC19ROGR    (0)    1 :  0.376 0.054 0.336 0.235 
 21 OmyAC19ROGR    (0)    1 :  0.409 0.084 0.213 0.295 
 22 OmyAC19ROGR    (0)    1 :  0.098 0.610 0.139 0.152 
 23 OmyAC19ROGR    (0)    1 :  0.411 0.242 0.218 0.129 
 24 OmyAC19ROGR    (1)    1 :  0.061 0.220 0.203 0.516 
 25 OmyAC19ROGR    (0)    1 :  0.492 0.217 0.203 0.088 
 26 OmyAC19ROGR    (0)    1 :  0.153 0.387 0.320 0.140 
 27 OmyAC19ROGR    (2)    1 :  0.082 0.342 0.461 0.115 
 28 OmyAC19ROGR    (0)    1 :  0.084 0.138 0.222 0.556 
 29 OmyAC19ROGR    (0)    1 :  0.116 0.109 0.407 0.368 
 30 OmyAC19ROGR    (0)    1 :  0.514 0.160 0.207 0.120 
 31 OmyAC19ROGR    (0)    1 :  0.102 0.360 0.176 0.362 
 32 OmyAC19ROGR    (0)    1 :  0.214 0.115 0.296 0.376 
 33 OmyAC19ROGR    (0)    1 :  0.122 0.157 0.156 0.565 
 34 OmyAC19ROGR    (0)    1 :  0.515 0.141 0.175 0.170 
 35 OmyAC19ROGR    (0)    1 :  0.101 0.124 0.213 0.562 
 36 OmyAC19ROGR    (0)    1 :  0.080 0.640 0.159 0.121 
 37 OmyAC19ROGR    (0)    1 :  0.243 0.572 0.093 0.093 
 38 OmyAC19ROGR    (0)    1 :  0.623 0.174 0.128 0.075 
 39 OmyAC19ROGR    (0)    1 :  0.112 0.070 0.565 0.253 
 40 OmyAC19ROGR    (0)    1 :  0.442 0.089 0.263 0.206 
 41 OmyAC19ROGR    (0)    1 :  0.073 0.131 0.414 0.382 
 42 OmyAC19ROGR    (0)    1 :  0.736 0.065 0.087 0.112 
 43 OmyAC19ROGR    (0)    1 :  0.082 0.096 0.563 0.259 
 44 OmyAC19ROGR    (8)    1 :  0.074 0.221 0.208 0.496 
 45 OmyAC19ROGR    (2)    1 :  0.461 0.234 0.110 0.195 
 46 OmyAC19ROGR    (0)    1 :  0.124 0.259 0.160 0.457 
 47 OmyAC19ROGR    (0)    1 :  0.053 0.643 0.126 0.177 
 48 OmyAC19ROGR    (0)    1 :  0.056 0.218 0.527 0.199 
 49 OmyAC19ROGR    (0)    1 :  0.073 0.308 0.355 0.264 
 50 OmyAC19ROGR    (0)    1 :  0.054 0.058 0.535 0.353 
 51 OmyAC19ROGR    (2)    1 :  0.769 0.074 0.087 0.070 
 52 OmyAC19ROGR    (0)    1 :  0.796 0.059 0.090 0.056 
 53 OmyAC19ROGR    (1)    1 :  0.056 0.500 0.239 0.205 
 54 OmyAC19ROGR    (0)    1 :  0.123 0.150 0.326 0.401 
 55 OmyAC19ROGR    (4)    1 :  0.102 0.399 0.324 0.175 
 56 OmyAC19ROGR    (0)    1 :  0.253 0.461 0.122 0.165 
 57 OmyAC19ROGR    (0)    1 :  0.043 0.832 0.049 0.075 
 58 OmyAC19ROGR    (0)    1 :  0.577 0.291 0.075 0.058 
 59 OmyAC19ROGR    (0)    1 :  0.063 0.559 0.202 0.175 
 60 OmyAC19ROGR    (0)    1 :  0.167 0.603 0.119 0.110 
 61 OmyAC19ROGR    (0)    1 :  0.100 0.125 0.638 0.136 
 62 OmyAC19ROGR    (0)    1 :  0.113 0.365 0.388 0.134 
 63 OmyAC19ROGR    (0)    1 :  0.254 0.245 0.232 0.269 
 64 OmyAC19ROGR    (2)    1 :  0.111 0.078 0.219 0.592 
 65 OmyAC19ROGR    (0)    1 :  0.065 0.269 0.380 0.286 
 66 OmyAC19ROGR    (5)    1 :  0.320 0.259 0.304 0.117 
 67 OmyAC19ROGR    (0)    1 :  0.062 0.668 0.114 0.155 
 68 OmyAC19ROGR    (1)    1 :  0.239 0.218 0.340 0.203 
 69 OmyAC19ROGR    (3)    1 :  0.209 0.393 0.210 0.188 
 70 OmyAC19ROGR    (0)    1 :  0.060 0.102 0.450 0.389 
 71 OmyAC19ROGR    (0)    1 :  0.097 0.423 0.229 0.250 
 72 OmyAC19ROGR    (5)    1 :  0.070 0.307 0.348 0.275 
 73 OmyAC19ROGR    (0)    1 :  0.213 0.130 0.410 0.247 
 74 OmyAC19ROGR    (0)    1 :  0.119 0.109 0.309 0.463 
 75 OmyAC19ROGR    (0)    1 :  0.181 0.120 0.189 0.510 
 76 OmyAC19ROGR    (0)    1 :  0.087 0.157 0.315 0.441 
 77 OmyAC19ROGR    (1)    1 :  0.917 0.027 0.032 0.024 
 78 OmyAC19ROGR    (0)    1 :  0.054 0.062 0.604 0.280 
 79 OmyAC19ROGR    (3)    1 :  0.112 0.140 0.445 0.303 
 80 OmyAC19ROGR    (0)    1 :  0.779 0.072 0.074 0.075 
 81 OmyAC19ROGR    (3)    1 :  0.340 0.177 0.287 0.196 
 82 OmyAC19ROGR    (1)    1 :  0.027 0.743 0.109 0.121 
 83 OmyAC19ROGR    (0)    1 :  0.061 0.198 0.267 0.474 
 84 OmyAC19ROGR    (0)    1 :  0.119 0.442 0.239 0.200 
 85 OmyAC19ROGR    (7)    1 :  0.080 0.170 0.321 0.429 
 86 OmyAC19ROGR    (0)    1 :  0.125 0.128 0.449 0.298 
 87 OmyAC19ROGR    (0)    1 :  0.064 0.149 0.110 0.677 
 88 OmyJC19ROGR    (0)    2 :  0.827 0.036 0.085 0.052 
 89 OmyJC19ROGR    (0)    2 :  0.097 0.343 0.443 0.117 
 90 OmyJC19ROGR    (0)    2 :  0.852 0.032 0.048 0.069 
 91 OmyJC19ROGR    (0)    2 :  0.026 0.478 0.310 0.187 
 92 OmyJC19ROGR    (0)    2 :  0.089 0.127 0.377 0.407 
 93 OmyJC19ROGR    (0)    2 :  0.073 0.157 0.194 0.576 
 94 OmyJC19ROGR    (0)    2 :  0.169 0.075 0.366 0.390 
 95 OmyJC19ROGR    (0)    2 :  0.226 0.157 0.237 0.380 
 96 OmyJC19ROGR    (0)    2 :  0.262 0.188 0.324 0.226 
 97 OmyJC19ROGR    (0)    2 :  0.343 0.190 0.244 0.224 
 98 OmyJC19ROGR    (0)    2 :  0.087 0.329 0.183 0.401 
 99 OmyJC19ROGR    (0)    2 :  0.082 0.359 0.168 0.391 
100 OmyJC19ROGR    (0)    2 :  0.063 0.375 0.389 0.174 
101 OmyJC19ROGR    (1)    2 :  0.548 0.161 0.159 0.132 
102 OmyJC19ROGR    (0)    2 :  0.150 0.340 0.258 0.252 
103 OmyJC19ROGR    (0)    2 :  0.376 0.167 0.222 0.235 
104 OmyJC19ROGR    (0)    2 :  0.045 0.484 0.323 0.148 
105 OmyJC19ROGR    (0)    2 :  0.310 0.185 0.109 0.396 
106 OmyJC19ROGR    (0)    2 :  0.854 0.041 0.054 0.050 
107 OmyJC19ROGR    (0)    2 :  0.245 0.523 0.078 0.153 
108 OmyJC19ROGR    (0)    2 :  0.105 0.126 0.194 0.576 
109 OmyJC19ROGR    (0)    2 :  0.210 0.306 0.317 0.166 
110 OmyJC19ROGR    (0)    2 :  0.551 0.158 0.127 0.164 
111 OmyJC19ROGR    (0)    2 :  0.081 0.677 0.122 0.120 
112 OmyJC19ROGR    (2)    2 :  0.256 0.294 0.313 0.137 
113 OmyJC19ROGR    (0)    2 :  0.557 0.103 0.247 0.092 
114 OmyJC19ROGR    (5)    2 :  0.069 0.109 0.551 0.271 
115 OmyJC19ROGR    (0)    2 :  0.056 0.080 0.164 0.700 
116 OmyJC19ROGR    (0)    2 :  0.147 0.099 0.453 0.301 
117 OmyJC19ROGR    (0)    2 :  0.161 0.218 0.308 0.313 
118 OmyJC19ROGR    (0)    2 :  0.046 0.206 0.284 0.464 
119 OmyJC19ROGR    (2)    2 :  0.061 0.144 0.348 0.447 
120 OmyJC19ROGR    (0)    2 :  0.049 0.623 0.219 0.109 
121 OmyJC19ROGR    (0)    2 :  0.045 0.605 0.175 0.176 
122 OmyJC19ROGR    (0)    2 :  0.102 0.238 0.287 0.373 
123 OmyJC19ROGR    (1)    2 :  0.037 0.185 0.254 0.524 
124 OmyJC19ROGR    (0)    2 :  0.255 0.085 0.275 0.385 
125 OmyJC19ROGR    (0)    2 :  0.129 0.157 0.480 0.234 
126 OmyJC19ROGR    (0)    2 :  0.749 0.050 0.108 0.094 
127 OmyJC19ROGR    (0)    2 :  0.054 0.428 0.317 0.201 
128 OmyJC19ROGR    (1)    2 :  0.055 0.226 0.412 0.307 
129 OmyJC19ROGR    (0)    2 :  0.293 0.079 0.424 0.204 
130 OmyJC19ROGR    (2)    2 :  0.168 0.076 0.598 0.157 
131 OmyJC19ROGR    (0)    2 :  0.089 0.566 0.148 0.198 
132 OmyJC19ROGR    (0)    2 :  0.091 0.177 0.134 0.598 
133 OmyJC19ROGR    (0)    2 :  0.038 0.127 0.125 0.710 
134 OmyJC19ROGR    (0)    2 :  0.068 0.285 0.323 0.323 
135 OmyJC19ROGR    (0)    2 :  0.083 0.680 0.118 0.119 
136 OmyJC19ROGR    (4)    2 :  0.144 0.154 0.211 0.491 
137 OmyJC19ROGR    (0)    2 :  0.233 0.288 0.333 0.147 
138 OmyJC19ROGR    (0)    2 :  0.678 0.152 0.085 0.085 
139 OmyJC19ROGR    (3)    2 :  0.049 0.353 0.473 0.125 
140 OmyJC19ROGR    (1)    2 :  0.141 0.098 0.619 0.142 
141 OmyJC19ROGR    (0)    2 :  0.192 0.121 0.478 0.209 
142 OmyJC19ROGR    (0)    2 :  0.497 0.192 0.162 0.150 
143 OmyJC19ROGR    (0)    2 :  0.176 0.133 0.167 0.523 
144 OmyJC19ROGR    (0)    2 :  0.033 0.549 0.277 0.141 
145 OmyJC19ROGR    (0)    2 :  0.062 0.270 0.419 0.250 
146 OmyJC19ROGR    (1)    2 :  0.140 0.370 0.318 0.172 
147 OmyJC19ROGR    (0)    2 :  0.245 0.506 0.116 0.133 
148 OmyJC19ROGR    (0)    2 :  0.070 0.711 0.094 0.124 
149 OmyJC19ROGR    (0)    2 :  0.066 0.331 0.240 0.363 
150 OmyJC19ROGR    (1)    2 :  0.093 0.111 0.256 0.540 
151 OmyJC19ROGR    (0)    2 :  0.151 0.082 0.574 0.192 
152 OmyJC19ROGR    (0)    2 :  0.060 0.449 0.093 0.397 
153 OmyJC19ROGR    (0)    2 :  0.109 0.565 0.111 0.215 
154 OmyJC19ROGR    (0)    2 :  0.134 0.454 0.242 0.170 
155 OmyJC19ROGR    (0)    2 :  0.081 0.110 0.591 0.218 
156 OmyJC19ROGR    (0)    2 :  0.108 0.288 0.127 0.477 
157 OmyJC19ROGR    (0)    2 :  0.293 0.141 0.296 0.270 
158 OmyJC19ROGR    (0)    2 :  0.025 0.303 0.134 0.539 
159 OmyJC19ROGR    (0)    2 :  0.056 0.160 0.199 0.586 
160 OmyJC19ROGR    (0)    2 :  0.142 0.231 0.411 0.215 
161 OmyJC19ROGR    (1)    2 :  0.046 0.703 0.126 0.125 
162 OmyJC19ROGR    (0)    2 :  0.294 0.294 0.128 0.284 
163 OmyJC19ROGR    (0)    2 :  0.142 0.529 0.136 0.192 
164 OmyJC19ROGR    (0)    2 :  0.036 0.449 0.296 0.219 
165 OmyJC19ROGR    (0)    2 :  0.044 0.268 0.199 0.490 
166 OmyJC19ROGR    (0)    2 :  0.094 0.106 0.329 0.471 
167 OmyJC19ROGR    (0)    2 :  0.178 0.360 0.155 0.307 
168 OmyJC19ROGR    (0)    2 :  0.135 0.187 0.423 0.255 
169 OmyJC19ROGR    (0)    2 :  0.876 0.027 0.052 0.045 
170 OmyJC19ROGR    (0)    2 :  0.126 0.174 0.298 0.402 
171 OmyJC19ROGR    (0)    2 :  0.074 0.236 0.245 0.446 
172 OmyJC19ROGR    (0)    2 :  0.322 0.362 0.163 0.153 
173 OmyJC19ROGR    (0)    2 :  0.836 0.049 0.055 0.060 
174 OmyJC19ROGR    (0)    2 :  0.052 0.122 0.502 0.324 
175 OmyJC19ROGR    (0)    2 :  0.056 0.110 0.312 0.522 
176 OmyJC19ROGR    (0)    2 :  0.270 0.368 0.237 0.125 
177 OmyJC19ROGR    (0)    2 :  0.027 0.735 0.062 0.176 
178 OmyJC19ROGR    (0)    2 :  0.074 0.221 0.478 0.228 
179 OmyJC19ROGR    (0)    2 :  0.067 0.156 0.402 0.376 
180 OmyJC19ROGR    (0)    2 :  0.840 0.062 0.050 0.048 
181 OmyJC19ROGR    (0)    2 :  0.122 0.113 0.395 0.370 
182 OmyJC19ROGR    (0)    2 :  0.107 0.449 0.324 0.119 
183 OmyJC19ROGR    (0)    2 :  0.079 0.355 0.242 0.324 
184 OmyJC19ROGR    (0)    2 :  0.731 0.102 0.080 0.086 
185 OmyJC19ROGR    (0)    2 :  0.032 0.109 0.752 0.107 
186 OmyJC19ROGR    (0)    2 :  0.357 0.211 0.216 0.216 
187 OmyJC19ROGR    (0)    2 :  0.069 0.077 0.183 0.670 
188 OmyJC19ROGR    (0)    2 :  0.065 0.227 0.325 0.383 
189 OmyJC19ROGR    (0)    2 :  0.337 0.165 0.161 0.336 
190 OmyJC19ROGR    (0)    2 :  0.125 0.501 0.181 0.193 
191 OmyJC19ROGR    (0)    2 :  0.091 0.164 0.146 0.599 
192 OmyJC19ROGR    (0)    2 :  0.052 0.171 0.486 0.292 
193 OmyJC19ROGR    (0)    2 :  0.271 0.468 0.141 0.119 
194 OmyJC19ROGR    (0)    2 :  0.037 0.574 0.229 0.160 
195 OmyJC19ROGR    (0)    2 :  0.776 0.037 0.086 0.101 
196 OmyJC19ROGR    (0)    2 :  0.055 0.052 0.316 0.577 
197 OmyJC19ROGR    (0)    2 :  0.072 0.262 0.392 0.274 
198 OmyJC19ROGR    (0)    2 :  0.821 0.064 0.053 0.063 
199 OmyJC19ROGR    (0)    2 :  0.045 0.347 0.411 0.196 
200 OmyJC19ROGR    (0)    2 :  0.252 0.231 0.201 0.317 
201 OmyJC19ROGR    (0)    2 :  0.040 0.389 0.358 0.213 
202 OmyJC19ROGR    (0)    2 :  0.038 0.416 0.165 0.381 
203 OmyJC19ROGR    (0)    2 :  0.055 0.099 0.142 0.704 
204 OmyJC19ROGR    (0)    2 :  0.145 0.209 0.284 0.361 
205 OmyJC19ROGR    (0)    2 :  0.189 0.310 0.221 0.279 
206 OmyJC19ROGR    (0)    2 :  0.881 0.035 0.054 0.030 
207 OmyJC19ROGR    (0)    2 :  0.459 0.304 0.153 0.085 
208 OmyJC19ROGR    (0)    2 :  0.074 0.306 0.411 0.210 
209 OmyJC19ROGR    (0)    2 :  0.407 0.256 0.223 0.113 
210 OmyJC19ROGR    (0)    2 :  0.859 0.032 0.046 0.063 
211 OmyJC19ROGR    (0)    2 :  0.184 0.396 0.277 0.143 
212 OmyJC19ROGR    (1)    2 :  0.248 0.583 0.064 0.104 
213 OmyJC19ROGR    (1)    2 :  0.135 0.090 0.454 0.320 
214 OmyJC19ROGR    (0)    2 :  0.173 0.502 0.127 0.199 
215 OmyJC19ROGR    (0)    2 :  0.042 0.142 0.347 0.470 
216 OmyJC19ROGR    (0)    2 :  0.530 0.217 0.153 0.099 
217 OmyJC19ROGR    (0)    2 :  0.614 0.114 0.149 0.123 
218 OmyJC19ROGR    (0)    2 :  0.074 0.105 0.174 0.646 
219 OmyJC19ROGR    (0)    2 :  0.280 0.346 0.245 0.129 
220 OmyJC19ROGR    (0)    2 :  0.025 0.594 0.203 0.178 
221 OmyJC19ROGR    (0)    2 :  0.204 0.532 0.105 0.159 
222 OmyJC19ROGR    (0)    2 :  0.061 0.227 0.498 0.215 
223 OmyJC19ROGR    (0)    2 :  0.163 0.370 0.267 0.201 
224 OmyJC19ROGR    (1)    2 :  0.113 0.162 0.485 0.240 
225 OmyJC19ROGR    (0)    2 :  0.780 0.144 0.040 0.036 
226 OmyJC19ROGR    (0)    2 :  0.418 0.059 0.313 0.210 
227 OmyJC19ROGR    (0)    2 :  0.860 0.033 0.044 0.063 
228 OmyJC19ROGR    (0)    2 :  0.072 0.297 0.401 0.230 
229 OmyJC19ROGR    (0)    2 :  0.063 0.195 0.138 0.604 
230 OmyJC19ROGR    (0)    2 :  0.260 0.254 0.201 0.286 
231 OmyJC19ROGR    (0)    2 :  0.190 0.376 0.226 0.208 
232 OmyJC19ROGR    (2)    2 :  0.146 0.396 0.232 0.227 
233 OmyJC19ROGR    (0)    2 :  0.254 0.351 0.173 0.222 
234 OmyJC19ROGR    (0)    2 :  0.898 0.032 0.033 0.038 
235 OmyJC19ROGR    (0)    2 :  0.714 0.085 0.119 0.082 
236 OmyJC19ROGR    (0)    2 :  0.057 0.772 0.107 0.065 
237 OmyJC19ROGR    (0)    2 :  0.148 0.536 0.234 0.082 
238 OmyJC19ROGR    (0)    2 :  0.096 0.736 0.090 0.078 
239 OmyJC19ROGR    (0)    2 :  0.068 0.267 0.566 0.100 
240 OmyJC19ROGR    (0)    2 :  0.116 0.187 0.332 0.364 
241 OmyJC19ROGR    (0)    2 :  0.297 0.111 0.326 0.266 
242 OmyJC19ROGR    (0)    2 :  0.037 0.597 0.237 0.129 
243 OmyJC19ROGR    (0)    2 :  0.070 0.214 0.243 0.473 
244 OmyJC19ROGR    (0)    2 :  0.067 0.156 0.175 0.602 
245 OmyJC19ROGR    (0)    2 :  0.860 0.042 0.046 0.052 
246 OmyJC19ROGR    (0)    2 :  0.206 0.298 0.157 0.338 
247 OmyJC19ROGR    (0)    2 :  0.687 0.077 0.087 0.149 
248 OmyJC19ROGR    (0)    2 :  0.414 0.066 0.327 0.192 
249 OmyJC19ROGR    (0)    2 :  0.122 0.093 0.200 0.585 
250 OmyJC19ROGR    (0)    2 :  0.137 0.114 0.315 0.433 
251 OmyJC19ROGR    (0)    2 :  0.097 0.082 0.289 0.532 
252 OmyJC19ROGR    (0)    2 :  0.130 0.393 0.308 0.168 
253 OmyJC19ROGR    (0)    2 :  0.146 0.073 0.553 0.229 
254 OmyJC19ROGR    (0)    2 :  0.171 0.125 0.273 0.431 
255 OmyJC19ROGR    (0)    2 :  0.099 0.326 0.194 0.381 
256 OmyJC19ROGR    (0)    2 :  0.203 0.193 0.181 0.423 
257 OmyJC19ROGR    (0)    2 :  0.111 0.074 0.175 0.640 
258 OmyAC19ROGR    (0)    1 :  0.142 0.202 0.531 0.126 
259 OmyAC19ROGR    (0)    1 :  0.438 0.192 0.268 0.102 
260 OmyAC19ROGR    (0)    1 :  0.084 0.058 0.688 0.171 
261 OmyAC19ROGR    (0)    1 :  0.157 0.074 0.422 0.347 
262 OmyAC19ROGR    (0)    1 :  0.181 0.088 0.587 0.145 
263 OmyAC19ROGR    (0)    1 :  0.129 0.312 0.147 0.412 
264 OmyAC19ROGR    (0)    1 :  0.097 0.115 0.266 0.522 
265 OmyAC19ROGR    (0)    1 :  0.070 0.072 0.153 0.705 
266 OmyAC19ROGR    (0)    1 :  0.049 0.100 0.263 0.589 
267 OmyAC19ROGR    (0)    1 :  0.324 0.063 0.166 0.447 
268 OmyAC19ROGR    (0)    1 :  0.191 0.298 0.217 0.295 
269 OmyAC19ROGR    (1)    1 :  0.226 0.097 0.300 0.377 
270 OmyAC19ROGR    (0)    1 :  0.076 0.061 0.171 0.691 
271 OmyAC19ROGR    (0)    1 :  0.459 0.114 0.155 0.272 
272 OmyAC19ROGR    (0)    1 :  0.250 0.236 0.269 0.245 
273 OmyAC19ROGR    (0)    1 :  0.051 0.173 0.493 0.284 
274 OmyAC19ROGR    (0)    1 :  0.652 0.084 0.119 0.144 
275 OmyAC19ROGR    (0)    1 :  0.108 0.653 0.164 0.075 
276 OmyAC19ROGR    (0)    1 :  0.126 0.213 0.281 0.380 
277 OmyAC19ROGR    (0)    1 :  0.241 0.171 0.421 0.167 
278 OmyAC19ROGR    (0)    1 :  0.303 0.408 0.100 0.189 
279 OmyAC19ROGR    (0)    1 :  0.237 0.366 0.334 0.062 
280 OmyAC19ROGR    (0)    1 :  0.256 0.148 0.330 0.267 
281 OmyAC19ROGR    (0)    1 :  0.089 0.146 0.208 0.557 
282 OmyAC19ROGR    (0)    1 :  0.266 0.165 0.374 0.195 
283 OmyAC19ROGR    (0)    1 :  0.166 0.229 0.190 0.414 
284 OmyAC19ROGR    (0)    1 :  0.057 0.099 0.107 0.737 
285 OmyAC19ROGR    (0)    1 :  0.091 0.204 0.270 0.435 
286 OmyAC19ROGR    (0)    1 :  0.055 0.149 0.394 0.402 
287 OmyAC19ROGR    (0)    1 :  0.922 0.019 0.036 0.023 
288 OmyAC19ROGR    (0)    1 :  0.614 0.307 0.037 0.041 
289 OmyAC19ROGR    (0)    1 :  0.171 0.137 0.197 0.495 
290 OmyAC19ROGR    (1)    1 :  0.899 0.039 0.035 0.027 
291 OmyAC19ROGR    (0)    1 :  0.451 0.108 0.170 0.271 
292 OmyAC19ROGR    (0)    1 :  0.189 0.138 0.401 0.271 
293 OmyAC19ROGR    (0)    1 :  0.094 0.496 0.151 0.258 
294 OmyAC19ROGR    (0)    1 :  0.355 0.057 0.178 0.409 
295 OmyAC19ROGR    (0)    1 :  0.052 0.049 0.642 0.257 
296 OmyAC19ROGR    (0)    1 :  0.067 0.597 0.241 0.095 
297 OmyAC19ROGR    (0)    1 :  0.598 0.048 0.140 0.214 
298 OmyAC19ROGR    (0)    1 :  0.082 0.267 0.358 0.293 
299 OmyAC19ROGR    (0)    1 :  0.240 0.190 0.238 0.332 
300 OmyAC19ROGR    (0)    1 :  0.101 0.191 0.221 0.487 
301 OmyAC19ROGR    (0)    1 :  0.827 0.038 0.065 0.070 
302 OmyAC19ROGR    (0)    1 :  0.593 0.159 0.096 0.152 
303 OmyAC19ROGR    (0)    1 :  0.148 0.144 0.332 0.375 
304 OmyAC19ROGR    (0)    1 :  0.341 0.424 0.135 0.099 
305 OmyAC19ROGR    (0)    1 :  0.082 0.160 0.172 0.587 
306 OmyAC19ROGR    (0)    1 :  0.540 0.065 0.202 0.193 
307 OmyAC19ROGR    (1)    1 :  0.068 0.316 0.207 0.409 
308 OmyAC19ROGR    (0)    1 :  0.227 0.164 0.316 0.293 
309 OmyAC19ROGR    (0)    1 :  0.750 0.043 0.100 0.107 
310 OmyAC19ROGR    (0)    1 :  0.362 0.090 0.281 0.267 
311 OmyAC19ROGR    (0)    1 :  0.605 0.087 0.239 0.068 
312 OmyAC19ROGR    (0)    1 :  0.092 0.141 0.218 0.550 
313 OmyAC19ROGR    (0)    1 :  0.110 0.267 0.293 0.330 
314 OmyAC19ROGR    (0)    1 :  0.195 0.312 0.239 0.253 
315 OmyAC19ROGR    (0)    1 :  0.178 0.075 0.329 0.418 
316 OmyAC19ROGR    (0)    1 :  0.054 0.061 0.232 0.653 
317 OmyAC19ROGR    (0)    1 :  0.054 0.652 0.166 0.128 
318 OmyAC19ROGR    (0)    1 :  0.039 0.350 0.308 0.303 
319 OmyAC19ROGR    (0)    1 :  0.041 0.237 0.297 0.424 
320 OmyAC19ROGR    (0)    1 :  0.036 0.291 0.142 0.532 
321 OmyAC19ROGR    (0)    1 :  0.052 0.192 0.410 0.346 
322 OmyAC19ROGR    (0)    1 :  0.343 0.064 0.521 0.073 
323 OmyAC19ROGR    (0)    1 :  0.093 0.150 0.625 0.132 
324 OmyAC19ROGR    (0)    1 :  0.051 0.087 0.238 0.625 
325 OmyAC19ROGR    (0)    1 :  0.289 0.098 0.261 0.352 
326 OmyAC19ROGR    (0)    1 :  0.074 0.099 0.209 0.618 
327 OmyAC19ROGR    (0)    1 :  0.060 0.083 0.247 0.611 
328 OmyAC20ROGR    (0)    1 :  0.070 0.413 0.233 0.284 
329 OmyAC20ROGR    (0)    1 :  0.200 0.289 0.191 0.320 
330 OmyAC20ROGR    (0)    1 :  0.238 0.271 0.241 0.250 
331 OmyAC20ROGR    (0)    1 :  0.631 0.087 0.103 0.179 
332 OmyAC20ROGR    (0)    1 :  0.283 0.157 0.224 0.335 
333 OmyAC20ROGR    (0)    1 :  0.272 0.064 0.120 0.545 
334 OmyAC20ROGR    (0)    1 :  0.109 0.090 0.188 0.612 
335 OmyAC20ROGR    (0)    1 :  0.057 0.134 0.439 0.370 
336 OmyAC20ROGR    (0)    1 :  0.225 0.169 0.246 0.361 
337 OmyAC20ROGR    (0)    1 :  0.545 0.157 0.173 0.126 
338 OmyAC20ROGR    (0)    1 :  0.154 0.076 0.342 0.428 
339 OmyAC20ROGR    (0)    1 :  0.119 0.256 0.388 0.237 
340 OmyAC20ROGR    (0)    1 :  0.099 0.181 0.196 0.524 
341 OmyAC20ROGR    (0)    1 :  0.084 0.537 0.233 0.146 
342 OmyAC20ROGR    (0)    1 :  0.247 0.289 0.220 0.245 
343 OmyAC20ROGR    (0)    1 :  0.073 0.616 0.114 0.196 
344 OmyAC20ROGR    (0)    1 :  0.341 0.199 0.176 0.283 
345 OmyAC20ROGR    (1)    1 :  0.191 0.048 0.487 0.274 
346 OmyAC20ROGR    (0)    1 :  0.295 0.078 0.199 0.428 
347 OmyAC20ROGR    (0)    1 :  0.350 0.230 0.234 0.186 
348 OmyAC20ROGR    (0)    1 :  0.192 0.429 0.131 0.247 
349 OmyAC20ROGR    (0)    1 :  0.057 0.412 0.222 0.308 
350 OmyAC20ROGR    (0)    1 :  0.102 0.715 0.091 0.093 
351 OmyAC20ROGR    (0)    1 :  0.112 0.119 0.358 0.411 
352 OmyAC20ROGR    (0)    1 :  0.079 0.172 0.470 0.278 
353 OmyAC20ROGR    (0)    1 :  0.148 0.118 0.264 0.470 
354 OmyAC20ROGR    (0)    1 :  0.394 0.312 0.187 0.108 
355 OmyAC20ROGR    (0)    1 :  0.152 0.636 0.083 0.129 
356 OmyAC20ROGR    (0)    1 :  0.307 0.116 0.252 0.325 
357 OmyAC20ROGR    (0)    1 :  0.090 0.255 0.272 0.382 
358 OmyAC20ROGR    (0)    1 :  0.072 0.210 0.426 0.291 
359 OmyAC20ROGR    (0)    1 :  0.443 0.221 0.256 0.081 
360 OmyAC20ROGR    (0)    1 :  0.221 0.143 0.362 0.274 
361 OmyAC20ROGR    (0)    1 :  0.058 0.512 0.231 0.199 
362 OmyAC20ROGR    (0)    1 :  0.179 0.152 0.390 0.279 
363 OmyAC20ROGR    (0)    1 :  0.434 0.335 0.095 0.137 
364 OmyAC20ROGR    (1)    1 :  0.103 0.247 0.333 0.317 
365 OmyAC20ROGR    (0)    1 :  0.066 0.157 0.404 0.373 
366 OmyAC20ROGR    (0)    1 :  0.044 0.084 0.263 0.609 
367 OmyAC20ROGR    (0)    1 :  0.103 0.078 0.649 0.170 
368 OmyAC20ROGR    (0)    1 :  0.080 0.221 0.540 0.159 
369 OmyAC20ROGR    (0)    1 :  0.355 0.309 0.209 0.127 
370 OmyAC20ROGR    (0)    1 :  0.704 0.069 0.166 0.062 
371 OmyAC20ROGR    (0)    1 :  0.788 0.067 0.073 0.072 
372 OmyAC20ROGR    (2)    1 :  0.835 0.047 0.064 0.055 
373 OmyAC20ROGR    (0)    1 :  0.651 0.180 0.099 0.070 
374 OmyAC20ROGR    (0)    1 :  0.043 0.169 0.481 0.307 
375 OmyAC20ROGR    (0)    1 :  0.183 0.166 0.236 0.415 
376 OmyAC20ROGR    (0)    1 :  0.272 0.231 0.301 0.195 
377 OmyAC20ROGR    (0)    1 :  0.054 0.180 0.212 0.554 
378 OmyAC20ROGR    (0)    1 :  0.051 0.290 0.353 0.306 
379 OmyAC20ROGR    (0)    1 :  0.498 0.146 0.179 0.176 
380 OmyAC20ROGR    (0)    1 :  0.053 0.064 0.224 0.659 
381 OmyAC20ROGR    (0)    1 :  0.204 0.165 0.362 0.269 
382 OmyAC20ROGR    (0)    1 :  0.818 0.061 0.056 0.065 
383 OmyAC20ROGR    (0)    1 :  0.154 0.055 0.326 0.465 
384 OmyAC20ROGR    (0)    1 :  0.481 0.145 0.173 0.201 
385 OmyAC20ROGR    (0)    1 :  0.298 0.229 0.296 0.177 
386 OmyAC20ROGR    (0)    1 :  0.339 0.091 0.261 0.309 
387 OmyAC20ROGR    (0)    1 :  0.518 0.075 0.167 0.241 
388 OmyAC20ROGR    (0)    1 :  0.501 0.126 0.143 0.230 
389 OmyAC20ROGR    (0)    1 :  0.080 0.087 0.146 0.688 
390 OmyAC20ROGR    (0)    1 :  0.029 0.771 0.103 0.097 
391 OmyAC20ROGR    (0)    1 :  0.592 0.241 0.086 0.081 
392 OmyAC20ROGR    (0)    1 :  0.459 0.184 0.210 0.147 
393 OmyAC20ROGR    (0)    1 :  0.152 0.368 0.190 0.290 
394 OmyAC20ROGR    (0)    1 :  0.190 0.217 0.491 0.103 
395 OmyAC20ROGR    (0)    1 :  0.132 0.361 0.326 0.181 
396 OmyAC20ROGR    (0)    1 :  0.136 0.287 0.317 0.260 
397 OmyAC20ROGR    (0)    1 :  0.267 0.080 0.373 0.280 
398 OmyAC20ROGR    (0)    1 :  0.630 0.061 0.130 0.179 
399 OmyAC20ROGR    (0)    1 :  0.243 0.064 0.528 0.166 
400 OmyAC20ROGR    (0)    1 :  0.172 0.075 0.343 0.409 
401 OmyAC20ROGR    (0)    1 :  0.746 0.114 0.082 0.057 
402 OmyAC20ROGR    (0)    1 :  0.029 0.506 0.198 0.267 
403 OmyAC20ROGR    (0)    1 :  0.196 0.264 0.358 0.181 
404 OmyAC20ROGR    (0)    1 :  0.036 0.135 0.147 0.683 
405 OmyAC20ROGR    (0)    1 :  0.476 0.262 0.180 0.082 
406 OmyAC20ROGR    (0)    1 :  0.084 0.362 0.344 0.210 
407 OmyAC20ROGR    (0)    1 :  0.076 0.066 0.537 0.321 
408 OmyAC20ROGR    (0)    1 :  0.175 0.659 0.083 0.083 
409 OmyAC20ROGR    (0)    1 :  0.067 0.106 0.177 0.650 
410 OmyAC20ROGR    (0)    1 :  0.799 0.036 0.076 0.090 
411 OmyAC20ROGR    (0)    1 :  0.676 0.093 0.109 0.123 
412 OmyAC20ROGR    (0)    1 :  0.288 0.157 0.127 0.428 
413 OmyAC20ROGR    (0)    1 :  0.158 0.083 0.265 0.494 
414 OmyAC20ROGR    (0)    1 :  0.435 0.143 0.273 0.149 
415 OmyAC20ROGR    (0)    1 :  0.076 0.147 0.473 0.304 
416 OmyAC20ROGR    (0)    1 :  0.089 0.096 0.174 0.641 
417 OmyAC20ROGR    (0)    1 :  0.044 0.136 0.234 0.587 
418 OmyAC20ROGR    (0)    1 :  0.250 0.139 0.271 0.340 
419 OmyAC20ROGR    (0)    1 :  0.529 0.197 0.157 0.117 
420 OmyAC20ROGR    (0)    1 :  0.076 0.631 0.225 0.068 
421 OmyAC20ROGR    (0)    1 :  0.145 0.091 0.289 0.476 
422 OmyAC20ROGR    (0)    1 :  0.854 0.041 0.050 0.055 
423 OmyAC20ROGR    (0)    1 :  0.067 0.063 0.472 0.397 
424 OmyAC20ROGR    (0)    1 :  0.056 0.474 0.363 0.107 
425 OmyAC20ROGR    (0)    1 :  0.830 0.058 0.056 0.056 
426 OmyAC20ROGR    (0)    1 :  0.093 0.053 0.187 0.667 
427 OmyAC20ROGR    (0)    1 :  0.120 0.123 0.377 0.381 
428 OmyAC20ROGR    (0)    1 :  0.806 0.042 0.078 0.074 
429 OmyAC20ROGR    (0)    1 :  0.051 0.522 0.176 0.251 
430 OmyAC20ROGR    (0)    1 :  0.129 0.183 0.505 0.183 
431 OmyAC20ROGR    (0)    1 :  0.582 0.085 0.189 0.144 
432 OmyAC20ROGR    (0)    1 :  0.860 0.039 0.048 0.053 
433 OmyAC20ROGR    (0)    1 :  0.724 0.168 0.059 0.049 
434 OmyAC20ROGR    (0)    1 :  0.430 0.083 0.280 0.207 
435 OmyAC20ROGR    (0)    1 :  0.069 0.084 0.384 0.464 
436 OmyAC20ROGR    (0)    1 :  0.116 0.062 0.422 0.401 
437 OmyAC20ROGR    (0)    1 :  0.702 0.111 0.083 0.104 
438 OmyAC20ROGR    (0)    1 :  0.412 0.125 0.342 0.122 
439 OmyAC20ROGR    (0)    1 :  0.108 0.050 0.711 0.131 
440 OmyAC20ROGR    (0)    1 :  0.651 0.069 0.108 0.171 
441 OmyAC20ROGR    (0)    1 :  0.061 0.398 0.416 0.125 
442 OmyAC20ROGR    (0)    1 :  0.154 0.159 0.523 0.164 
443 OmyAC20ROGR    (0)    1 :  0.069 0.082 0.712 0.137 
444 OmyAC20ROGR    (0)    1 :  0.297 0.059 0.143 0.501 
445 OmyAC20ROGR    (0)    1 :  0.213 0.281 0.363 0.143 
446 OmyJC18ROGR    (0)    2 :  0.381 0.285 0.131 0.203 
447 OmyJC18ROGR    (0)    2 :  0.166 0.226 0.206 0.402 
448 OmyJC18ROGR    (0)    2 :  0.160 0.139 0.472 0.229 
449 OmyJC18ROGR    (0)    2 :  0.605 0.271 0.072 0.052 
450 OmyJC18ROGR    (0)    2 :  0.648 0.103 0.160 0.089 
451 OmyJC18ROGR    (0)    2 :  0.816 0.037 0.084 0.064 
452 OmyJC18ROGR    (0)    2 :  0.371 0.112 0.342 0.175 
453 OmyJC18ROGR    (0)    2 :  0.039 0.810 0.081 0.071 
454 OmyJC18ROGR    (0)    2 :  0.790 0.067 0.081 0.063 
455 OmyJC18ROGR    (0)    2 :  0.140 0.154 0.163 0.543 
456 OmyJC18ROGR    (0)    2 :  0.835 0.044 0.067 0.054 
457 OmyJC18ROGR    (0)    2 :  0.143 0.054 0.250 0.553 
458 OmyJC18ROGR    (0)    2 :  0.183 0.559 0.130 0.127 
459 OmyJC18ROGR    (1)    2 :  0.039 0.094 0.227 0.641 
460 OmyJC18ROGR    (2)    2 :  0.218 0.183 0.415 0.184 
461 OmyJC18ROGR    (2)    2 :  0.430 0.108 0.272 0.190 
462 OmyJC18ROGR    (3)    2 :  0.297 0.301 0.305 0.097 
463 OmyJC18ROGR    (0)    2 :  0.730 0.110 0.105 0.056 
464 OmyJC18ROGR    (4)    2 :  0.041 0.129 0.198 0.633 
465 OmyJC18ROGR    (3)    2 :  0.136 0.235 0.329 0.301 
466 OmyJC18ROGR    (0)    2 :  0.184 0.170 0.470 0.176 
467 OmyJC18ROGR    (0)    2 :  0.110 0.124 0.293 0.473 
468 OmyJC18ROGR    (0)    2 :  0.176 0.486 0.196 0.142 
469 OmyJC18ROGR    (0)    2 :  0.813 0.033 0.089 0.065 
470 OmyJC18ROGR    (5)    2 :  0.519 0.153 0.181 0.146 
471 OmyJC18ROGR    (1)    2 :  0.199 0.129 0.512 0.160 
472 OmyJC18ROGR    (2)    2 :  0.132 0.107 0.496 0.265 
473 OmyJC18ROGR    (3)    2 :  0.066 0.277 0.311 0.345 
474 OmyJC18ROGR    (0)    2 :  0.056 0.790 0.066 0.087 
475 OmyJC18ROGR    (2)    2 :  0.465 0.184 0.218 0.133 
476 OmyJC18ROGR    (1)    2 :  0.060 0.100 0.653 0.187 
477 OmyJC18ROGR    (4)    2 :  0.248 0.400 0.262 0.090 
478 OmyJC18ROGR    (0)    2 :  0.105 0.182 0.268 0.445 
479 OmyJC18ROGR    (0)    2 :  0.051 0.099 0.489 0.361 
480 OmyJC18ROGR    (1)    2 :  0.176 0.184 0.189 0.451 
481 OmyJC18ROGR    (3)    2 :  0.121 0.265 0.430 0.183 
482 OmyJC18ROGR    (3)    2 :  0.042 0.565 0.256 0.137 
483 OmyJC18ROGR    (4)    2 :  0.061 0.371 0.405 0.163 
484 OmyJC18ROGR    (4)    2 :  0.079 0.179 0.529 0.214 
485 OmyJC18ROGR    (3)    2 :  0.478 0.165 0.150 0.207 
486 OmyJC18ROGR    (3)    2 :  0.453 0.183 0.213 0.151 
487 OmyJC18ROGR    (1)    2 :  0.162 0.433 0.142 0.263 
488 OmyJC18ROGR    (5)    2 :  0.095 0.175 0.330 0.399 
489 OmyJC18ROGR    (0)    2 :  0.060 0.166 0.585 0.188 
490 OmyJC18ROGR    (3)    2 :  0.129 0.128 0.608 0.134 
491 OmyJC18ROGR    (7)    2 :  0.111 0.725 0.096 0.068 
492 OmyJC18ROGR    (6)    2 :  0.044 0.745 0.096 0.116 
493 OmyJC18ROGR    (3)    2 :  0.165 0.101 0.409 0.325 
494 OmyJC18ROGR    (3)    2 :  0.786 0.057 0.081 0.076 
495 OmyJC18ROGR    (5)    2 :  0.367 0.148 0.150 0.336 
496 OmyJC18ROGR    (0)    2 :  0.152 0.206 0.318 0.323 
497 OmyJC18ROGR    (5)    2 :  0.039 0.648 0.191 0.122 
498 OmyJC18ROGR    (6)    2 :  0.152 0.105 0.623 0.120 
499 OmyJC18ROGR    (0)    2 :  0.063 0.087 0.546 0.304 
500 OmyJC18ROGR    (1)    2 :  0.087 0.578 0.186 0.149 
501 OmyJC18ROGR    (4)    2 :  0.473 0.112 0.255 0.160 
502 OmyJC18ROGR    (2)    2 :  0.264 0.312 0.270 0.154 
503 OmyJC18ROGR    (5)    2 :  0.079 0.376 0.352 0.192 
504 OmyJC18ROGR    (2)    2 :  0.275 0.164 0.481 0.079 
505 OmyJC18ROGR    (0)    2 :  0.345 0.175 0.211 0.270 
506 OmyJC18ROGR    (8)    2 :  0.097 0.401 0.337 0.166 
507 OmyJC18ROGR    (0)    2 :  0.192 0.363 0.250 0.194 
508 OmyJC18ROGR    (0)    2 :  0.223 0.439 0.175 0.163 
509 OmyJC18ROGR    (1)    2 :  0.882 0.037 0.037 0.043 
510 OmyJC18ROGR    (1)    2 :  0.135 0.153 0.482 0.230 
511 OmyJC18ROGR    (5)    2 :  0.217 0.286 0.224 0.273 
512 OmyJC18ROGR    (2)    2 :  0.791 0.081 0.071 0.057 
513 OmyJC18ROGR    (9)    2 :  0.371 0.247 0.114 0.267 
514 OmyJC18ROGR    (4)    2 :  0.439 0.264 0.123 0.174 
515 OmyJC18ROGR    (1)    2 :  0.122 0.461 0.169 0.248 
516 OmyJC18ROGR    (3)    2 :  0.210 0.134 0.323 0.333 
517 OmyJC18ROGR    (3)    2 :  0.527 0.145 0.223 0.105 
518 OmyJC18ROGR    (0)    2 :  0.099 0.560 0.219 0.122 
519 OmyJC18ROGR    (9)    2 :  0.091 0.247 0.179 0.484 
520 OmyJC18ROGR    (6)    2 :  0.144 0.142 0.610 0.104 
521 OmyJC18ROGR    (2)    2 :  0.176 0.274 0.316 0.234 
522 OmyJC18ROGR    (1)    2 :  0.148 0.107 0.505 0.239 
523 OmyJC18ROGR    (4)    2 :  0.124 0.235 0.320 0.321 
524 OmyJC18ROGR    (0)    2 :  0.113 0.059 0.357 0.471 
525 OmyJC18ROGR    (2)    2 :  0.093 0.352 0.261 0.294 
526 OmyJC18ROGR    (3)    2 :  0.125 0.487 0.179 0.210 
527 OmyJC18ROGR    (0)    2 :  0.075 0.176 0.466 0.284 
528 OmyJC18ROGR    (0)    2 :  0.066 0.319 0.236 0.380 
529 OmyJC18ROGR    (1)    2 :  0.080 0.082 0.435 0.402 
530 OmyJC18ROGR    (0)    2 :  0.061 0.376 0.303 0.260 
531 OmyJC18ROGR    (0)    2 :  0.262 0.076 0.289 0.373 
532 OmyJC18ROGR    (2)    2 :  0.046 0.256 0.271 0.428 
533 OmyJC18ROGR    (2)    2 :  0.029 0.101 0.346 0.524 
534 OmyJC18ROGR    (2)    2 :  0.105 0.211 0.343 0.341 
535 OmyJC18ROGR    (0)    2 :  0.091 0.140 0.514 0.255 
536 OmyJC18ROGR    (0)    2 :  0.059 0.203 0.290 0.447 
537 OmyJC18ROGR    (0)    2 :  0.035 0.262 0.338 0.364 
538 OmyJC18ROGR    (0)    2 :  0.100 0.166 0.290 0.445 
539 OmyJC18ROGR    (0)    2 :  0.092 0.169 0.388 0.351 
540 OmyJC18ROGR    (8)    2 :  0.098 0.695 0.111 0.095 
541 OmyJC18ROGR    (1)    2 :  0.126 0.132 0.172 0.570 
542 OmyJC18ROGR    (1)    2 :  0.329 0.354 0.131 0.185 
543 OmyJC18ROGR    (0)    2 :  0.137 0.482 0.176 0.205 
544 OmyJC18ROGR    (2)    2 :  0.073 0.198 0.212 0.517 
545 OmyJC18ROGR    (1)    2 :  0.536 0.075 0.248 0.140 
546 OmyJC18ROGR    (9)    2 :  0.042 0.278 0.328 0.352 
547 OmyJC18ROGR    (0)    2 :  0.171 0.081 0.328 0.420 
548 OmyJC18ROGR    (0)    2 :  0.270 0.300 0.252 0.177 
549 OmyJC18ROGR    (0)    2 :  0.146 0.221 0.209 0.425 
550 OmyJC18ROGR    (1)    2 :  0.567 0.096 0.096 0.242 
551 OmyJC18ROGR    (1)    2 :  0.104 0.353 0.264 0.279 
552 OmyJC18ROGR    (2)    2 :  0.143 0.076 0.218 0.562 
553 OmyJC18ROGR   (10)    2 :  0.092 0.260 0.240 0.408 
554 OmyJC18ROGR    (2)    2 :  0.080 0.361 0.308 0.251 
555 OmyJC18ROGR    (4)    2 :  0.077 0.355 0.352 0.216 
556 OmyJC18ROGR    (0)    2 :  0.140 0.350 0.171 0.339 
557 OmyJC18ROGR    (2)    2 :  0.273 0.147 0.448 0.133 
558 OmyJC18ROGR    (0)    2 :  0.330 0.074 0.283 0.313 
559 OmyJC18ROGR    (0)    2 :  0.094 0.561 0.248 0.097 
560 OmyJC18ROGR    (8)    2 :  0.199 0.311 0.312 0.178 
561 OmyJC18ROGR    (0)    2 :  0.037 0.070 0.216 0.677 
562 OmyJC18ROGR    (8)    2 :  0.189 0.309 0.183 0.319 
563 OmyJC18ROGR    (2)    2 :  0.119 0.232 0.502 0.146 
564 OmyJC18ROGR    (4)    2 :  0.119 0.136 0.139 0.607 
565 OmyJC18ROGR    (3)    2 :  0.214 0.273 0.213 0.300 
566 OmyJC18ROGR    (1)    2 :  0.219 0.195 0.461 0.125 
567 OmyJC18ROGR    (0)    2 :  0.094 0.362 0.430 0.114 
568 OmyJC18ROGR    (5)    2 :  0.217 0.219 0.157 0.407 
569 OmyJC18ROGR    (2)    2 :  0.052 0.714 0.137 0.097 
570 OmyJC18ROGR    (0)    2 :  0.095 0.124 0.523 0.259 
571 OmyJC18ROGR    (2)    2 :  0.107 0.104 0.558 0.231 
572 OmyJC18ROGR    (6)    2 :  0.089 0.405 0.278 0.227 
573 OmyJC18ROGR    (5)    2 :  0.490 0.142 0.220 0.148 
574 OmyJC18ROGR    (8)    2 :  0.227 0.141 0.360 0.272 
575 OmyJC18ROGR    (3)    2 :  0.053 0.214 0.410 0.323 
576 OmyJC18ROGR    (0)    2 :  0.169 0.548 0.126 0.157 
577 OmyJC18ROGR    (0)    2 :  0.865 0.028 0.047 0.060 
578 OmyJC18ROGR    (1)    2 :  0.077 0.176 0.539 0.208 
579 OmyJC18ROGR    (0)    2 :  0.618 0.044 0.186 0.152 
580 OmyJC18ROGR    (0)    2 :  0.051 0.339 0.303 0.307 
581 OmyJC18ROGR    (6)    2 :  0.090 0.508 0.253 0.148 
582 OmyJC18ROGR    (7)    2 :  0.055 0.183 0.261 0.501 
583 OmyJC18ROGR    (3)    2 :  0.084 0.196 0.183 0.537 
584 OmyJC18ROGR    (5)    2 :  0.093 0.243 0.325 0.339 
585 OmyJC18ROGR    (1)    2 :  0.164 0.102 0.536 0.198 
586 OmyJC18ROGR    (2)    2 :  0.040 0.244 0.429 0.287 
587 OmyJC18ROGR    (0)    2 :  0.902 0.026 0.033 0.038 
588 OmyJC18ROGR    (0)    2 :  0.259 0.181 0.450 0.109 
589 OmyJC18ROGR    (1)    2 :  0.125 0.325 0.158 0.392 
590 OmyJC18ROGR    (2)    2 :  0.022 0.099 0.464 0.414 
591 OmyJC18ROGR    (0)    2 :  0.071 0.210 0.192 0.528 
592 OmyJC18ROGR    (4)    2 :  0.080 0.269 0.483 0.168 
593 OmyJC18ROGR    (0)    2 :  0.210 0.190 0.299 0.301 
594 OmyJC18ROGR    (1)    2 :  0.063 0.121 0.574 0.241 
595 OmyJC18ROGR    (0)    2 :  0.273 0.451 0.132 0.144 
596 OmyJC18ROGR    (0)    2 :  0.136 0.242 0.286 0.335 
597 OmyJC18ROGR    (0)    2 :  0.185 0.440 0.198 0.177 
598 OmyJC18ROGR    (0)    2 :  0.078 0.255 0.448 0.219 
599 OmyJC18ROGR    (0)    2 :  0.182 0.087 0.149 0.582 
600 OmyJC18ROGR    (0)    2 :  0.111 0.147 0.482 0.260 
601 OmyJC18ROGR    (0)    2 :  0.045 0.556 0.206 0.192 
602 OmyJC18ROGR    (0)    2 :  0.278 0.209 0.125 0.388 
603 OmyJC18ROGR    (0)    2 :  0.055 0.145 0.660 0.140 
604 OmyJC18ROGR    (0)    2 :  0.062 0.106 0.140 0.692 
605 OmyJC18ROGR    (0)    2 :  0.078 0.328 0.274 0.320 
606 OmyJC18ROGR    (0)    2 :  0.163 0.227 0.432 0.179 
607 OmyJC18ROGR    (0)    2 :  0.075 0.057 0.167 0.701 
608 OmyJC18ROGR    (0)    2 :  0.049 0.103 0.404 0.445 
609 OmyJC18ROGR    (0)    2 :  0.081 0.648 0.124 0.147 
610 OmyJC18ROGR    (6)    2 :  0.754 0.046 0.094 0.105 
611 OmyJC18ROGR    (0)    2 :  0.293 0.258 0.280 0.169 
612 OmyJC18ROGR    (3)    2 :  0.167 0.121 0.423 0.290 
613 OmyJC18ROGR    (0)    2 :  0.165 0.172 0.366 0.297 
614 OmyJC18ROGR    (0)    2 :  0.310 0.237 0.240 0.213 
615 OmyJC18ROGR    (0)    2 :  0.039 0.081 0.270 0.611 
616 OmyJC18ROGR    (0)    2 :  0.080 0.778 0.078 0.064 
617 OmyJC18ROGR    (0)    2 :  0.149 0.192 0.380 0.279 
618 OmyJC18ROGR    (0)    2 :  0.244 0.056 0.340 0.360 
619 OmyJC18ROGR    (0)    2 :  0.073 0.243 0.388 0.297 
620 OmyJC18ROGR    (0)    2 :  0.332 0.482 0.095 0.092 
621 OmyJC18ROGR    (2)    2 :  0.090 0.667 0.095 0.148 
622 OmyJC18ROGR    (3)    2 :  0.158 0.413 0.160 0.269 
623 OmyJC18ROGR    (1)    2 :  0.152 0.058 0.235 0.554 
624 OmyJC18ROGR    (2)    2 :  0.130 0.318 0.153 0.398 
625 OmyJC18ROGR    (1)    2 :  0.297 0.118 0.277 0.309 
626 OmyJC18ROGR    (9)    2 :  0.057 0.456 0.317 0.170 
627 OmyJC18ROGR    (0)    2 :  0.179 0.155 0.366 0.301 
628 OmyJC18ROGR    (0)    2 :  0.914 0.031 0.028 0.027 
629 OmyJC18ROGR    (2)    2 :  0.195 0.111 0.080 0.615 
630 OmyJC18ROGR    (1)    2 :  0.037 0.807 0.067 0.088 
631 OmyJC18ROGR    (4)    2 :  0.043 0.116 0.529 0.311 
632 OmyJC18ROGR    (0)    2 :  0.086 0.646 0.148 0.120 
633 OmyJC18ROGR    (7)    2 :  0.092 0.430 0.316 0.162 
634 OmyJC18ROGR    (2)    2 :  0.391 0.070 0.164 0.376 
635 OmyJC18ROGR    (0)    2 :  0.048 0.740 0.108 0.104 
636 OmyJC18ROGR    (0)    2 :  0.237 0.551 0.150 0.062 
637 OmyJC18ROGR    (0)    2 :  0.207 0.112 0.444 0.236 
638 OmyJC18ROGR    (0)    2 :  0.082 0.751 0.089 0.078 
639 OmyJC18ROGR    (1)    2 :  0.144 0.293 0.418 0.145 
640 OmyJC18ROGR    (2)    2 :  0.404 0.063 0.291 0.241 
641 OmyJC18ROGR    (1)    2 :  0.110 0.078 0.678 0.134 
642 OmyJC18ROGR    (3)    2 :  0.243 0.066 0.195 0.496 
643 OmyJC18ROGR    (1)    2 :  0.085 0.324 0.421 0.171 
644 OmyJC18ROGR   (10)    2 :  0.041 0.099 0.425 0.436 
645 OmyJC18ROGR    (6)    2 :  0.200 0.124 0.279 0.397 
646 OmyJC18ROGR    (0)    2 :  0.063 0.173 0.130 0.634 
647 OmyJC18ROGR    (2)    2 :  0.198 0.112 0.379 0.311 
648 OmyJC18ROGR    (0)    2 :  0.045 0.588 0.181 0.186 
649 OmyJC18ROGR    (0)    2 :  0.073 0.084 0.318 0.525 
650 OmyJC18ROGR    (1)    2 :  0.047 0.257 0.225 0.470 
651 OmyJC18ROGR    (6)    2 :  0.798 0.079 0.085 0.038 
652 OmyJC18ROGR    (1)    2 :  0.185 0.162 0.245 0.408 
653 OmyJC18ROGR    (4)    2 :  0.076 0.433 0.368 0.123 
654 OmyJC18ROGR    (1)    2 :  0.143 0.333 0.304 0.221 
655 OmyJC18ROGR    (4)    2 :  0.390 0.099 0.317 0.193 
656 OmyJC18ROGR    (0)    2 :  0.068 0.080 0.641 0.212 
657 OmyJC18ROGR    (0)    2 :  0.099 0.130 0.477 0.294 
658 OmyJC18ROGR    (0)    2 :  0.060 0.610 0.171 0.159 
659 OmyJC18ROGR    (7)    2 :  0.030 0.123 0.477 0.370 
660 OmyJC18ROGR    (4)    2 :  0.123 0.084 0.171 0.622 
661 OmyJC18ROGR    (3)    2 :  0.042 0.083 0.115 0.761 
662 OmyJC18ROGR    (2)    2 :  0.076 0.074 0.255 0.595 
663 OmyJC18ROGR    (2)    2 :  0.342 0.298 0.191 0.170 
664 OmyJC18ROGR    (0)    2 :  0.042 0.532 0.182 0.244 
665 OmyJC18ROGR    (1)    2 :  0.175 0.128 0.231 0.466 
666 OmyJC18ROGR    (0)    2 :  0.765 0.097 0.078 0.060 
667 OmyJC18ROGR    (0)    2 :  0.468 0.123 0.189 0.220 
668 OmyJC18ROGR    (1)    2 :  0.291 0.153 0.191 0.365 
669 OmyJC18ROGR    (5)    2 :  0.191 0.136 0.468 0.205 
670 OmyJC18ROGR   (10)    2 :  0.053 0.107 0.319 0.521 
671 OmyJC18ROGR    (3)    2 :  0.075 0.130 0.490 0.305 
672 OmyJC18ROGR    (0)    2 :  0.038 0.279 0.360 0.322 
673 OmyJC18ROGR    (6)    2 :  0.064 0.802 0.074 0.061 
674 OmyJC18ROGR    (0)    2 :  0.100 0.325 0.339 0.237 
675 OmyJC18ROGR    (0)    2 :  0.036 0.579 0.248 0.137 
676 OmyJC18ROGR    (1)    2 :  0.091 0.149 0.482 0.278 
677 OmyJC18ROGR    (4)    2 :  0.324 0.079 0.328 0.269 
