

----------------------------------------------------
STRUCTURE by Pritchard, Stephens and Donnelly (2000)
     and Falush, Stephens and Pritchard (2003)
       Code by Pritchard, Falush and Hubisz
             Version 2.3.4 (Jul 2012)
----------------------------------------------------



Command line arguments:   bin/structure -m "/Users/ddayan/FRA/half_pounder_2023/structure/halfpounder/10k_20k_adm_corr/mainparams" -e "/Users/ddayan/FRA/half_pounder_2023/structure/halfpounder/10k_20k_adm_corr/extraparams" 
Input File:    /Users/ddayan/FRA/half_pounder_2023/structure/halfpounder/project_data

Run parameters:
   1000 individuals
   233 loci
   5 populations assumed
   10000 Burn-in period
   20000 Reps


--------------------------------------------
Proportion of membership of each pre-defined
 population in each of the 5 clusters

Given    Inferred Clusters                     Number of
 Pop       1      2      3      4      5      Individuals

  1:     0.209  0.209  0.206  0.165  0.210      275
  2:     0.196  0.204  0.199  0.207  0.195      643
  3:     0.057  0.176  0.180  0.359  0.227       42
  4:     0.057  0.232  0.238  0.243  0.231       40
--------------------------------------------

Allele-freq. divergence among pops (Net nucleotide distance),
computed using point estimates of P.

      1       2       3       4       5      
 1      -    0.0085  0.0091  0.0128  0.0100  
 2   0.0085     -    0.0002  0.0030  0.0005  
 3   0.0091  0.0002     -    0.0035  0.0009  
 4   0.0128  0.0030  0.0035     -    0.0039  
 5   0.0100  0.0005  0.0009  0.0039     -    

Average distances (expected heterozygosity) between individuals in same cluster:
cluster  1  : 0.2817 
cluster  2  : 0.3141 
cluster  3  : 0.3138 
cluster  4  : 0.3058 
cluster  5  : 0.3103 

--------------------------------------------
Estimated Ln Prob of Data   = -217749.9
Mean value of ln likelihood = -214853.4
Variance of ln likelihood   = 5793.1
Mean value of alpha         = 0.2200

Mean value of Fst_1         = 0.0734
Mean value of Fst_2         = 0.0040
Mean value of Fst_3         = 0.0115
Mean value of Fst_4         = 0.0273
Mean value of Fst_5         = 0.0173


Inferred ancestry of individuals:
        Label (%Miss) Pop:  Inferred clusters
  1 OmyAC19ROGR    (0)    1 :  0.029 0.317 0.367 0.118 0.169 
  2 OmyAC19ROGR    (0)    1 :  0.101 0.285 0.361 0.047 0.205 
  3 OmyAC19ROGR    (0)    1 :  0.049 0.264 0.255 0.203 0.228 
  4 OmyAC19ROGR    (0)    1 :  0.024 0.203 0.131 0.054 0.588 
  5 OmyAC19ROGR    (1)    1 :  0.889 0.034 0.028 0.027 0.022 
  6 OmyAC19ROGR    (0)    1 :  0.312 0.163 0.098 0.278 0.149 
  7 OmyAC19ROGR    (0)    1 :  0.260 0.223 0.171 0.244 0.103 
  8 OmyAC19ROGR    (0)    1 :  0.023 0.139 0.104 0.645 0.088 
  9 OmyAC19ROGR    (0)    1 :  0.386 0.144 0.186 0.099 0.185 
 10 OmyAC19ROGR    (0)    1 :  0.366 0.169 0.276 0.058 0.132 
 11 OmyAC19ROGR    (0)    1 :  0.061 0.152 0.091 0.538 0.157 
 12 OmyAC19ROGR    (0)    1 :  0.225 0.232 0.257 0.103 0.182 
 13 OmyAC19ROGR    (0)    1 :  0.035 0.194 0.233 0.369 0.169 
 14 OmyAC19ROGR    (0)    1 :  0.155 0.190 0.333 0.193 0.129 
 15 OmyAC19ROGR    (0)    1 :  0.447 0.139 0.239 0.073 0.101 
 16 OmyAC19ROGR    (0)    1 :  0.072 0.206 0.124 0.365 0.233 
 17 OmyAC19ROGR    (0)    1 :  0.127 0.319 0.212 0.033 0.309 
 18 OmyAC19ROGR    (3)    1 :  0.017 0.223 0.436 0.167 0.157 
 19 OmyAC19ROGR    (0)    1 :  0.050 0.073 0.063 0.747 0.067 
 20 OmyAC19ROGR    (0)    1 :  0.299 0.217 0.220 0.037 0.227 
 21 OmyAC19ROGR    (0)    1 :  0.313 0.201 0.197 0.066 0.224 
 22 OmyAC19ROGR    (0)    1 :  0.072 0.150 0.129 0.490 0.158 
 23 OmyAC19ROGR    (0)    1 :  0.328 0.215 0.200 0.171 0.086 
 24 OmyAC19ROGR    (1)    1 :  0.032 0.186 0.237 0.165 0.380 
 25 OmyAC19ROGR    (0)    1 :  0.488 0.116 0.134 0.188 0.075 
 26 OmyAC19ROGR    (0)    1 :  0.086 0.275 0.273 0.263 0.103 
 27 OmyAC19ROGR    (2)    1 :  0.051 0.254 0.301 0.288 0.107 
 28 OmyAC19ROGR    (0)    1 :  0.058 0.238 0.180 0.095 0.429 
 29 OmyAC19ROGR    (0)    1 :  0.074 0.269 0.383 0.071 0.203 
 30 OmyAC19ROGR    (0)    1 :  0.424 0.235 0.167 0.104 0.070 
 31 OmyAC19ROGR    (0)    1 :  0.057 0.260 0.146 0.257 0.281 
 32 OmyAC19ROGR    (0)    1 :  0.145 0.215 0.295 0.078 0.266 
 33 OmyAC19ROGR    (0)    1 :  0.085 0.182 0.134 0.083 0.516 
 34 OmyAC19ROGR    (0)    1 :  0.474 0.153 0.122 0.093 0.158 
 35 OmyAC19ROGR    (0)    1 :  0.065 0.292 0.193 0.071 0.378 
 36 OmyAC19ROGR    (0)    1 :  0.046 0.145 0.181 0.554 0.074 
 37 OmyAC19ROGR    (0)    1 :  0.200 0.074 0.073 0.565 0.087 
 38 OmyAC19ROGR    (0)    1 :  0.558 0.135 0.105 0.136 0.067 
 39 OmyAC19ROGR    (0)    1 :  0.069 0.252 0.482 0.048 0.149 
 40 OmyAC19ROGR    (0)    1 :  0.416 0.171 0.160 0.080 0.172 
 41 OmyAC19ROGR    (0)    1 :  0.047 0.256 0.350 0.097 0.250 
 42 OmyAC19ROGR    (0)    1 :  0.756 0.067 0.051 0.058 0.068 
 43 OmyAC19ROGR    (0)    1 :  0.045 0.298 0.431 0.054 0.172 
 44 OmyAC19ROGR    (8)    1 :  0.039 0.301 0.158 0.150 0.352 
 45 OmyAC19ROGR    (2)    1 :  0.400 0.137 0.105 0.180 0.178 
 46 OmyAC19ROGR    (0)    1 :  0.079 0.169 0.112 0.194 0.446 
 47 OmyAC19ROGR    (0)    1 :  0.033 0.159 0.114 0.542 0.151 
 48 OmyAC19ROGR    (0)    1 :  0.031 0.297 0.376 0.154 0.142 
 49 OmyAC19ROGR    (0)    1 :  0.049 0.243 0.276 0.205 0.228 
 50 OmyAC19ROGR    (0)    1 :  0.032 0.229 0.469 0.031 0.238 
 51 OmyAC19ROGR    (2)    1 :  0.747 0.071 0.054 0.061 0.068 
 52 OmyAC19ROGR    (0)    1 :  0.787 0.055 0.067 0.046 0.044 
 53 OmyAC19ROGR    (1)    1 :  0.033 0.161 0.165 0.417 0.223 
 54 OmyAC19ROGR    (0)    1 :  0.081 0.220 0.322 0.102 0.275 
 55 OmyAC19ROGR    (4)    1 :  0.069 0.214 0.214 0.338 0.165 
 56 OmyAC19ROGR    (0)    1 :  0.166 0.202 0.118 0.354 0.160 
 57 OmyAC19ROGR    (0)    1 :  0.018 0.047 0.047 0.841 0.047 
 58 OmyAC19ROGR    (0)    1 :  0.554 0.064 0.064 0.277 0.041 
 59 OmyAC19ROGR    (0)    1 :  0.046 0.129 0.168 0.516 0.141 
 60 OmyAC19ROGR    (0)    1 :  0.115 0.144 0.101 0.551 0.088 
 61 OmyAC19ROGR    (0)    1 :  0.059 0.290 0.465 0.068 0.118 
 62 OmyAC19ROGR    (0)    1 :  0.069 0.274 0.293 0.260 0.104 
 63 OmyAC19ROGR    (0)    1 :  0.170 0.276 0.152 0.178 0.224 
 64 OmyAC19ROGR    (2)    1 :  0.074 0.226 0.159 0.063 0.477 
 65 OmyAC19ROGR    (0)    1 :  0.045 0.328 0.189 0.236 0.202 
 66 OmyAC19ROGR    (5)    1 :  0.252 0.216 0.225 0.207 0.101 
 67 OmyAC19ROGR    (0)    1 :  0.033 0.155 0.070 0.621 0.121 
 68 OmyAC19ROGR    (1)    1 :  0.172 0.194 0.278 0.177 0.178 
 69 OmyAC19ROGR    (3)    1 :  0.143 0.242 0.189 0.293 0.134 
 70 OmyAC19ROGR    (0)    1 :  0.037 0.244 0.265 0.069 0.385 
 71 OmyAC19ROGR    (0)    1 :  0.059 0.273 0.186 0.264 0.218 
 72 OmyAC19ROGR    (5)    1 :  0.038 0.276 0.318 0.182 0.186 
 73 OmyAC19ROGR    (0)    1 :  0.160 0.208 0.415 0.065 0.151 
 74 OmyAC19ROGR    (0)    1 :  0.068 0.250 0.284 0.059 0.339 
 75 OmyAC19ROGR    (0)    1 :  0.117 0.199 0.153 0.086 0.445 
 76 OmyAC19ROGR    (0)    1 :  0.049 0.216 0.239 0.103 0.394 
 77 OmyAC19ROGR    (1)    1 :  0.918 0.023 0.023 0.017 0.019 
 78 OmyAC19ROGR    (0)    1 :  0.036 0.187 0.527 0.045 0.205 
 79 OmyAC19ROGR    (3)    1 :  0.073 0.237 0.324 0.093 0.274 
 80 OmyAC19ROGR    (0)    1 :  0.804 0.052 0.052 0.049 0.043 
 81 OmyAC19ROGR    (3)    1 :  0.264 0.249 0.235 0.128 0.124 
 82 OmyAC19ROGR    (1)    1 :  0.016 0.074 0.082 0.717 0.112 
 83 OmyAC19ROGR    (0)    1 :  0.034 0.274 0.205 0.132 0.355 
 84 OmyAC19ROGR    (0)    1 :  0.069 0.203 0.206 0.320 0.203 
 85 OmyAC19ROGR    (7)    1 :  0.054 0.265 0.342 0.107 0.231 
 86 OmyAC19ROGR    (0)    1 :  0.083 0.268 0.327 0.090 0.232 
 87 OmyAC19ROGR    (0)    1 :  0.045 0.205 0.146 0.111 0.493 
 88 OmyJC19ROGR    (0)    2 :  0.848 0.052 0.046 0.021 0.032 
 89 OmyJC19ROGR    (0)    2 :  0.055 0.277 0.253 0.337 0.078 
 90 OmyJC19ROGR    (0)    2 :  0.875 0.026 0.030 0.019 0.050 
 91 OmyJC19ROGR    (0)    2 :  0.015 0.192 0.200 0.429 0.164 
 92 OmyJC19ROGR    (0)    2 :  0.052 0.300 0.287 0.085 0.276 
 93 OmyJC19ROGR    (0)    2 :  0.036 0.295 0.241 0.112 0.316 
 94 OmyJC19ROGR    (0)    2 :  0.100 0.325 0.242 0.046 0.287 
 95 OmyJC19ROGR    (0)    2 :  0.154 0.306 0.207 0.096 0.237 
 96 OmyJC19ROGR    (0)    2 :  0.187 0.282 0.238 0.120 0.173 
 97 OmyJC19ROGR    (0)    2 :  0.300 0.228 0.195 0.120 0.157 
 98 OmyJC19ROGR    (0)    2 :  0.045 0.209 0.152 0.310 0.285 
 99 OmyJC19ROGR    (0)    2 :  0.054 0.180 0.108 0.247 0.411 
100 OmyJC19ROGR    (0)    2 :  0.034 0.253 0.386 0.232 0.095 
101 OmyJC19ROGR    (1)    2 :  0.496 0.128 0.151 0.132 0.094 
102 OmyJC19ROGR    (0)    2 :  0.086 0.317 0.112 0.271 0.214 
103 OmyJC19ROGR    (0)    2 :  0.264 0.266 0.176 0.120 0.174 
104 OmyJC19ROGR    (0)    2 :  0.030 0.159 0.231 0.431 0.150 
105 OmyJC19ROGR    (0)    2 :  0.224 0.174 0.087 0.117 0.399 
106 OmyJC19ROGR    (0)    2 :  0.866 0.049 0.032 0.025 0.029 
107 OmyJC19ROGR    (0)    2 :  0.172 0.091 0.064 0.560 0.113 
108 OmyJC19ROGR    (0)    2 :  0.067 0.283 0.139 0.062 0.448 
109 OmyJC19ROGR    (0)    2 :  0.127 0.289 0.270 0.212 0.102 
110 OmyJC19ROGR    (0)    2 :  0.528 0.157 0.081 0.115 0.118 
111 OmyJC19ROGR    (0)    2 :  0.058 0.111 0.073 0.665 0.092 
112 OmyJC19ROGR    (2)    2 :  0.186 0.233 0.272 0.214 0.095 
113 OmyJC19ROGR    (0)    2 :  0.522 0.120 0.192 0.085 0.081 
114 OmyJC19ROGR    (5)    2 :  0.040 0.271 0.454 0.075 0.160 
115 OmyJC19ROGR    (0)    2 :  0.034 0.234 0.154 0.048 0.531 
116 OmyJC19ROGR    (0)    2 :  0.089 0.399 0.238 0.067 0.206 
117 OmyJC19ROGR    (0)    2 :  0.115 0.303 0.231 0.152 0.200 
118 OmyJC19ROGR    (0)    2 :  0.027 0.183 0.194 0.140 0.456 
119 OmyJC19ROGR    (2)    2 :  0.035 0.258 0.265 0.102 0.340 
120 OmyJC19ROGR    (0)    2 :  0.030 0.136 0.147 0.602 0.086 
121 OmyJC19ROGR    (0)    2 :  0.024 0.173 0.127 0.501 0.174 
122 OmyJC19ROGR    (0)    2 :  0.061 0.280 0.262 0.188 0.210 
123 OmyJC19ROGR    (1)    2 :  0.018 0.176 0.216 0.120 0.470 
124 OmyJC19ROGR    (0)    2 :  0.196 0.285 0.201 0.067 0.250 
125 OmyJC19ROGR    (0)    2 :  0.070 0.272 0.400 0.081 0.176 
126 OmyJC19ROGR    (0)    2 :  0.757 0.068 0.072 0.032 0.071 
127 OmyJC19ROGR    (0)    2 :  0.033 0.186 0.191 0.405 0.184 
128 OmyJC19ROGR    (1)    2 :  0.030 0.274 0.296 0.153 0.246 
129 OmyJC19ROGR    (0)    2 :  0.226 0.327 0.270 0.054 0.123 
130 OmyJC19ROGR    (2)    2 :  0.094 0.445 0.269 0.057 0.135 
131 OmyJC19ROGR    (0)    2 :  0.061 0.190 0.191 0.452 0.106 
132 OmyJC19ROGR    (0)    2 :  0.051 0.170 0.142 0.135 0.501 
133 OmyJC19ROGR    (0)    2 :  0.024 0.310 0.103 0.097 0.465 
134 OmyJC19ROGR    (0)    2 :  0.051 0.214 0.277 0.193 0.265 
135 OmyJC19ROGR    (0)    2 :  0.067 0.119 0.155 0.568 0.091 
136 OmyJC19ROGR    (4)    2 :  0.088 0.234 0.163 0.108 0.407 
137 OmyJC19ROGR    (0)    2 :  0.192 0.204 0.236 0.250 0.118 
138 OmyJC19ROGR    (0)    2 :  0.663 0.084 0.058 0.128 0.067 
139 OmyJC19ROGR    (3)    2 :  0.030 0.269 0.341 0.253 0.106 
140 OmyJC19ROGR    (1)    2 :  0.106 0.275 0.396 0.079 0.145 
141 OmyJC19ROGR    (0)    2 :  0.114 0.367 0.313 0.074 0.132 
142 OmyJC19ROGR    (0)    2 :  0.442 0.193 0.100 0.139 0.126 
143 OmyJC19ROGR    (0)    2 :  0.115 0.207 0.169 0.076 0.433 
144 OmyJC19ROGR    (0)    2 :  0.021 0.154 0.235 0.445 0.145 
145 OmyJC19ROGR    (0)    2 :  0.029 0.261 0.431 0.141 0.137 
146 OmyJC19ROGR    (1)    2 :  0.088 0.224 0.242 0.254 0.191 
147 OmyJC19ROGR    (0)    2 :  0.195 0.122 0.077 0.506 0.100 
148 OmyJC19ROGR    (0)    2 :  0.059 0.119 0.099 0.587 0.136 
149 OmyJC19ROGR    (0)    2 :  0.043 0.215 0.176 0.218 0.348 
150 OmyJC19ROGR    (1)    2 :  0.069 0.177 0.160 0.066 0.528 
151 OmyJC19ROGR    (0)    2 :  0.123 0.269 0.342 0.064 0.202 
152 OmyJC19ROGR    (0)    2 :  0.037 0.153 0.072 0.403 0.335 
153 OmyJC19ROGR    (0)    2 :  0.055 0.133 0.134 0.435 0.242 
154 OmyJC19ROGR    (0)    2 :  0.074 0.301 0.173 0.300 0.153 
155 OmyJC19ROGR    (0)    2 :  0.042 0.262 0.522 0.051 0.123 
156 OmyJC19ROGR    (0)    2 :  0.087 0.212 0.179 0.221 0.302 
157 OmyJC19ROGR    (0)    2 :  0.216 0.271 0.269 0.099 0.146 
158 OmyJC19ROGR    (0)    2 :  0.018 0.241 0.103 0.166 0.472 
159 OmyJC19ROGR    (0)    2 :  0.033 0.227 0.188 0.122 0.429 
160 OmyJC19ROGR    (0)    2 :  0.092 0.251 0.298 0.160 0.199 
161 OmyJC19ROGR    (1)    2 :  0.024 0.093 0.071 0.677 0.135 
162 OmyJC19ROGR    (0)    2 :  0.203 0.169 0.096 0.271 0.261 
163 OmyJC19ROGR    (0)    2 :  0.088 0.193 0.176 0.409 0.135 
164 OmyJC19ROGR    (0)    2 :  0.020 0.213 0.276 0.292 0.199 
165 OmyJC19ROGR    (0)    2 :  0.024 0.326 0.176 0.177 0.297 
166 OmyJC19ROGR    (0)    2 :  0.059 0.292 0.242 0.094 0.313 
167 OmyJC19ROGR    (0)    2 :  0.121 0.249 0.211 0.224 0.195 
168 OmyJC19ROGR    (0)    2 :  0.088 0.328 0.283 0.130 0.171 
169 OmyJC19ROGR    (0)    2 :  0.900 0.028 0.027 0.017 0.028 
170 OmyJC19ROGR    (0)    2 :  0.069 0.297 0.234 0.096 0.303 
171 OmyJC19ROGR    (0)    2 :  0.036 0.278 0.233 0.164 0.289 
172 OmyJC19ROGR    (0)    2 :  0.248 0.205 0.138 0.277 0.133 
173 OmyJC19ROGR    (0)    2 :  0.824 0.048 0.043 0.034 0.051 
174 OmyJC19ROGR    (0)    2 :  0.029 0.356 0.393 0.074 0.148 
175 OmyJC19ROGR    (0)    2 :  0.035 0.266 0.269 0.063 0.367 
176 OmyJC19ROGR    (0)    2 :  0.180 0.262 0.216 0.245 0.097 
177 OmyJC19ROGR    (0)    2 :  0.020 0.071 0.053 0.719 0.137 
178 OmyJC19ROGR    (0)    2 :  0.044 0.418 0.286 0.122 0.131 
179 OmyJC19ROGR    (0)    2 :  0.036 0.327 0.310 0.069 0.259 
180 OmyJC19ROGR    (0)    2 :  0.842 0.040 0.036 0.041 0.042 
181 OmyJC19ROGR    (0)    2 :  0.066 0.307 0.287 0.069 0.270 
182 OmyJC19ROGR    (0)    2 :  0.074 0.241 0.210 0.351 0.124 
183 OmyJC19ROGR    (0)    2 :  0.044 0.215 0.228 0.268 0.244 
184 OmyJC19ROGR    (0)    2 :  0.700 0.077 0.068 0.079 0.076 
185 OmyJC19ROGR    (0)    2 :  0.024 0.175 0.634 0.078 0.089 
186 OmyJC19ROGR    (0)    2 :  0.302 0.209 0.147 0.165 0.177 
187 OmyJC19ROGR    (0)    2 :  0.039 0.289 0.183 0.037 0.451 
188 OmyJC19ROGR    (0)    2 :  0.041 0.354 0.174 0.142 0.289 
189 OmyJC19ROGR    (0)    2 :  0.236 0.195 0.142 0.096 0.331 
190 OmyJC19ROGR    (0)    2 :  0.068 0.178 0.158 0.391 0.205 
191 OmyJC19ROGR    (0)    2 :  0.054 0.168 0.134 0.101 0.543 
192 OmyJC19ROGR    (0)    2 :  0.033 0.298 0.244 0.147 0.278 
193 OmyJC19ROGR    (0)    2 :  0.193 0.154 0.108 0.448 0.096 
194 OmyJC19ROGR    (0)    2 :  0.022 0.154 0.149 0.528 0.146 
195 OmyJC19ROGR    (0)    2 :  0.786 0.055 0.054 0.029 0.076 
196 OmyJC19ROGR    (0)    2 :  0.035 0.194 0.393 0.030 0.347 
197 OmyJC19ROGR    (0)    2 :  0.047 0.245 0.295 0.163 0.251 
198 OmyJC19ROGR    (0)    2 :  0.825 0.044 0.034 0.052 0.047 
199 OmyJC19ROGR    (0)    2 :  0.023 0.274 0.290 0.252 0.160 
200 OmyJC19ROGR    (0)    2 :  0.202 0.202 0.197 0.158 0.241 
201 OmyJC19ROGR    (0)    2 :  0.024 0.230 0.241 0.285 0.220 
202 OmyJC19ROGR    (0)    2 :  0.028 0.169 0.114 0.315 0.374 
203 OmyJC19ROGR    (0)    2 :  0.036 0.209 0.107 0.065 0.584 
204 OmyJC19ROGR    (0)    2 :  0.096 0.247 0.203 0.143 0.311 
205 OmyJC19ROGR    (0)    2 :  0.122 0.211 0.176 0.256 0.235 
206 OmyJC19ROGR    (0)    2 :  0.895 0.032 0.031 0.024 0.018 
207 OmyJC19ROGR    (0)    2 :  0.409 0.154 0.104 0.249 0.083 
208 OmyJC19ROGR    (0)    2 :  0.045 0.364 0.226 0.230 0.134 
209 OmyJC19ROGR    (0)    2 :  0.318 0.208 0.178 0.196 0.100 
210 OmyJC19ROGR    (0)    2 :  0.876 0.036 0.028 0.019 0.041 
211 OmyJC19ROGR    (0)    2 :  0.100 0.281 0.197 0.295 0.127 
212 OmyJC19ROGR    (1)    2 :  0.199 0.083 0.041 0.590 0.088 
213 OmyJC19ROGR    (1)    2 :  0.093 0.253 0.359 0.057 0.238 
214 OmyJC19ROGR    (0)    2 :  0.126 0.217 0.124 0.367 0.166 
215 OmyJC19ROGR    (0)    2 :  0.023 0.184 0.217 0.069 0.507 
216 OmyJC19ROGR    (0)    2 :  0.490 0.143 0.108 0.182 0.077 
217 OmyJC19ROGR    (0)    2 :  0.572 0.125 0.123 0.088 0.093 
218 OmyJC19ROGR    (0)    2 :  0.049 0.254 0.189 0.069 0.438 
219 OmyJC19ROGR    (0)    2 :  0.213 0.218 0.202 0.263 0.104 
220 OmyJC19ROGR    (0)    2 :  0.015 0.127 0.137 0.592 0.129 
221 OmyJC19ROGR    (0)    2 :  0.145 0.157 0.121 0.453 0.124 
222 OmyJC19ROGR    (0)    2 :  0.033 0.309 0.263 0.204 0.191 
223 OmyJC19ROGR    (0)    2 :  0.106 0.218 0.210 0.270 0.197 
224 OmyJC19ROGR    (1)    2 :  0.061 0.210 0.464 0.112 0.152 
225 OmyJC19ROGR    (0)    2 :  0.769 0.036 0.038 0.127 0.030 
226 OmyJC19ROGR    (0)    2 :  0.336 0.201 0.295 0.035 0.133 
227 OmyJC19ROGR    (0)    2 :  0.849 0.039 0.036 0.027 0.048 
228 OmyJC19ROGR    (0)    2 :  0.052 0.293 0.212 0.263 0.180 
229 OmyJC19ROGR    (0)    2 :  0.033 0.251 0.154 0.109 0.453 
230 OmyJC19ROGR    (0)    2 :  0.168 0.291 0.177 0.168 0.197 
231 OmyJC19ROGR    (0)    2 :  0.124 0.278 0.134 0.310 0.154 
232 OmyJC19ROGR    (2)    2 :  0.116 0.167 0.210 0.327 0.180 
233 OmyJC19ROGR    (0)    2 :  0.175 0.229 0.120 0.288 0.187 
234 OmyJC19ROGR    (0)    2 :  0.903 0.023 0.028 0.020 0.026 
235 OmyJC19ROGR    (0)    2 :  0.721 0.070 0.087 0.055 0.068 
236 OmyJC19ROGR    (0)    2 :  0.030 0.093 0.079 0.736 0.062 
237 OmyJC19ROGR    (0)    2 :  0.094 0.162 0.172 0.496 0.077 
238 OmyJC19ROGR    (0)    2 :  0.063 0.087 0.077 0.707 0.066 
239 OmyJC19ROGR    (0)    2 :  0.046 0.354 0.224 0.297 0.079 
240 OmyJC19ROGR    (0)    2 :  0.068 0.370 0.225 0.113 0.223 
241 OmyJC19ROGR    (0)    2 :  0.205 0.227 0.264 0.073 0.232 
242 OmyJC19ROGR    (0)    2 :  0.018 0.136 0.231 0.497 0.118 
243 OmyJC19ROGR    (0)    2 :  0.039 0.262 0.179 0.128 0.391 
244 OmyJC19ROGR    (0)    2 :  0.036 0.234 0.132 0.078 0.520 
245 OmyJC19ROGR    (0)    2 :  0.865 0.037 0.034 0.028 0.036 
246 OmyJC19ROGR    (0)    2 :  0.142 0.253 0.173 0.211 0.222 
247 OmyJC19ROGR    (0)    2 :  0.652 0.085 0.069 0.054 0.140 
248 OmyJC19ROGR    (0)    2 :  0.355 0.184 0.239 0.045 0.177 
249 OmyJC19ROGR    (0)    2 :  0.071 0.253 0.186 0.053 0.437 
250 OmyJC19ROGR    (0)    2 :  0.084 0.350 0.197 0.082 0.287 
251 OmyJC19ROGR    (0)    2 :  0.064 0.274 0.300 0.046 0.317 
252 OmyJC19ROGR    (0)    2 :  0.072 0.310 0.226 0.263 0.129 
253 OmyJC19ROGR    (0)    2 :  0.089 0.258 0.393 0.047 0.213 
254 OmyJC19ROGR    (0)    2 :  0.108 0.269 0.281 0.071 0.270 
255 OmyJC19ROGR    (0)    2 :  0.055 0.237 0.196 0.196 0.316 
256 OmyJC19ROGR    (0)    2 :  0.138 0.198 0.202 0.162 0.301 
257 OmyJC19ROGR    (0)    2 :  0.072 0.215 0.227 0.060 0.426 
258 OmyAC19ROGR    (0)    1 :  0.097 0.196 0.449 0.145 0.113 
259 OmyAC19ROGR    (0)    1 :  0.312 0.275 0.219 0.123 0.072 
260 OmyAC19ROGR    (0)    1 :  0.054 0.346 0.431 0.042 0.127 
261 OmyAC19ROGR    (0)    1 :  0.089 0.319 0.395 0.041 0.157 
262 OmyAC19ROGR    (0)    1 :  0.114 0.240 0.508 0.054 0.083 
263 OmyAC19ROGR    (0)    1 :  0.088 0.179 0.118 0.231 0.384 
264 OmyAC19ROGR    (0)    1 :  0.057 0.286 0.203 0.060 0.394 
265 OmyAC19ROGR    (0)    1 :  0.045 0.173 0.149 0.057 0.576 
266 OmyAC19ROGR    (0)    1 :  0.037 0.259 0.227 0.068 0.410 
267 OmyAC19ROGR    (0)    1 :  0.268 0.190 0.163 0.045 0.334 
268 OmyAC19ROGR    (0)    1 :  0.117 0.277 0.172 0.225 0.209 
269 OmyAC19ROGR    (1)    1 :  0.179 0.267 0.256 0.064 0.234 
270 OmyAC19ROGR    (0)    1 :  0.045 0.238 0.261 0.043 0.413 
271 OmyAC19ROGR    (0)    1 :  0.408 0.219 0.131 0.078 0.164 
272 OmyAC19ROGR    (0)    1 :  0.168 0.316 0.191 0.167 0.158 
273 OmyAC19ROGR    (0)    1 :  0.027 0.224 0.426 0.101 0.222 
274 OmyAC19ROGR    (0)    1 :  0.591 0.124 0.110 0.057 0.118 
275 OmyAC19ROGR    (0)    1 :  0.066 0.117 0.080 0.670 0.067 
276 OmyAC19ROGR    (0)    1 :  0.078 0.315 0.162 0.155 0.290 
277 OmyAC19ROGR    (0)    1 :  0.153 0.265 0.369 0.095 0.119 
278 OmyAC19ROGR    (0)    1 :  0.232 0.175 0.074 0.358 0.161 
279 OmyAC19ROGR    (0)    1 :  0.161 0.138 0.316 0.334 0.050 
280 OmyAC19ROGR    (0)    1 :  0.160 0.323 0.236 0.075 0.207 
281 OmyAC19ROGR    (0)    1 :  0.059 0.278 0.186 0.086 0.390 
282 OmyAC19ROGR    (0)    1 :  0.184 0.211 0.315 0.132 0.159 
283 OmyAC19ROGR    (0)    1 :  0.086 0.308 0.142 0.125 0.338 
284 OmyAC19ROGR    (0)    1 :  0.038 0.195 0.110 0.073 0.584 
285 OmyAC19ROGR    (0)    1 :  0.052 0.267 0.177 0.129 0.375 
286 OmyAC19ROGR    (0)    1 :  0.044 0.213 0.240 0.096 0.407 
287 OmyAC19ROGR    (0)    1 :  0.930 0.019 0.024 0.011 0.016 
288 OmyAC19ROGR    (0)    1 :  0.587 0.044 0.038 0.289 0.041 
289 OmyAC19ROGR    (0)    1 :  0.124 0.214 0.167 0.100 0.396 
290 OmyAC19ROGR    (1)    1 :  0.910 0.021 0.023 0.023 0.023 
291 OmyAC19ROGR    (0)    1 :  0.370 0.183 0.141 0.072 0.234 
292 OmyAC19ROGR    (0)    1 :  0.122 0.292 0.251 0.085 0.250 
293 OmyAC19ROGR    (0)    1 :  0.050 0.162 0.114 0.399 0.275 
294 OmyAC19ROGR    (0)    1 :  0.273 0.192 0.165 0.041 0.328 
295 OmyAC19ROGR    (0)    1 :  0.031 0.196 0.507 0.033 0.233 
296 OmyAC19ROGR    (0)    1 :  0.036 0.121 0.144 0.624 0.075 
297 OmyAC19ROGR    (0)    1 :  0.577 0.090 0.106 0.035 0.192 
298 OmyAC19ROGR    (0)    1 :  0.055 0.287 0.210 0.164 0.285 
299 OmyAC19ROGR    (0)    1 :  0.160 0.232 0.264 0.119 0.225 
300 OmyAC19ROGR    (0)    1 :  0.062 0.269 0.172 0.122 0.374 
301 OmyAC19ROGR    (0)    1 :  0.835 0.048 0.042 0.027 0.048 
302 OmyAC19ROGR    (0)    1 :  0.561 0.129 0.092 0.115 0.104 
303 OmyAC19ROGR    (0)    1 :  0.092 0.265 0.238 0.107 0.298 
304 OmyAC19ROGR    (0)    1 :  0.301 0.084 0.085 0.451 0.079 
305 OmyAC19ROGR    (0)    1 :  0.043 0.245 0.125 0.111 0.476 
306 OmyAC19ROGR    (0)    1 :  0.511 0.179 0.131 0.048 0.131 
307 OmyAC19ROGR    (1)    1 :  0.042 0.309 0.187 0.198 0.264 
308 OmyAC19ROGR    (0)    1 :  0.124 0.318 0.257 0.105 0.195 
309 OmyAC19ROGR    (0)    1 :  0.753 0.074 0.073 0.031 0.069 
310 OmyAC19ROGR    (0)    1 :  0.278 0.288 0.198 0.058 0.179 
311 OmyAC19ROGR    (0)    1 :  0.593 0.108 0.186 0.063 0.051 
312 OmyAC19ROGR    (0)    1 :  0.053 0.295 0.181 0.088 0.383 
313 OmyAC19ROGR    (0)    1 :  0.061 0.293 0.168 0.140 0.338 
314 OmyAC19ROGR    (0)    1 :  0.140 0.226 0.179 0.196 0.259 
315 OmyAC19ROGR    (0)    1 :  0.143 0.220 0.248 0.044 0.345 
316 OmyAC19ROGR    (0)    1 :  0.034 0.316 0.174 0.037 0.438 
317 OmyAC19ROGR    (0)    1 :  0.036 0.142 0.142 0.614 0.066 
318 OmyAC19ROGR    (0)    1 :  0.027 0.239 0.250 0.248 0.237 
319 OmyAC19ROGR    (0)    1 :  0.024 0.170 0.258 0.152 0.396 
320 OmyAC19ROGR    (0)    1 :  0.021 0.220 0.117 0.253 0.390 
321 OmyAC19ROGR    (0)    1 :  0.032 0.280 0.354 0.133 0.201 
322 OmyAC19ROGR    (0)    1 :  0.329 0.156 0.375 0.043 0.096 
323 OmyAC19ROGR    (0)    1 :  0.061 0.288 0.421 0.099 0.132 
324 OmyAC19ROGR    (0)    1 :  0.030 0.208 0.277 0.047 0.437 
325 OmyAC19ROGR    (0)    1 :  0.229 0.259 0.210 0.065 0.237 
326 OmyAC19ROGR    (0)    1 :  0.042 0.441 0.155 0.060 0.302 
327 OmyAC19ROGR    (0)    1 :  0.035 0.236 0.207 0.059 0.464 
328 OmyAC20ROGR    (0)    1 :  0.040 0.256 0.142 0.307 0.255 
329 OmyAC20ROGR    (0)    1 :  0.133 0.230 0.186 0.164 0.288 
330 OmyAC20ROGR    (0)    1 :  0.142 0.265 0.224 0.205 0.164 
331 OmyAC20ROGR    (0)    1 :  0.611 0.089 0.076 0.077 0.148 
332 OmyAC20ROGR    (0)    1 :  0.202 0.191 0.221 0.106 0.279 
333 OmyAC20ROGR    (0)    1 :  0.198 0.192 0.129 0.055 0.426 
334 OmyAC20ROGR    (0)    1 :  0.068 0.219 0.170 0.054 0.489 
335 OmyAC20ROGR    (0)    1 :  0.033 0.241 0.448 0.077 0.200 
336 OmyAC20ROGR    (0)    1 :  0.134 0.277 0.215 0.088 0.286 
337 OmyAC20ROGR    (0)    1 :  0.468 0.146 0.171 0.098 0.119 
338 OmyAC20ROGR    (0)    1 :  0.093 0.304 0.284 0.054 0.265 
339 OmyAC20ROGR    (0)    1 :  0.089 0.257 0.292 0.178 0.185 
340 OmyAC20ROGR    (0)    1 :  0.062 0.308 0.226 0.122 0.283 
341 OmyAC20ROGR    (0)    1 :  0.051 0.178 0.127 0.494 0.149 
342 OmyAC20ROGR    (0)    1 :  0.142 0.288 0.207 0.152 0.211 
343 OmyAC20ROGR    (0)    1 :  0.040 0.147 0.102 0.524 0.187 
344 OmyAC20ROGR    (0)    1 :  0.274 0.154 0.137 0.136 0.300 
345 OmyAC20ROGR    (1)    1 :  0.125 0.227 0.442 0.028 0.178 
346 OmyAC20ROGR    (0)    1 :  0.246 0.212 0.179 0.051 0.313 
347 OmyAC20ROGR    (0)    1 :  0.281 0.207 0.224 0.150 0.138 
348 OmyAC20ROGR    (0)    1 :  0.116 0.202 0.104 0.351 0.226 
349 OmyAC20ROGR    (0)    1 :  0.033 0.190 0.112 0.271 0.395 
350 OmyAC20ROGR    (0)    1 :  0.067 0.090 0.085 0.676 0.082 
351 OmyAC20ROGR    (0)    1 :  0.068 0.351 0.221 0.057 0.303 
352 OmyAC20ROGR    (0)    1 :  0.045 0.329 0.304 0.097 0.225 
353 OmyAC20ROGR    (0)    1 :  0.080 0.306 0.292 0.074 0.248 
354 OmyAC20ROGR    (0)    1 :  0.322 0.208 0.138 0.243 0.090 
355 OmyAC20ROGR    (0)    1 :  0.135 0.113 0.059 0.613 0.080 
356 OmyAC20ROGR    (0)    1 :  0.222 0.221 0.194 0.087 0.276 
357 OmyAC20ROGR    (0)    1 :  0.056 0.285 0.273 0.169 0.217 
358 OmyAC20ROGR    (0)    1 :  0.037 0.422 0.214 0.131 0.196 
359 OmyAC20ROGR    (0)    1 :  0.394 0.220 0.151 0.175 0.060 
360 OmyAC20ROGR    (0)    1 :  0.136 0.322 0.301 0.076 0.166 
361 OmyAC20ROGR    (0)    1 :  0.034 0.296 0.152 0.384 0.133 
362 OmyAC20ROGR    (0)    1 :  0.102 0.318 0.305 0.087 0.187 
363 OmyAC20ROGR    (0)    1 :  0.379 0.130 0.078 0.317 0.096 
364 OmyAC20ROGR    (1)    1 :  0.064 0.186 0.219 0.229 0.303 
365 OmyAC20ROGR    (0)    1 :  0.030 0.219 0.306 0.092 0.353 
366 OmyAC20ROGR    (0)    1 :  0.025 0.220 0.287 0.049 0.419 
367 OmyAC20ROGR    (0)    1 :  0.076 0.286 0.445 0.046 0.147 
368 OmyAC20ROGR    (0)    1 :  0.053 0.395 0.256 0.176 0.119 
369 OmyAC20ROGR    (0)    1 :  0.280 0.203 0.183 0.233 0.101 
370 OmyAC20ROGR    (0)    1 :  0.690 0.082 0.128 0.043 0.057 
371 OmyAC20ROGR    (0)    1 :  0.775 0.070 0.057 0.046 0.052 
372 OmyAC20ROGR    (2)    1 :  0.853 0.041 0.037 0.026 0.043 
373 OmyAC20ROGR    (0)    1 :  0.645 0.078 0.080 0.133 0.064 
374 OmyAC20ROGR    (0)    1 :  0.025 0.220 0.379 0.092 0.283 
375 OmyAC20ROGR    (0)    1 :  0.127 0.315 0.240 0.098 0.220 
376 OmyAC20ROGR    (0)    1 :  0.198 0.239 0.220 0.199 0.143 
377 OmyAC20ROGR    (0)    1 :  0.028 0.228 0.214 0.094 0.436 
378 OmyAC20ROGR    (0)    1 :  0.029 0.246 0.267 0.227 0.231 
379 OmyAC20ROGR    (0)    1 :  0.442 0.151 0.174 0.106 0.126 
380 OmyAC20ROGR    (0)    1 :  0.030 0.347 0.231 0.032 0.359 
381 OmyAC20ROGR    (0)    1 :  0.120 0.282 0.277 0.087 0.233 
382 OmyAC20ROGR    (0)    1 :  0.826 0.057 0.040 0.036 0.041 
383 OmyAC20ROGR    (0)    1 :  0.099 0.346 0.218 0.029 0.307 
384 OmyAC20ROGR    (0)    1 :  0.419 0.169 0.130 0.097 0.185 
385 OmyAC20ROGR    (0)    1 :  0.198 0.299 0.219 0.137 0.147 
386 OmyAC20ROGR    (0)    1 :  0.247 0.256 0.264 0.064 0.169 
387 OmyAC20ROGR    (0)    1 :  0.475 0.105 0.153 0.050 0.217 
388 OmyAC20ROGR    (0)    1 :  0.440 0.145 0.131 0.095 0.189 
389 OmyAC20ROGR    (0)    1 :  0.047 0.199 0.126 0.056 0.572 
390 OmyAC20ROGR    (0)    1 :  0.016 0.085 0.066 0.742 0.090 
391 OmyAC20ROGR    (0)    1 :  0.588 0.094 0.065 0.175 0.077 
392 OmyAC20ROGR    (0)    1 :  0.408 0.177 0.157 0.138 0.121 
393 OmyAC20ROGR    (0)    1 :  0.083 0.285 0.187 0.232 0.213 
394 OmyAC20ROGR    (0)    1 :  0.137 0.246 0.363 0.154 0.101 
395 OmyAC20ROGR    (0)    1 :  0.088 0.257 0.225 0.272 0.158 
396 OmyAC20ROGR    (0)    1 :  0.081 0.337 0.193 0.209 0.181 
397 OmyAC20ROGR    (0)    1 :  0.211 0.253 0.250 0.049 0.236 
398 OmyAC20ROGR    (0)    1 :  0.621 0.098 0.099 0.036 0.145 
399 OmyAC20ROGR    (0)    1 :  0.147 0.192 0.506 0.042 0.113 
400 OmyAC20ROGR    (0)    1 :  0.108 0.270 0.254 0.049 0.319 
401 OmyAC20ROGR    (0)    1 :  0.724 0.067 0.073 0.104 0.033 
402 OmyAC20ROGR    (0)    1 :  0.016 0.212 0.180 0.359 0.233 
403 OmyAC20ROGR    (0)    1 :  0.108 0.382 0.250 0.130 0.130 
404 OmyAC20ROGR    (0)    1 :  0.020 0.196 0.104 0.102 0.577 
405 OmyAC20ROGR    (0)    1 :  0.436 0.156 0.170 0.173 0.066 
406 OmyAC20ROGR    (0)    1 :  0.050 0.195 0.360 0.242 0.153 
407 OmyAC20ROGR    (0)    1 :  0.043 0.330 0.377 0.040 0.211 
408 OmyAC20ROGR    (0)    1 :  0.107 0.068 0.052 0.697 0.077 
409 OmyAC20ROGR    (0)    1 :  0.045 0.195 0.170 0.064 0.526 
410 OmyAC20ROGR    (0)    1 :  0.825 0.047 0.045 0.023 0.060 
411 OmyAC20ROGR    (0)    1 :  0.659 0.081 0.106 0.069 0.085 
412 OmyAC20ROGR    (0)    1 :  0.252 0.172 0.091 0.108 0.377 
413 OmyAC20ROGR    (0)    1 :  0.109 0.280 0.141 0.047 0.423 
414 OmyAC20ROGR    (0)    1 :  0.379 0.187 0.218 0.101 0.116 
415 OmyAC20ROGR    (0)    1 :  0.047 0.271 0.380 0.107 0.195 
416 OmyAC20ROGR    (0)    1 :  0.045 0.256 0.187 0.063 0.449 
417 OmyAC20ROGR    (0)    1 :  0.029 0.263 0.217 0.082 0.410 
418 OmyAC20ROGR    (0)    1 :  0.179 0.235 0.163 0.087 0.336 
419 OmyAC20ROGR    (0)    1 :  0.483 0.155 0.124 0.145 0.093 
420 OmyAC20ROGR    (0)    1 :  0.049 0.110 0.157 0.620 0.064 
421 OmyAC20ROGR    (0)    1 :  0.100 0.295 0.258 0.052 0.296 
422 OmyAC20ROGR    (0)    1 :  0.837 0.041 0.049 0.026 0.047 
423 OmyAC20ROGR    (0)    1 :  0.043 0.278 0.383 0.035 0.259 
424 OmyAC20ROGR    (0)    1 :  0.027 0.162 0.291 0.447 0.073 
425 OmyAC20ROGR    (0)    1 :  0.853 0.046 0.031 0.036 0.035 
426 OmyAC20ROGR    (0)    1 :  0.050 0.169 0.194 0.040 0.547 
427 OmyAC20ROGR    (0)    1 :  0.070 0.249 0.337 0.075 0.269 
428 OmyAC20ROGR    (0)    1 :  0.817 0.044 0.062 0.029 0.048 
429 OmyAC20ROGR    (0)    1 :  0.029 0.156 0.138 0.461 0.216 
430 OmyAC20ROGR    (0)    1 :  0.092 0.244 0.338 0.122 0.204 
431 OmyAC20ROGR    (0)    1 :  0.540 0.133 0.143 0.052 0.131 
432 OmyAC20ROGR    (0)    1 :  0.881 0.034 0.033 0.025 0.028 
433 OmyAC20ROGR    (0)    1 :  0.727 0.054 0.045 0.136 0.039 
434 OmyAC20ROGR    (0)    1 :  0.355 0.218 0.251 0.056 0.119 
435 OmyAC20ROGR    (0)    1 :  0.043 0.331 0.351 0.053 0.222 
436 OmyAC20ROGR    (0)    1 :  0.072 0.418 0.286 0.033 0.191 
437 OmyAC20ROGR    (0)    1 :  0.691 0.066 0.057 0.099 0.087 
438 OmyAC20ROGR    (0)    1 :  0.323 0.244 0.268 0.085 0.080 
439 OmyAC20ROGR    (0)    1 :  0.088 0.286 0.459 0.039 0.127 
440 OmyAC20ROGR    (0)    1 :  0.584 0.114 0.061 0.042 0.198 
441 OmyAC20ROGR    (0)    1 :  0.033 0.244 0.240 0.359 0.124 
442 OmyAC20ROGR    (0)    1 :  0.086 0.311 0.393 0.105 0.105 
443 OmyAC20ROGR    (0)    1 :  0.035 0.493 0.299 0.051 0.122 
444 OmyAC20ROGR    (0)    1 :  0.231 0.231 0.135 0.044 0.359 
445 OmyAC20ROGR    (0)    1 :  0.151 0.244 0.284 0.212 0.108 
446 OmyJC18ROGR    (0)    2 :  0.278 0.168 0.142 0.216 0.196 
447 OmyJC18ROGR    (0)    2 :  0.107 0.257 0.217 0.166 0.253 
448 OmyJC18ROGR    (0)    2 :  0.114 0.320 0.314 0.089 0.164 
449 OmyJC18ROGR    (0)    2 :  0.573 0.089 0.067 0.221 0.050 
450 OmyJC18ROGR    (0)    2 :  0.602 0.097 0.135 0.079 0.087 
451 OmyJC18ROGR    (0)    2 :  0.810 0.045 0.075 0.024 0.046 
452 OmyJC18ROGR    (0)    2 :  0.318 0.240 0.199 0.067 0.175 
453 OmyJC18ROGR    (0)    2 :  0.021 0.062 0.057 0.808 0.051 
454 OmyJC18ROGR    (0)    2 :  0.795 0.060 0.056 0.044 0.045 
455 OmyJC18ROGR    (0)    2 :  0.101 0.225 0.234 0.088 0.352 
456 OmyJC18ROGR    (0)    2 :  0.827 0.049 0.053 0.035 0.035 
457 OmyJC18ROGR    (0)    2 :  0.089 0.214 0.246 0.036 0.415 
458 OmyJC18ROGR    (0)    2 :  0.146 0.119 0.084 0.543 0.108 
459 OmyJC18ROGR    (1)    2 :  0.026 0.167 0.200 0.067 0.541 
460 OmyJC18ROGR    (2)    2 :  0.148 0.278 0.313 0.127 0.135 
461 OmyJC18ROGR    (2)    2 :  0.351 0.188 0.250 0.074 0.137 
462 OmyJC18ROGR    (3)    2 :  0.218 0.242 0.223 0.235 0.082 
463 OmyJC18ROGR    (0)    2 :  0.699 0.070 0.077 0.102 0.052 
464 OmyJC18ROGR    (4)    2 :  0.025 0.249 0.207 0.082 0.436 
465 OmyJC18ROGR    (3)    2 :  0.093 0.305 0.207 0.149 0.246 
466 OmyJC18ROGR    (0)    2 :  0.096 0.304 0.409 0.082 0.109 
467 OmyJC18ROGR    (0)    2 :  0.065 0.301 0.154 0.084 0.396 
468 OmyJC18ROGR    (0)    2 :  0.100 0.225 0.141 0.433 0.101 
469 OmyJC18ROGR    (0)    2 :  0.839 0.047 0.046 0.019 0.049 
470 OmyJC18ROGR    (5)    2 :  0.473 0.175 0.125 0.123 0.104 
471 OmyJC18ROGR    (1)    2 :  0.143 0.313 0.334 0.076 0.133 
472 OmyJC18ROGR    (2)    2 :  0.075 0.348 0.257 0.054 0.266 
473 OmyJC18ROGR    (3)    2 :  0.040 0.214 0.330 0.149 0.266 
474 OmyJC18ROGR    (0)    2 :  0.043 0.070 0.054 0.758 0.075 
475 OmyJC18ROGR    (2)    2 :  0.420 0.163 0.164 0.117 0.137 
476 OmyJC18ROGR    (1)    2 :  0.040 0.271 0.467 0.063 0.159 
477 OmyJC18ROGR    (4)    2 :  0.193 0.128 0.160 0.434 0.085 
478 OmyJC18ROGR    (0)    2 :  0.061 0.165 0.208 0.097 0.468 
479 OmyJC18ROGR    (0)    2 :  0.031 0.287 0.330 0.064 0.288 
480 OmyJC18ROGR    (1)    2 :  0.118 0.230 0.158 0.115 0.379 
481 OmyJC18ROGR    (3)    2 :  0.073 0.307 0.303 0.199 0.118 
482 OmyJC18ROGR    (3)    2 :  0.028 0.209 0.197 0.477 0.089 
483 OmyJC18ROGR    (4)    2 :  0.036 0.296 0.333 0.237 0.098 
484 OmyJC18ROGR    (4)    2 :  0.040 0.273 0.395 0.093 0.200 
485 OmyJC18ROGR    (3)    2 :  0.432 0.160 0.109 0.111 0.187 
486 OmyJC18ROGR    (3)    2 :  0.389 0.203 0.162 0.119 0.127 
487 OmyJC18ROGR    (1)    2 :  0.108 0.183 0.168 0.322 0.220 
488 OmyJC18ROGR    (5)    2 :  0.047 0.296 0.306 0.092 0.258 
489 OmyJC18ROGR    (0)    2 :  0.031 0.252 0.471 0.092 0.154 
490 OmyJC18ROGR    (3)    2 :  0.086 0.318 0.408 0.095 0.093 
491 OmyJC18ROGR    (7)    2 :  0.065 0.077 0.082 0.714 0.062 
492 OmyJC18ROGR    (6)    2 :  0.028 0.080 0.066 0.718 0.108 
493 OmyJC18ROGR    (3)    2 :  0.104 0.326 0.331 0.056 0.184 
494 OmyJC18ROGR    (3)    2 :  0.759 0.064 0.065 0.041 0.072 
495 OmyJC18ROGR    (5)    2 :  0.300 0.164 0.118 0.100 0.318 
496 OmyJC18ROGR    (0)    2 :  0.098 0.282 0.249 0.141 0.230 
497 OmyJC18ROGR    (5)    2 :  0.025 0.123 0.136 0.613 0.103 
498 OmyJC18ROGR    (6)    2 :  0.102 0.289 0.449 0.074 0.085 
499 OmyJC18ROGR    (0)    2 :  0.030 0.304 0.386 0.063 0.217 
500 OmyJC18ROGR    (1)    2 :  0.050 0.173 0.167 0.490 0.120 
501 OmyJC18ROGR    (4)    2 :  0.390 0.244 0.190 0.076 0.099 
502 OmyJC18ROGR    (2)    2 :  0.206 0.216 0.217 0.227 0.134 
503 OmyJC18ROGR    (5)    2 :  0.047 0.244 0.226 0.305 0.178 
504 OmyJC18ROGR    (2)    2 :  0.184 0.222 0.421 0.119 0.054 
505 OmyJC18ROGR    (0)    2 :  0.280 0.201 0.147 0.157 0.215 
506 OmyJC18ROGR    (8)    2 :  0.059 0.201 0.208 0.323 0.210 
507 OmyJC18ROGR    (0)    2 :  0.111 0.310 0.224 0.222 0.133 
508 OmyJC18ROGR    (0)    2 :  0.174 0.172 0.137 0.395 0.123 
509 OmyJC18ROGR    (1)    2 :  0.906 0.026 0.020 0.022 0.026 
510 OmyJC18ROGR    (1)    2 :  0.078 0.293 0.399 0.109 0.121 
511 OmyJC18ROGR    (5)    2 :  0.167 0.215 0.198 0.205 0.214 
512 OmyJC18ROGR    (2)    2 :  0.768 0.058 0.054 0.065 0.056 
513 OmyJC18ROGR    (9)    2 :  0.270 0.204 0.106 0.217 0.202 
514 OmyJC18ROGR    (4)    2 :  0.409 0.125 0.101 0.221 0.144 
515 OmyJC18ROGR    (1)    2 :  0.088 0.201 0.112 0.352 0.247 
516 OmyJC18ROGR    (3)    2 :  0.132 0.253 0.252 0.106 0.257 
517 OmyJC18ROGR    (3)    2 :  0.499 0.150 0.159 0.101 0.090 
518 OmyJC18ROGR    (0)    2 :  0.059 0.191 0.199 0.475 0.076 
519 OmyJC18ROGR    (9)    2 :  0.059 0.184 0.192 0.183 0.383 
520 OmyJC18ROGR    (6)    2 :  0.078 0.293 0.476 0.082 0.071 
521 OmyJC18ROGR    (2)    2 :  0.108 0.217 0.310 0.174 0.190 
522 OmyJC18ROGR    (1)    2 :  0.097 0.331 0.298 0.061 0.213 
523 OmyJC18ROGR    (4)    2 :  0.069 0.301 0.210 0.115 0.305 
524 OmyJC18ROGR    (0)    2 :  0.063 0.292 0.349 0.043 0.254 
525 OmyJC18ROGR    (2)    2 :  0.059 0.190 0.160 0.285 0.306 
526 OmyJC18ROGR    (3)    2 :  0.067 0.212 0.123 0.427 0.171 
527 OmyJC18ROGR    (0)    2 :  0.036 0.347 0.331 0.099 0.187 
528 OmyJC18ROGR    (0)    2 :  0.038 0.233 0.210 0.243 0.276 
529 OmyJC18ROGR    (1)    2 :  0.048 0.276 0.301 0.043 0.332 
530 OmyJC18ROGR    (0)    2 :  0.045 0.215 0.159 0.348 0.232 
531 OmyJC18ROGR    (0)    2 :  0.180 0.209 0.322 0.047 0.243 
532 OmyJC18ROGR    (2)    2 :  0.025 0.360 0.184 0.131 0.300 
533 OmyJC18ROGR    (2)    2 :  0.020 0.313 0.354 0.061 0.252 
534 OmyJC18ROGR    (2)    2 :  0.055 0.339 0.278 0.103 0.225 
535 OmyJC18ROGR    (0)    2 :  0.043 0.259 0.372 0.104 0.222 
536 OmyJC18ROGR    (0)    2 :  0.036 0.248 0.260 0.120 0.337 
537 OmyJC18ROGR    (0)    2 :  0.020 0.241 0.345 0.162 0.232 
538 OmyJC18ROGR    (0)    2 :  0.063 0.195 0.375 0.116 0.251 
539 OmyJC18ROGR    (0)    2 :  0.051 0.294 0.213 0.125 0.317 
540 OmyJC18ROGR    (8)    2 :  0.060 0.137 0.122 0.613 0.069 
541 OmyJC18ROGR    (1)    2 :  0.081 0.224 0.153 0.080 0.462 
542 OmyJC18ROGR    (1)    2 :  0.273 0.209 0.124 0.270 0.124 
543 OmyJC18ROGR    (0)    2 :  0.075 0.263 0.198 0.322 0.142 
544 OmyJC18ROGR    (2)    2 :  0.044 0.218 0.223 0.137 0.379 
545 OmyJC18ROGR    (1)    2 :  0.532 0.148 0.173 0.055 0.092 
546 OmyJC18ROGR    (9)    2 :  0.026 0.309 0.272 0.163 0.231 
547 OmyJC18ROGR    (0)    2 :  0.119 0.358 0.249 0.044 0.230 
548 OmyJC18ROGR    (0)    2 :  0.227 0.241 0.169 0.234 0.129 
549 OmyJC18ROGR    (0)    2 :  0.090 0.246 0.210 0.175 0.279 
550 OmyJC18ROGR    (1)    2 :  0.518 0.114 0.087 0.054 0.228 
551 OmyJC18ROGR    (1)    2 :  0.063 0.175 0.216 0.253 0.293 
552 OmyJC18ROGR    (2)    2 :  0.107 0.204 0.244 0.051 0.394 
553 OmyJC18ROGR   (10)    2 :  0.056 0.278 0.195 0.211 0.260 
554 OmyJC18ROGR    (2)    2 :  0.045 0.295 0.291 0.233 0.135 
555 OmyJC18ROGR    (4)    2 :  0.042 0.244 0.173 0.364 0.177 
556 OmyJC18ROGR    (0)    2 :  0.085 0.183 0.198 0.227 0.306 
557 OmyJC18ROGR    (2)    2 :  0.173 0.328 0.319 0.094 0.087 
558 OmyJC18ROGR    (0)    2 :  0.276 0.184 0.282 0.040 0.217 
559 OmyJC18ROGR    (0)    2 :  0.059 0.133 0.148 0.556 0.104 
560 OmyJC18ROGR    (8)    2 :  0.118 0.220 0.210 0.296 0.155 
561 OmyJC18ROGR    (0)    2 :  0.024 0.233 0.155 0.043 0.544 
562 OmyJC18ROGR    (8)    2 :  0.103 0.269 0.154 0.214 0.261 
563 OmyJC18ROGR    (2)    2 :  0.067 0.302 0.371 0.134 0.126 
564 OmyJC18ROGR    (4)    2 :  0.069 0.253 0.136 0.104 0.438 
565 OmyJC18ROGR    (3)    2 :  0.127 0.208 0.165 0.202 0.298 
566 OmyJC18ROGR    (1)    2 :  0.160 0.242 0.345 0.150 0.103 
567 OmyJC18ROGR    (0)    2 :  0.060 0.322 0.234 0.291 0.093 
568 OmyJC18ROGR    (5)    2 :  0.150 0.194 0.196 0.161 0.300 
569 OmyJC18ROGR    (2)    2 :  0.031 0.124 0.154 0.612 0.079 
570 OmyJC18ROGR    (0)    2 :  0.058 0.298 0.343 0.070 0.230 
571 OmyJC18ROGR    (2)    2 :  0.055 0.311 0.411 0.057 0.166 
572 OmyJC18ROGR    (6)    2 :  0.056 0.207 0.283 0.281 0.173 
573 OmyJC18ROGR    (5)    2 :  0.399 0.128 0.176 0.098 0.200 
574 OmyJC18ROGR    (8)    2 :  0.164 0.263 0.290 0.099 0.184 
575 OmyJC18ROGR    (3)    2 :  0.031 0.319 0.287 0.132 0.230 
576 OmyJC18ROGR    (0)    2 :  0.109 0.143 0.122 0.512 0.115 
577 OmyJC18ROGR    (0)    2 :  0.875 0.040 0.032 0.024 0.030 
578 OmyJC18ROGR    (1)    2 :  0.042 0.307 0.401 0.101 0.148 
579 OmyJC18ROGR    (0)    2 :  0.585 0.101 0.184 0.029 0.101 
580 OmyJC18ROGR    (0)    2 :  0.030 0.213 0.256 0.248 0.254 
581 OmyJC18ROGR    (6)    2 :  0.058 0.188 0.183 0.458 0.113 
582 OmyJC18ROGR    (7)    2 :  0.032 0.189 0.148 0.125 0.505 
583 OmyJC18ROGR    (3)    2 :  0.055 0.214 0.129 0.122 0.480 
584 OmyJC18ROGR    (5)    2 :  0.059 0.239 0.248 0.187 0.267 
585 OmyJC18ROGR    (1)    2 :  0.117 0.275 0.396 0.064 0.148 
586 OmyJC18ROGR    (2)    2 :  0.023 0.372 0.326 0.132 0.146 
587 OmyJC18ROGR    (0)    2 :  0.917 0.027 0.023 0.014 0.020 
588 OmyJC18ROGR    (0)    2 :  0.200 0.337 0.206 0.121 0.136 
589 OmyJC18ROGR    (1)    2 :  0.081 0.233 0.125 0.192 0.369 
590 OmyJC18ROGR    (2)    2 :  0.015 0.380 0.366 0.057 0.182 
591 OmyJC18ROGR    (0)    2 :  0.047 0.314 0.199 0.167 0.274 
592 OmyJC18ROGR    (4)    2 :  0.043 0.285 0.386 0.161 0.125 
593 OmyJC18ROGR    (0)    2 :  0.136 0.327 0.190 0.104 0.244 
594 OmyJC18ROGR    (1)    2 :  0.036 0.310 0.438 0.084 0.132 
595 OmyJC18ROGR    (0)    2 :  0.188 0.180 0.124 0.352 0.157 
596 OmyJC18ROGR    (0)    2 :  0.084 0.276 0.233 0.214 0.193 
597 OmyJC18ROGR    (0)    2 :  0.120 0.232 0.180 0.355 0.112 
598 OmyJC18ROGR    (0)    2 :  0.050 0.223 0.281 0.191 0.254 
599 OmyJC18ROGR    (0)    2 :  0.124 0.191 0.136 0.072 0.477 
600 OmyJC18ROGR    (0)    2 :  0.062 0.274 0.293 0.088 0.283 
601 OmyJC18ROGR    (0)    2 :  0.027 0.177 0.166 0.435 0.194 
602 OmyJC18ROGR    (0)    2 :  0.195 0.215 0.086 0.157 0.346 
603 OmyJC18ROGR    (0)    2 :  0.034 0.171 0.487 0.098 0.211 
604 OmyJC18ROGR    (0)    2 :  0.033 0.131 0.114 0.066 0.656 
605 OmyJC18ROGR    (0)    2 :  0.040 0.211 0.261 0.250 0.239 
606 OmyJC18ROGR    (0)    2 :  0.091 0.324 0.301 0.127 0.157 
607 OmyJC18ROGR    (0)    2 :  0.036 0.165 0.203 0.034 0.562 
608 OmyJC18ROGR    (0)    2 :  0.034 0.184 0.304 0.063 0.415 
