

----------------------------------------------------
STRUCTURE by Pritchard, Stephens and Donnelly (2000)
     and Falush, Stephens and Pritchard (2003)
       Code by Pritchard, Falush and Hubisz
             Version 2.3.4 (Jul 2012)
----------------------------------------------------



Command line arguments:   bin/structure -m "/Users/ddayan/FRA/half_pounder_2023/structure/halfpounder/10k_20k_adm_corr/mainparams" -e "/Users/ddayan/FRA/half_pounder_2023/structure/halfpounder/10k_20k_adm_corr/extraparams" 
Input File:    /Users/ddayan/FRA/half_pounder_2023/structure/halfpounder/project_data

Run parameters:
   1000 individuals
   233 loci
   4 populations assumed
   10000 Burn-in period
   20000 Reps


--------------------------------------------
Proportion of membership of each pre-defined
 population in each of the 4 clusters

Given    Inferred Clusters              Number of
 Pop       1      2      3      4      Individuals

  1:     0.251  0.263  0.214  0.273      275
  2:     0.235  0.259  0.257  0.249      643
  3:     0.091  0.215  0.423  0.271       42
  4:     0.089  0.314  0.306  0.291       40
--------------------------------------------

Allele-freq. divergence among pops (Net nucleotide distance),
computed using point estimates of P.

      1       2       3       4      
 1      -    0.0089  0.0126  0.0104  
 2   0.0089     -    0.0031  0.0010  
 3   0.0126  0.0031     -    0.0042  
 4   0.0104  0.0010  0.0042     -    

Average distances (expected heterozygosity) between individuals in same cluster:
cluster  1  : 0.2829 
cluster  2  : 0.3160 
cluster  3  : 0.3063 
cluster  4  : 0.3112 

--------------------------------------------
Estimated Ln Prob of Data   = -217390.4
Mean value of ln likelihood = -215016.6
Variance of ln likelihood   = 4747.6
Mean value of alpha         = 0.3547

Mean value of Fst_1         = 0.0753
Mean value of Fst_2         = 0.0045
Mean value of Fst_3         = 0.0281
Mean value of Fst_4         = 0.0177


Inferred ancestry of individuals:
        Label (%Miss) Pop:  Inferred clusters
  1 OmyAC19ROGR    (0)    1 :  0.054 0.445 0.230 0.270 
  2 OmyAC19ROGR    (0)    1 :  0.154 0.375 0.073 0.398 
  3 OmyAC19ROGR    (0)    1 :  0.089 0.342 0.295 0.274 
  4 OmyAC19ROGR    (0)    1 :  0.043 0.140 0.067 0.751 
  5 OmyAC19ROGR    (1)    1 :  0.879 0.052 0.037 0.032 
  6 OmyAC19ROGR    (0)    1 :  0.379 0.125 0.349 0.147 
  7 OmyAC19ROGR    (0)    1 :  0.337 0.209 0.349 0.105 
  8 OmyAC19ROGR    (0)    1 :  0.046 0.203 0.632 0.119 
  9 OmyAC19ROGR    (0)    1 :  0.477 0.180 0.163 0.179 
 10 OmyAC19ROGR    (0)    1 :  0.418 0.287 0.074 0.221 
 11 OmyAC19ROGR    (0)    1 :  0.088 0.116 0.592 0.204 
 12 OmyAC19ROGR    (0)    1 :  0.280 0.357 0.140 0.223 
 13 OmyAC19ROGR    (0)    1 :  0.044 0.324 0.485 0.147 
 14 OmyAC19ROGR    (0)    1 :  0.255 0.329 0.277 0.138 
 15 OmyAC19ROGR    (0)    1 :  0.481 0.260 0.113 0.147 
 16 OmyAC19ROGR    (0)    1 :  0.115 0.219 0.414 0.253 
 17 OmyAC19ROGR    (0)    1 :  0.184 0.346 0.046 0.424 
 18 OmyAC19ROGR    (3)    1 :  0.029 0.524 0.204 0.244 
 19 OmyAC19ROGR    (0)    1 :  0.077 0.120 0.729 0.074 
 20 OmyAC19ROGR    (0)    1 :  0.369 0.307 0.054 0.270 
 21 OmyAC19ROGR    (0)    1 :  0.387 0.210 0.088 0.315 
 22 OmyAC19ROGR    (0)    1 :  0.106 0.156 0.620 0.118 
 23 OmyAC19ROGR    (0)    1 :  0.399 0.241 0.229 0.131 
 24 OmyAC19ROGR    (1)    1 :  0.060 0.226 0.234 0.480 
 25 OmyAC19ROGR    (0)    1 :  0.514 0.179 0.237 0.070 
 26 OmyAC19ROGR    (0)    1 :  0.155 0.395 0.318 0.131 
 27 OmyAC19ROGR    (2)    1 :  0.093 0.391 0.368 0.148 
 28 OmyAC19ROGR    (0)    1 :  0.083 0.278 0.141 0.498 
 29 OmyAC19ROGR    (0)    1 :  0.113 0.399 0.096 0.393 
 30 OmyAC19ROGR    (0)    1 :  0.494 0.249 0.156 0.101 
 31 OmyAC19ROGR    (0)    1 :  0.100 0.211 0.414 0.276 
 32 OmyAC19ROGR    (0)    1 :  0.212 0.261 0.101 0.426 
 33 OmyAC19ROGR    (0)    1 :  0.127 0.177 0.154 0.543 
 34 OmyAC19ROGR    (0)    1 :  0.522 0.176 0.139 0.162 
 35 OmyAC19ROGR    (0)    1 :  0.102 0.230 0.121 0.546 
 36 OmyAC19ROGR    (0)    1 :  0.081 0.210 0.604 0.105 
 37 OmyAC19ROGR    (0)    1 :  0.253 0.100 0.565 0.081 
 38 OmyAC19ROGR    (0)    1 :  0.617 0.125 0.170 0.088 
 39 OmyAC19ROGR    (0)    1 :  0.116 0.535 0.064 0.285 
 40 OmyAC19ROGR    (0)    1 :  0.436 0.225 0.095 0.244 
 41 OmyAC19ROGR    (0)    1 :  0.082 0.381 0.126 0.411 
 42 OmyAC19ROGR    (0)    1 :  0.780 0.076 0.068 0.076 
 43 OmyAC19ROGR    (0)    1 :  0.084 0.530 0.096 0.289 
 44 OmyAC19ROGR    (8)    1 :  0.069 0.204 0.200 0.527 
 45 OmyAC19ROGR    (2)    1 :  0.436 0.138 0.238 0.189 
 46 OmyAC19ROGR    (0)    1 :  0.122 0.177 0.276 0.425 
 47 OmyAC19ROGR    (0)    1 :  0.064 0.141 0.656 0.139 
 48 OmyAC19ROGR    (0)    1 :  0.052 0.545 0.212 0.191 
 49 OmyAC19ROGR    (0)    1 :  0.072 0.374 0.256 0.298 
 50 OmyAC19ROGR    (0)    1 :  0.053 0.503 0.060 0.384 
 51 OmyAC19ROGR    (2)    1 :  0.767 0.076 0.085 0.073 
 52 OmyAC19ROGR    (0)    1 :  0.810 0.080 0.060 0.050 
 53 OmyAC19ROGR    (1)    1 :  0.065 0.210 0.527 0.198 
 54 OmyAC19ROGR    (0)    1 :  0.115 0.346 0.149 0.390 
 55 OmyAC19ROGR    (4)    1 :  0.097 0.344 0.400 0.159 
 56 OmyAC19ROGR    (0)    1 :  0.258 0.156 0.418 0.168 
 57 OmyAC19ROGR    (0)    1 :  0.035 0.057 0.836 0.072 
 58 OmyAC19ROGR    (0)    1 :  0.594 0.068 0.292 0.046 
 59 OmyAC19ROGR    (0)    1 :  0.055 0.171 0.639 0.135 
 60 OmyAC19ROGR    (0)    1 :  0.165 0.120 0.604 0.112 
 61 OmyAC19ROGR    (0)    1 :  0.096 0.595 0.116 0.193 
 62 OmyAC19ROGR    (0)    1 :  0.105 0.397 0.346 0.151 
 63 OmyAC19ROGR    (0)    1 :  0.235 0.246 0.230 0.289 
 64 OmyAC19ROGR    (2)    1 :  0.102 0.232 0.098 0.569 
 65 OmyAC19ROGR    (0)    1 :  0.064 0.388 0.300 0.248 
 66 OmyAC19ROGR    (5)    1 :  0.312 0.278 0.272 0.138 
 67 OmyAC19ROGR    (0)    1 :  0.059 0.111 0.672 0.158 
 68 OmyAC19ROGR    (1)    1 :  0.236 0.313 0.231 0.219 
 69 OmyAC19ROGR    (3)    1 :  0.199 0.247 0.364 0.190 
 70 OmyAC19ROGR    (0)    1 :  0.065 0.348 0.105 0.482 
 71 OmyAC19ROGR    (0)    1 :  0.095 0.270 0.396 0.239 
 72 OmyAC19ROGR    (5)    1 :  0.071 0.339 0.267 0.323 
 73 OmyAC19ROGR    (0)    1 :  0.229 0.422 0.123 0.226 
 74 OmyAC19ROGR    (0)    1 :  0.117 0.345 0.096 0.442 
 75 OmyAC19ROGR    (0)    1 :  0.170 0.178 0.134 0.519 
 76 OmyAC19ROGR    (0)    1 :  0.088 0.328 0.168 0.417 
 77 OmyAC19ROGR    (1)    1 :  0.908 0.037 0.026 0.029 
 78 OmyAC19ROGR    (0)    1 :  0.051 0.578 0.074 0.297 
 79 OmyAC19ROGR    (3)    1 :  0.124 0.393 0.132 0.351 
 80 OmyAC19ROGR    (0)    1 :  0.781 0.077 0.075 0.066 
 81 OmyAC19ROGR    (3)    1 :  0.349 0.305 0.191 0.155 
 82 OmyAC19ROGR    (1)    1 :  0.022 0.111 0.725 0.142 
 83 OmyAC19ROGR    (0)    1 :  0.066 0.256 0.199 0.479 
 84 OmyAC19ROGR    (0)    1 :  0.119 0.231 0.417 0.233 
 85 OmyAC19ROGR    (7)    1 :  0.081 0.318 0.163 0.437 
 86 OmyAC19ROGR    (0)    1 :  0.132 0.361 0.126 0.381 
 87 OmyAC19ROGR    (0)    1 :  0.066 0.166 0.162 0.606 
 88 OmyJC19ROGR    (0)    2 :  0.834 0.086 0.038 0.041 
 89 OmyJC19ROGR    (0)    2 :  0.086 0.464 0.338 0.112 
 90 OmyJC19ROGR    (0)    2 :  0.867 0.044 0.029 0.060 
 91 OmyJC19ROGR    (0)    2 :  0.024 0.337 0.422 0.217 
 92 OmyJC19ROGR    (0)    2 :  0.091 0.373 0.122 0.414 
 93 OmyJC19ROGR    (0)    2 :  0.086 0.280 0.146 0.488 
 94 OmyJC19ROGR    (0)    2 :  0.171 0.388 0.087 0.353 
 95 OmyJC19ROGR    (0)    2 :  0.221 0.263 0.160 0.357 
 96 OmyJC19ROGR    (0)    2 :  0.256 0.339 0.188 0.216 
 97 OmyJC19ROGR    (0)    2 :  0.367 0.240 0.204 0.189 
 98 OmyJC19ROGR    (0)    2 :  0.071 0.211 0.360 0.359 
 99 OmyJC19ROGR    (0)    2 :  0.090 0.199 0.356 0.355 
100 OmyJC19ROGR    (0)    2 :  0.065 0.439 0.345 0.150 
101 OmyJC19ROGR    (1)    2 :  0.548 0.136 0.168 0.147 
102 OmyJC19ROGR    (0)    2 :  0.137 0.296 0.310 0.257 
103 OmyJC19ROGR    (0)    2 :  0.352 0.268 0.164 0.216 
104 OmyJC19ROGR    (0)    2 :  0.045 0.330 0.480 0.145 
105 OmyJC19ROGR    (0)    2 :  0.296 0.134 0.187 0.383 
106 OmyJC19ROGR    (0)    2 :  0.867 0.050 0.036 0.047 
107 OmyJC19ROGR    (0)    2 :  0.236 0.086 0.549 0.129 
108 OmyJC19ROGR    (0)    2 :  0.107 0.224 0.127 0.541 
109 OmyJC19ROGR    (0)    2 :  0.197 0.313 0.318 0.172 
110 OmyJC19ROGR    (0)    2 :  0.560 0.136 0.137 0.166 
111 OmyJC19ROGR    (0)    2 :  0.077 0.126 0.677 0.119 
112 OmyJC19ROGR    (2)    2 :  0.260 0.322 0.298 0.120 
113 OmyJC19ROGR    (0)    2 :  0.561 0.226 0.111 0.103 
114 OmyJC19ROGR    (5)    2 :  0.066 0.539 0.124 0.272 
115 OmyJC19ROGR    (0)    2 :  0.049 0.192 0.083 0.676 
116 OmyJC19ROGR    (0)    2 :  0.139 0.500 0.108 0.253 
117 OmyJC19ROGR    (0)    2 :  0.165 0.327 0.244 0.264 
118 OmyJC19ROGR    (0)    2 :  0.045 0.254 0.226 0.475 
119 OmyJC19ROGR    (2)    2 :  0.056 0.270 0.126 0.548 
120 OmyJC19ROGR    (0)    2 :  0.048 0.239 0.602 0.111 
121 OmyJC19ROGR    (0)    2 :  0.048 0.183 0.560 0.209 
122 OmyJC19ROGR    (0)    2 :  0.097 0.296 0.239 0.368 
123 OmyJC19ROGR    (1)    2 :  0.033 0.243 0.161 0.562 
124 OmyJC19ROGR    (0)    2 :  0.256 0.272 0.092 0.380 
125 OmyJC19ROGR    (0)    2 :  0.124 0.526 0.147 0.203 
126 OmyJC19ROGR    (0)    2 :  0.753 0.101 0.041 0.104 
127 OmyJC19ROGR    (0)    2 :  0.055 0.280 0.446 0.220 
128 OmyJC19ROGR    (1)    2 :  0.057 0.391 0.230 0.321 
129 OmyJC19ROGR    (0)    2 :  0.307 0.420 0.094 0.178 
130 OmyJC19ROGR    (2)    2 :  0.133 0.622 0.078 0.168 
131 OmyJC19ROGR    (0)    2 :  0.099 0.167 0.552 0.182 
132 OmyJC19ROGR    (0)    2 :  0.091 0.170 0.177 0.562 
133 OmyJC19ROGR    (0)    2 :  0.041 0.154 0.127 0.678 
134 OmyJC19ROGR    (0)    2 :  0.081 0.326 0.266 0.327 
135 OmyJC19ROGR    (0)    2 :  0.085 0.146 0.670 0.099 
136 OmyJC19ROGR    (4)    2 :  0.128 0.218 0.141 0.513 
137 OmyJC19ROGR    (0)    2 :  0.229 0.320 0.285 0.165 
138 OmyJC19ROGR    (0)    2 :  0.681 0.079 0.161 0.079 
139 OmyJC19ROGR    (3)    2 :  0.049 0.438 0.363 0.150 
140 OmyJC19ROGR    (1)    2 :  0.131 0.592 0.118 0.160 
141 OmyJC19ROGR    (0)    2 :  0.188 0.496 0.105 0.211 
142 OmyJC19ROGR    (0)    2 :  0.488 0.158 0.207 0.146 
143 OmyJC19ROGR    (0)    2 :  0.165 0.156 0.129 0.550 
144 OmyJC19ROGR    (0)    2 :  0.034 0.238 0.581 0.147 
145 OmyJC19ROGR    (0)    2 :  0.054 0.431 0.241 0.274 
146 OmyJC19ROGR    (1)    2 :  0.137 0.283 0.349 0.232 
147 OmyJC19ROGR    (0)    2 :  0.257 0.107 0.503 0.133 
148 OmyJC19ROGR    (0)    2 :  0.071 0.095 0.693 0.141 
149 OmyJC19ROGR    (0)    2 :  0.062 0.207 0.257 0.474 
150 OmyJC19ROGR    (1)    2 :  0.100 0.249 0.114 0.537 
151 OmyJC19ROGR    (0)    2 :  0.150 0.548 0.080 0.222 
152 OmyJC19ROGR    (0)    2 :  0.054 0.101 0.479 0.367 
153 OmyJC19ROGR    (0)    2 :  0.108 0.115 0.595 0.183 
154 OmyJC19ROGR    (0)    2 :  0.134 0.259 0.418 0.189 
155 OmyJC19ROGR    (0)    2 :  0.087 0.584 0.115 0.214 
156 OmyJC19ROGR    (0)    2 :  0.127 0.208 0.304 0.361 
157 OmyJC19ROGR    (0)    2 :  0.277 0.336 0.148 0.240 
158 OmyJC19ROGR    (0)    2 :  0.027 0.173 0.291 0.509 
159 OmyJC19ROGR    (0)    2 :  0.059 0.249 0.169 0.523 
160 OmyJC19ROGR    (0)    2 :  0.141 0.391 0.240 0.228 
161 OmyJC19ROGR    (1)    2 :  0.041 0.114 0.719 0.126 
162 OmyJC19ROGR    (0)    2 :  0.276 0.129 0.284 0.311 
163 OmyJC19ROGR    (0)    2 :  0.124 0.176 0.534 0.166 
164 OmyJC19ROGR    (0)    2 :  0.033 0.328 0.374 0.264 
165 OmyJC19ROGR    (0)    2 :  0.049 0.257 0.252 0.442 
166 OmyJC19ROGR    (0)    2 :  0.103 0.335 0.122 0.440 
167 OmyJC19ROGR    (0)    2 :  0.172 0.239 0.360 0.229 
168 OmyJC19ROGR    (0)    2 :  0.136 0.416 0.159 0.289 
169 OmyJC19ROGR    (0)    2 :  0.876 0.052 0.023 0.049 
170 OmyJC19ROGR    (0)    2 :  0.132 0.305 0.185 0.378 
171 OmyJC19ROGR    (0)    2 :  0.070 0.237 0.240 0.453 
172 OmyJC19ROGR    (0)    2 :  0.318 0.174 0.374 0.134 
173 OmyJC19ROGR    (0)    2 :  0.836 0.057 0.045 0.062 
174 OmyJC19ROGR    (0)    2 :  0.052 0.534 0.129 0.285 
175 OmyJC19ROGR    (0)    2 :  0.058 0.320 0.090 0.533 
176 OmyJC19ROGR    (0)    2 :  0.255 0.287 0.340 0.118 
177 OmyJC19ROGR    (0)    2 :  0.029 0.070 0.770 0.131 
178 OmyJC19ROGR    (0)    2 :  0.071 0.528 0.208 0.193 
179 OmyJC19ROGR    (0)    2 :  0.072 0.450 0.135 0.344 
180 OmyJC19ROGR    (0)    2 :  0.826 0.060 0.056 0.058 
181 OmyJC19ROGR    (0)    2 :  0.128 0.327 0.124 0.422 
182 OmyJC19ROGR    (0)    2 :  0.119 0.279 0.456 0.146 
183 OmyJC19ROGR    (0)    2 :  0.078 0.249 0.376 0.297 
184 OmyJC19ROGR    (0)    2 :  0.735 0.089 0.096 0.081 
185 OmyJC19ROGR    (0)    2 :  0.028 0.726 0.115 0.130 
186 OmyJC19ROGR    (0)    2 :  0.361 0.208 0.222 0.209 
187 OmyJC19ROGR    (0)    2 :  0.076 0.233 0.076 0.615 
188 OmyJC19ROGR    (0)    2 :  0.070 0.333 0.210 0.388 
189 OmyJC19ROGR    (0)    2 :  0.339 0.156 0.175 0.330 
190 OmyJC19ROGR    (0)    2 :  0.136 0.177 0.483 0.204 
191 OmyJC19ROGR    (0)    2 :  0.097 0.164 0.174 0.565 
192 OmyJC19ROGR    (0)    2 :  0.053 0.414 0.156 0.376 
193 OmyJC19ROGR    (0)    2 :  0.253 0.138 0.481 0.128 
194 OmyJC19ROGR    (0)    2 :  0.037 0.231 0.568 0.164 
195 OmyJC19ROGR    (0)    2 :  0.768 0.080 0.034 0.118 
196 OmyJC19ROGR    (0)    2 :  0.055 0.288 0.048 0.609 
197 OmyJC19ROGR    (0)    2 :  0.073 0.363 0.270 0.293 
198 OmyJC19ROGR    (0)    2 :  0.809 0.061 0.079 0.052 
199 OmyJC19ROGR    (0)    2 :  0.042 0.406 0.335 0.216 
200 OmyJC19ROGR    (0)    2 :  0.249 0.234 0.226 0.292 
201 OmyJC19ROGR    (0)    2 :  0.042 0.301 0.387 0.270 
202 OmyJC19ROGR    (0)    2 :  0.043 0.165 0.393 0.399 
203 OmyJC19ROGR    (0)    2 :  0.062 0.152 0.114 0.672 
204 OmyJC19ROGR    (0)    2 :  0.142 0.289 0.209 0.360 
205 OmyJC19ROGR    (0)    2 :  0.189 0.216 0.317 0.278 
206 OmyJC19ROGR    (0)    2 :  0.876 0.055 0.033 0.036 
207 OmyJC19ROGR    (0)    2 :  0.450 0.177 0.285 0.088 
208 OmyJC19ROGR    (0)    2 :  0.078 0.435 0.279 0.209 
209 OmyJC19ROGR    (0)    2 :  0.388 0.267 0.223 0.123 
210 OmyJC19ROGR    (0)    2 :  0.857 0.047 0.027 0.070 
211 OmyJC19ROGR    (0)    2 :  0.163 0.284 0.401 0.152 
212 OmyJC19ROGR    (1)    2 :  0.250 0.070 0.588 0.092 
213 OmyJC19ROGR    (1)    2 :  0.132 0.408 0.102 0.358 
214 OmyJC19ROGR    (0)    2 :  0.196 0.153 0.460 0.192 
215 OmyJC19ROGR    (0)    2 :  0.046 0.283 0.130 0.541 
216 OmyJC19ROGR    (0)    2 :  0.519 0.159 0.236 0.086 
217 OmyJC19ROGR    (0)    2 :  0.621 0.151 0.112 0.116 
218 OmyJC19ROGR    (0)    2 :  0.089 0.197 0.129 0.586 
219 OmyJC19ROGR    (0)    2 :  0.272 0.249 0.352 0.127 
220 OmyJC19ROGR    (0)    2 :  0.025 0.179 0.589 0.206 
221 OmyJC19ROGR    (0)    2 :  0.200 0.148 0.496 0.156 
222 OmyJC19ROGR    (0)    2 :  0.055 0.521 0.203 0.221 
223 OmyJC19ROGR    (0)    2 :  0.167 0.249 0.396 0.189 
224 OmyJC19ROGR    (1)    2 :  0.114 0.454 0.165 0.267 
225 OmyJC19ROGR    (0)    2 :  0.765 0.045 0.148 0.041 
226 OmyJC19ROGR    (0)    2 :  0.399 0.260 0.064 0.277 
227 OmyJC19ROGR    (0)    2 :  0.850 0.043 0.037 0.071 
228 OmyJC19ROGR    (0)    2 :  0.076 0.370 0.324 0.230 
229 OmyJC19ROGR    (0)    2 :  0.060 0.182 0.188 0.571 
230 OmyJC19ROGR    (0)    2 :  0.260 0.218 0.261 0.261 
231 OmyJC19ROGR    (0)    2 :  0.194 0.244 0.397 0.165 
232 OmyJC19ROGR    (2)    2 :  0.144 0.257 0.368 0.231 
233 OmyJC19ROGR    (0)    2 :  0.271 0.167 0.327 0.235 
234 OmyJC19ROGR    (0)    2 :  0.882 0.044 0.034 0.041 
235 OmyJC19ROGR    (0)    2 :  0.714 0.122 0.078 0.086 
236 OmyJC19ROGR    (0)    2 :  0.047 0.105 0.771 0.077 
237 OmyJC19ROGR    (0)    2 :  0.135 0.223 0.537 0.105 
238 OmyJC19ROGR    (0)    2 :  0.099 0.096 0.724 0.080 
239 OmyJC19ROGR    (0)    2 :  0.073 0.536 0.277 0.114 
240 OmyJC19ROGR    (0)    2 :  0.101 0.328 0.170 0.401 
241 OmyJC19ROGR    (0)    2 :  0.272 0.331 0.119 0.278 
242 OmyJC19ROGR    (0)    2 :  0.034 0.228 0.611 0.126 
243 OmyJC19ROGR    (0)    2 :  0.072 0.250 0.242 0.437 
244 OmyJC19ROGR    (0)    2 :  0.075 0.192 0.125 0.609 
245 OmyJC19ROGR    (0)    2 :  0.844 0.057 0.043 0.056 
246 OmyJC19ROGR    (0)    2 :  0.202 0.191 0.318 0.289 
247 OmyJC19ROGR    (0)    2 :  0.688 0.084 0.074 0.153 
248 OmyJC19ROGR    (0)    2 :  0.432 0.286 0.070 0.213 
249 OmyJC19ROGR    (0)    2 :  0.113 0.215 0.095 0.577 
250 OmyJC19ROGR    (0)    2 :  0.144 0.348 0.124 0.384 
251 OmyJC19ROGR    (0)    2 :  0.098 0.248 0.077 0.576 
252 OmyJC19ROGR    (0)    2 :  0.115 0.323 0.380 0.182 
253 OmyJC19ROGR    (0)    2 :  0.143 0.502 0.074 0.281 
254 OmyJC19ROGR    (0)    2 :  0.179 0.279 0.120 0.423 
255 OmyJC19ROGR    (0)    2 :  0.096 0.225 0.312 0.367 
256 OmyJC19ROGR    (0)    2 :  0.191 0.204 0.212 0.394 
257 OmyJC19ROGR    (0)    2 :  0.093 0.178 0.086 0.643 
258 OmyAC19ROGR    (0)    1 :  0.133 0.502 0.207 0.158 
259 OmyAC19ROGR    (0)    1 :  0.427 0.262 0.193 0.118 
260 OmyAC19ROGR    (0)    1 :  0.086 0.646 0.062 0.207 
261 OmyAC19ROGR    (0)    1 :  0.156 0.398 0.078 0.369 
262 OmyAC19ROGR    (0)    1 :  0.165 0.595 0.072 0.167 
263 OmyAC19ROGR    (0)    1 :  0.135 0.162 0.320 0.382 
264 OmyAC19ROGR    (0)    1 :  0.100 0.291 0.114 0.495 
265 OmyAC19ROGR    (0)    1 :  0.069 0.138 0.074 0.718 
266 OmyAC19ROGR    (0)    1 :  0.051 0.299 0.113 0.537 
267 OmyAC19ROGR    (0)    1 :  0.345 0.175 0.074 0.406 
268 OmyAC19ROGR    (0)    1 :  0.181 0.216 0.332 0.271 
269 OmyAC19ROGR    (1)    1 :  0.217 0.386 0.100 0.297 
270 OmyAC19ROGR    (0)    1 :  0.086 0.220 0.078 0.616 
271 OmyAC19ROGR    (0)    1 :  0.453 0.176 0.116 0.255 
272 OmyAC19ROGR    (0)    1 :  0.238 0.317 0.238 0.207 
273 OmyAC19ROGR    (0)    1 :  0.056 0.435 0.169 0.340 
274 OmyAC19ROGR    (0)    1 :  0.658 0.127 0.083 0.131 
275 OmyAC19ROGR    (0)    1 :  0.115 0.165 0.650 0.069 
276 OmyAC19ROGR    (0)    1 :  0.125 0.294 0.248 0.333 
277 OmyAC19ROGR    (0)    1 :  0.230 0.417 0.145 0.208 
278 OmyAC19ROGR    (0)    1 :  0.319 0.119 0.413 0.149 
279 OmyAC19ROGR    (0)    1 :  0.233 0.351 0.347 0.069 
280 OmyAC19ROGR    (0)    1 :  0.257 0.337 0.122 0.285 
281 OmyAC19ROGR    (0)    1 :  0.097 0.228 0.147 0.528 
282 OmyAC19ROGR    (0)    1 :  0.239 0.386 0.162 0.214 
283 OmyAC19ROGR    (0)    1 :  0.155 0.220 0.218 0.407 
284 OmyAC19ROGR    (0)    1 :  0.056 0.134 0.128 0.682 
285 OmyAC19ROGR    (0)    1 :  0.089 0.276 0.192 0.443 
286 OmyAC19ROGR    (0)    1 :  0.060 0.325 0.159 0.455 
287 OmyAC19ROGR    (0)    1 :  0.917 0.034 0.020 0.030 
288 OmyAC19ROGR    (0)    1 :  0.604 0.052 0.298 0.046 
289 OmyAC19ROGR    (0)    1 :  0.178 0.206 0.143 0.474 
290 OmyAC19ROGR    (1)    1 :  0.904 0.032 0.034 0.030 
291 OmyAC19ROGR    (0)    1 :  0.456 0.190 0.109 0.245 
292 OmyAC19ROGR    (0)    1 :  0.189 0.390 0.146 0.276 
293 OmyAC19ROGR    (0)    1 :  0.095 0.167 0.529 0.208 
294 OmyAC19ROGR    (0)    1 :  0.351 0.191 0.067 0.391 
295 OmyAC19ROGR    (0)    1 :  0.054 0.490 0.048 0.409 
296 OmyAC19ROGR    (0)    1 :  0.060 0.281 0.565 0.094 
297 OmyAC19ROGR    (0)    1 :  0.610 0.123 0.053 0.213 
298 OmyAC19ROGR    (0)    1 :  0.088 0.315 0.251 0.346 
299 OmyAC19ROGR    (0)    1 :  0.255 0.249 0.193 0.303 
300 OmyAC19ROGR    (0)    1 :  0.104 0.251 0.172 0.472 
301 OmyAC19ROGR    (0)    1 :  0.842 0.053 0.041 0.063 
302 OmyAC19ROGR    (0)    1 :  0.589 0.129 0.143 0.139 
303 OmyAC19ROGR    (0)    1 :  0.145 0.356 0.153 0.346 
304 OmyAC19ROGR    (0)    1 :  0.356 0.110 0.433 0.100 
305 OmyAC19ROGR    (0)    1 :  0.082 0.161 0.174 0.583 
306 OmyAC19ROGR    (0)    1 :  0.537 0.211 0.071 0.181 
307 OmyAC19ROGR    (1)    1 :  0.069 0.275 0.271 0.384 
308 OmyAC19ROGR    (0)    1 :  0.202 0.360 0.143 0.295 
309 OmyAC19ROGR    (0)    1 :  0.762 0.087 0.044 0.106 
310 OmyAC19ROGR    (0)    1 :  0.364 0.252 0.091 0.293 
311 OmyAC19ROGR    (0)    1 :  0.608 0.209 0.103 0.080 
312 OmyAC19ROGR    (0)    1 :  0.091 0.258 0.144 0.507 
313 OmyAC19ROGR    (0)    1 :  0.103 0.284 0.265 0.348 
314 OmyAC19ROGR    (0)    1 :  0.200 0.236 0.310 0.254 
315 OmyAC19ROGR    (0)    1 :  0.192 0.297 0.089 0.423 
316 OmyAC19ROGR    (0)    1 :  0.065 0.227 0.057 0.652 
317 OmyAC19ROGR    (0)    1 :  0.058 0.169 0.645 0.128 
318 OmyAC19ROGR    (0)    1 :  0.041 0.300 0.368 0.291 
319 OmyAC19ROGR    (0)    1 :  0.041 0.267 0.243 0.449 
320 OmyAC19ROGR    (0)    1 :  0.037 0.190 0.267 0.506 
321 OmyAC19ROGR    (0)    1 :  0.054 0.388 0.179 0.379 
322 OmyAC19ROGR    (0)    1 :  0.372 0.443 0.073 0.112 
323 OmyAC19ROGR    (0)    1 :  0.112 0.512 0.181 0.196 
324 OmyAC19ROGR    (0)    1 :  0.051 0.251 0.074 0.624 
325 OmyAC19ROGR    (0)    1 :  0.301 0.263 0.100 0.336 
326 OmyAC19ROGR    (0)    1 :  0.077 0.311 0.106 0.505 
327 OmyAC19ROGR    (0)    1 :  0.059 0.213 0.085 0.643 
328 OmyAC20ROGR    (0)    1 :  0.069 0.234 0.357 0.340 
329 OmyAC20ROGR    (0)    1 :  0.206 0.236 0.286 0.271 
330 OmyAC20ROGR    (0)    1 :  0.210 0.278 0.303 0.209 
331 OmyAC20ROGR    (0)    1 :  0.623 0.103 0.098 0.176 
332 OmyAC20ROGR    (0)    1 :  0.258 0.209 0.158 0.376 
333 OmyAC20ROGR    (0)    1 :  0.273 0.129 0.075 0.523 
334 OmyAC20ROGR    (0)    1 :  0.118 0.252 0.118 0.511 
335 OmyAC20ROGR    (0)    1 :  0.053 0.482 0.137 0.329 
336 OmyAC20ROGR    (0)    1 :  0.217 0.292 0.178 0.313 
337 OmyAC20ROGR    (0)    1 :  0.536 0.178 0.158 0.128 
338 OmyAC20ROGR    (0)    1 :  0.130 0.385 0.074 0.411 
339 OmyAC20ROGR    (0)    1 :  0.122 0.323 0.240 0.316 
340 OmyAC20ROGR    (0)    1 :  0.099 0.264 0.192 0.445 
341 OmyAC20ROGR    (0)    1 :  0.091 0.255 0.507 0.147 
342 OmyAC20ROGR    (0)    1 :  0.232 0.268 0.276 0.224 
343 OmyAC20ROGR    (0)    1 :  0.074 0.144 0.610 0.172 
344 OmyAC20ROGR    (0)    1 :  0.345 0.180 0.234 0.241 
345 OmyAC20ROGR    (1)    1 :  0.195 0.413 0.044 0.347 
346 OmyAC20ROGR    (0)    1 :  0.291 0.197 0.070 0.442 
347 OmyAC20ROGR    (0)    1 :  0.344 0.244 0.248 0.164 
348 OmyAC20ROGR    (0)    1 :  0.178 0.157 0.430 0.236 
349 OmyAC20ROGR    (0)    1 :  0.063 0.193 0.376 0.368 
350 OmyAC20ROGR    (0)    1 :  0.106 0.098 0.721 0.075 
351 OmyAC20ROGR    (0)    1 :  0.118 0.361 0.126 0.395 
352 OmyAC20ROGR    (0)    1 :  0.079 0.504 0.170 0.247 
353 OmyAC20ROGR    (0)    1 :  0.133 0.330 0.109 0.428 
354 OmyAC20ROGR    (0)    1 :  0.388 0.186 0.306 0.120 
355 OmyAC20ROGR    (0)    1 :  0.177 0.088 0.632 0.103 
356 OmyAC20ROGR    (0)    1 :  0.298 0.231 0.127 0.343 
357 OmyAC20ROGR    (0)    1 :  0.093 0.363 0.257 0.288 
358 OmyAC20ROGR    (0)    1 :  0.079 0.416 0.202 0.302 
359 OmyAC20ROGR    (0)    1 :  0.438 0.254 0.223 0.084 
360 OmyAC20ROGR    (0)    1 :  0.231 0.406 0.118 0.245 
361 OmyAC20ROGR    (0)    1 :  0.063 0.232 0.530 0.175 
362 OmyAC20ROGR    (0)    1 :  0.159 0.418 0.160 0.263 
363 OmyAC20ROGR    (0)    1 :  0.414 0.112 0.344 0.130 
364 OmyAC20ROGR    (1)    1 :  0.094 0.302 0.259 0.346 
365 OmyAC20ROGR    (0)    1 :  0.051 0.289 0.126 0.534 
366 OmyAC20ROGR    (0)    1 :  0.041 0.239 0.071 0.649 
367 OmyAC20ROGR    (0)    1 :  0.107 0.615 0.090 0.188 
368 OmyAC20ROGR    (0)    1 :  0.082 0.605 0.173 0.140 
369 OmyAC20ROGR    (0)    1 :  0.360 0.205 0.322 0.113 
370 OmyAC20ROGR    (0)    1 :  0.710 0.152 0.069 0.070 
371 OmyAC20ROGR    (0)    1 :  0.778 0.078 0.074 0.070 
372 OmyAC20ROGR    (2)    1 :  0.845 0.050 0.042 0.062 
373 OmyAC20ROGR    (0)    1 :  0.660 0.088 0.176 0.076 
374 OmyAC20ROGR    (0)    1 :  0.044 0.469 0.174 0.313 
375 OmyAC20ROGR    (0)    1 :  0.161 0.292 0.153 0.394 
376 OmyAC20ROGR    (0)    1 :  0.274 0.295 0.229 0.202 
377 OmyAC20ROGR    (0)    1 :  0.052 0.257 0.164 0.527 
378 OmyAC20ROGR    (0)    1 :  0.048 0.365 0.320 0.268 
379 OmyAC20ROGR    (0)    1 :  0.506 0.180 0.150 0.163 
380 OmyAC20ROGR    (0)    1 :  0.046 0.265 0.056 0.632 
381 OmyAC20ROGR    (0)    1 :  0.180 0.355 0.179 0.287 
382 OmyAC20ROGR    (0)    1 :  0.830 0.053 0.058 0.059 
383 OmyAC20ROGR    (0)    1 :  0.167 0.335 0.056 0.443 
384 OmyAC20ROGR    (0)    1 :  0.456 0.189 0.153 0.202 
385 OmyAC20ROGR    (0)    1 :  0.290 0.323 0.226 0.162 
386 OmyAC20ROGR    (0)    1 :  0.321 0.277 0.090 0.312 
387 OmyAC20ROGR    (0)    1 :  0.492 0.152 0.065 0.292 
388 OmyAC20ROGR    (0)    1 :  0.530 0.136 0.139 0.195 
389 OmyAC20ROGR    (0)    1 :  0.082 0.140 0.078 0.701 
390 OmyAC20ROGR    (0)    1 :  0.030 0.111 0.761 0.097 
391 OmyAC20ROGR    (0)    1 :  0.598 0.088 0.222 0.091 
392 OmyAC20ROGR    (0)    1 :  0.431 0.236 0.163 0.169 
393 OmyAC20ROGR    (0)    1 :  0.145 0.241 0.353 0.262 
394 OmyAC20ROGR    (0)    1 :  0.203 0.463 0.206 0.129 
395 OmyAC20ROGR    (0)    1 :  0.130 0.323 0.345 0.202 
396 OmyAC20ROGR    (0)    1 :  0.127 0.314 0.300 0.259 
397 OmyAC20ROGR    (0)    1 :  0.251 0.362 0.067 0.321 
398 OmyAC20ROGR    (0)    1 :  0.646 0.123 0.056 0.175 
399 OmyAC20ROGR    (0)    1 :  0.242 0.518 0.058 0.182 
400 OmyAC20ROGR    (0)    1 :  0.164 0.326 0.072 0.438 
401 OmyAC20ROGR    (0)    1 :  0.739 0.090 0.120 0.051 
402 OmyAC20ROGR    (0)    1 :  0.031 0.204 0.501 0.263 
403 OmyAC20ROGR    (0)    1 :  0.164 0.467 0.228 0.140 
404 OmyAC20ROGR    (0)    1 :  0.037 0.147 0.149 0.667 
405 OmyAC20ROGR    (0)    1 :  0.480 0.211 0.223 0.086 
406 OmyAC20ROGR    (0)    1 :  0.080 0.334 0.350 0.236 
407 OmyAC20ROGR    (0)    1 :  0.083 0.510 0.058 0.348 
408 OmyAC20ROGR    (0)    1 :  0.151 0.082 0.679 0.088 
409 OmyAC20ROGR    (0)    1 :  0.067 0.201 0.115 0.617 
410 OmyAC20ROGR    (0)    1 :  0.815 0.073 0.033 0.079 
411 OmyAC20ROGR    (0)    1 :  0.673 0.108 0.083 0.136 
412 OmyAC20ROGR    (0)    1 :  0.309 0.150 0.167 0.375 
413 OmyAC20ROGR    (0)    1 :  0.149 0.289 0.091 0.471 
414 OmyAC20ROGR    (0)    1 :  0.435 0.272 0.152 0.141 
415 OmyAC20ROGR    (0)    1 :  0.076 0.443 0.151 0.330 
416 OmyAC20ROGR    (0)    1 :  0.076 0.214 0.093 0.616 
417 OmyAC20ROGR    (0)    1 :  0.041 0.269 0.126 0.565 
418 OmyAC20ROGR    (0)    1 :  0.276 0.245 0.148 0.331 
419 OmyAC20ROGR    (0)    1 :  0.521 0.177 0.189 0.112 
420 OmyAC20ROGR    (0)    1 :  0.078 0.226 0.630 0.065 
421 OmyAC20ROGR    (0)    1 :  0.146 0.323 0.084 0.447 
422 OmyAC20ROGR    (0)    1 :  0.851 0.059 0.035 0.054 
423 OmyAC20ROGR    (0)    1 :  0.067 0.430 0.060 0.443 
424 OmyAC20ROGR    (0)    1 :  0.050 0.349 0.486 0.116 
425 OmyAC20ROGR    (0)    1 :  0.859 0.040 0.056 0.045 
426 OmyAC20ROGR    (0)    1 :  0.101 0.199 0.058 0.642 
427 OmyAC20ROGR    (0)    1 :  0.113 0.347 0.117 0.423 
428 OmyAC20ROGR    (0)    1 :  0.834 0.063 0.038 0.064 
429 OmyAC20ROGR    (0)    1 :  0.052 0.168 0.510 0.270 
430 OmyAC20ROGR    (0)    1 :  0.127 0.472 0.176 0.225 
431 OmyAC20ROGR    (0)    1 :  0.584 0.176 0.072 0.168 
432 OmyAC20ROGR    (0)    1 :  0.866 0.045 0.041 0.048 
433 OmyAC20ROGR    (0)    1 :  0.718 0.063 0.172 0.047 
434 OmyAC20ROGR    (0)    1 :  0.411 0.309 0.083 0.197 
435 OmyAC20ROGR    (0)    1 :  0.071 0.407 0.090 0.432 
436 OmyAC20ROGR    (0)    1 :  0.114 0.403 0.067 0.416 
437 OmyAC20ROGR    (0)    1 :  0.713 0.076 0.117 0.094 
438 OmyAC20ROGR    (0)    1 :  0.438 0.329 0.116 0.117 
439 OmyAC20ROGR    (0)    1 :  0.133 0.614 0.050 0.203 
440 OmyAC20ROGR    (0)    1 :  0.652 0.102 0.076 0.170 
441 OmyAC20ROGR    (0)    1 :  0.058 0.409 0.420 0.113 
442 OmyAC20ROGR    (0)    1 :  0.148 0.530 0.167 0.154 
443 OmyAC20ROGR    (0)    1 :  0.060 0.737 0.075 0.128 
444 OmyAC20ROGR    (0)    1 :  0.305 0.145 0.062 0.488 
445 OmyAC20ROGR    (0)    1 :  0.203 0.358 0.280 0.158 
446 OmyJC18ROGR    (0)    2 :  0.365 0.149 0.286 0.200 
447 OmyJC18ROGR    (0)    2 :  0.157 0.252 0.246 0.345 
448 OmyJC18ROGR    (0)    2 :  0.159 0.505 0.144 0.192 
449 OmyJC18ROGR    (0)    2 :  0.605 0.088 0.248 0.059 
450 OmyJC18ROGR    (0)    2 :  0.647 0.144 0.097 0.112 
451 OmyJC18ROGR    (0)    2 :  0.829 0.082 0.031 0.057 
452 OmyJC18ROGR    (0)    2 :  0.382 0.300 0.118 0.200 
453 OmyJC18ROGR    (0)    2 :  0.036 0.088 0.810 0.065 
454 OmyJC18ROGR    (0)    2 :  0.802 0.075 0.050 0.072 
455 OmyJC18ROGR    (0)    2 :  0.148 0.212 0.152 0.488 
456 OmyJC18ROGR    (0)    2 :  0.823 0.084 0.043 0.050 
457 OmyJC18ROGR    (0)    2 :  0.155 0.233 0.063 0.550 
458 OmyJC18ROGR    (0)    2 :  0.176 0.130 0.560 0.134 
459 OmyJC18ROGR    (1)    2 :  0.037 0.189 0.100 0.675 
460 OmyJC18ROGR    (2)    2 :  0.207 0.438 0.183 0.172 
461 OmyJC18ROGR    (2)    2 :  0.417 0.270 0.114 0.200 
462 OmyJC18ROGR    (3)    2 :  0.291 0.333 0.278 0.099 
463 OmyJC18ROGR    (0)    2 :  0.715 0.108 0.125 0.052 
464 OmyJC18ROGR    (4)    2 :  0.043 0.261 0.119 0.577 
465 OmyJC18ROGR    (3)    2 :  0.134 0.355 0.225 0.287 
466 OmyJC18ROGR    (0)    2 :  0.176 0.499 0.159 0.167 
467 OmyJC18ROGR    (0)    2 :  0.111 0.295 0.117 0.478 
468 OmyJC18ROGR    (0)    2 :  0.162 0.215 0.468 0.155 
469 OmyJC18ROGR    (0)    2 :  0.823 0.082 0.032 0.062 
470 OmyJC18ROGR    (5)    2 :  0.517 0.168 0.165 0.150 
471 OmyJC18ROGR    (1)    2 :  0.210 0.464 0.119 0.207 
472 OmyJC18ROGR    (2)    2 :  0.131 0.482 0.104 0.283 
473 OmyJC18ROGR    (3)    2 :  0.062 0.333 0.270 0.335 
474 OmyJC18ROGR    (0)    2 :  0.061 0.091 0.760 0.087 
475 OmyJC18ROGR    (2)    2 :  0.478 0.224 0.177 0.120 
476 OmyJC18ROGR    (1)    2 :  0.058 0.574 0.092 0.276 
477 OmyJC18ROGR    (4)    2 :  0.244 0.226 0.429 0.101 
478 OmyJC18ROGR    (0)    2 :  0.093 0.223 0.178 0.506 
479 OmyJC18ROGR    (0)    2 :  0.051 0.442 0.100 0.407 
480 OmyJC18ROGR    (1)    2 :  0.180 0.198 0.187 0.434 
481 OmyJC18ROGR    (3)    2 :  0.122 0.425 0.273 0.180 
482 OmyJC18ROGR    (3)    2 :  0.040 0.264 0.554 0.142 
483 OmyJC18ROGR    (4)    2 :  0.058 0.409 0.330 0.204 
484 OmyJC18ROGR    (4)    2 :  0.071 0.516 0.172 0.241 
485 OmyJC18ROGR    (3)    2 :  0.482 0.149 0.166 0.202 
486 OmyJC18ROGR    (3)    2 :  0.452 0.230 0.177 0.142 
487 OmyJC18ROGR    (1)    2 :  0.153 0.158 0.429 0.259 
488 OmyJC18ROGR    (5)    2 :  0.086 0.361 0.174 0.379 
489 OmyJC18ROGR    (0)    2 :  0.053 0.538 0.172 0.237 
490 OmyJC18ROGR    (3)    2 :  0.123 0.598 0.137 0.142 
491 OmyJC18ROGR    (7)    2 :  0.097 0.098 0.725 0.080 
492 OmyJC18ROGR    (6)    2 :  0.040 0.086 0.765 0.109 
493 OmyJC18ROGR    (3)    2 :  0.177 0.382 0.092 0.349 
494 OmyJC18ROGR    (3)    2 :  0.786 0.081 0.060 0.073 
495 OmyJC18ROGR    (5)    2 :  0.383 0.173 0.154 0.290 
496 OmyJC18ROGR    (0)    2 :  0.151 0.320 0.228 0.300 
497 OmyJC18ROGR    (5)    2 :  0.038 0.168 0.669 0.124 
498 OmyJC18ROGR    (6)    2 :  0.168 0.605 0.090 0.138 
499 OmyJC18ROGR    (0)    2 :  0.062 0.465 0.098 0.376 
500 OmyJC18ROGR    (1)    2 :  0.081 0.182 0.592 0.145 
501 OmyJC18ROGR    (4)    2 :  0.477 0.248 0.123 0.151 
502 OmyJC18ROGR    (2)    2 :  0.257 0.252 0.329 0.163 
503 OmyJC18ROGR    (5)    2 :  0.077 0.332 0.360 0.231 
504 OmyJC18ROGR    (2)    2 :  0.263 0.486 0.165 0.087 
505 OmyJC18ROGR    (0)    2 :  0.339 0.212 0.193 0.256 
506 OmyJC18ROGR    (8)    2 :  0.102 0.291 0.433 0.175 
507 OmyJC18ROGR    (0)    2 :  0.187 0.289 0.351 0.173 
508 OmyJC18ROGR    (0)    2 :  0.224 0.182 0.447 0.146 
509 OmyJC18ROGR    (1)    2 :  0.886 0.036 0.036 0.043 
510 OmyJC18ROGR    (1)    2 :  0.136 0.487 0.147 0.231 
511 OmyJC18ROGR    (5)    2 :  0.221 0.251 0.284 0.244 
512 OmyJC18ROGR    (2)    2 :  0.766 0.072 0.099 0.062 
513 OmyJC18ROGR    (9)    2 :  0.354 0.157 0.252 0.238 
514 OmyJC18ROGR    (4)    2 :  0.436 0.129 0.273 0.162 
515 OmyJC18ROGR    (1)    2 :  0.130 0.176 0.432 0.262 
516 OmyJC18ROGR    (3)    2 :  0.213 0.281 0.139 0.367 
517 OmyJC18ROGR    (3)    2 :  0.570 0.196 0.120 0.115 
518 OmyJC18ROGR    (0)    2 :  0.092 0.269 0.518 0.121 
519 OmyJC18ROGR    (9)    2 :  0.089 0.186 0.240 0.486 
520 OmyJC18ROGR    (6)    2 :  0.142 0.612 0.135 0.112 
521 OmyJC18ROGR    (2)    2 :  0.176 0.313 0.331 0.180 
522 OmyJC18ROGR    (1)    2 :  0.161 0.478 0.102 0.259 
523 OmyJC18ROGR    (4)    2 :  0.121 0.360 0.225 0.294 
524 OmyJC18ROGR    (0)    2 :  0.099 0.408 0.062 0.431 
525 OmyJC18ROGR    (2)    2 :  0.103 0.194 0.401 0.302 
526 OmyJC18ROGR    (3)    2 :  0.120 0.225 0.482 0.173 
527 OmyJC18ROGR    (0)    2 :  0.070 0.471 0.161 0.299 
528 OmyJC18ROGR    (0)    2 :  0.066 0.225 0.303 0.406 
529 OmyJC18ROGR    (1)    2 :  0.068 0.385 0.083 0.465 
530 OmyJC18ROGR    (0)    2 :  0.065 0.276 0.397 0.262 
531 OmyJC18ROGR    (0)    2 :  0.233 0.276 0.067 0.424 
532 OmyJC18ROGR    (2)    2 :  0.044 0.336 0.251 0.369 
533 OmyJC18ROGR    (2)    2 :  0.036 0.327 0.093 0.544 
534 OmyJC18ROGR    (2)    2 :  0.104 0.398 0.197 0.301 
535 OmyJC18ROGR    (0)    2 :  0.081 0.527 0.123 0.268 
536 OmyJC18ROGR    (0)    2 :  0.061 0.334 0.191 0.414 
537 OmyJC18ROGR    (0)    2 :  0.037 0.337 0.243 0.382 
538 OmyJC18ROGR    (0)    2 :  0.103 0.330 0.168 0.399 
539 OmyJC18ROGR    (0)    2 :  0.080 0.328 0.171 0.421 
540 OmyJC18ROGR    (8)    2 :  0.088 0.132 0.695 0.085 
541 OmyJC18ROGR    (1)    2 :  0.134 0.200 0.147 0.519 
542 OmyJC18ROGR    (1)    2 :  0.315 0.161 0.350 0.175 
543 OmyJC18ROGR    (0)    2 :  0.145 0.227 0.456 0.172 
544 OmyJC18ROGR    (2)    2 :  0.084 0.209 0.241 0.465 
545 OmyJC18ROGR    (1)    2 :  0.542 0.271 0.068 0.119 
546 OmyJC18ROGR    (9)    2 :  0.041 0.381 0.214 0.364 
547 OmyJC18ROGR    (0)    2 :  0.182 0.319 0.067 0.431 
548 OmyJC18ROGR    (0)    2 :  0.261 0.235 0.325 0.180 
549 OmyJC18ROGR    (0)    2 :  0.146 0.247 0.254 0.352 
550 OmyJC18ROGR    (1)    2 :  0.571 0.111 0.096 0.222 
551 OmyJC18ROGR    (1)    2 :  0.099 0.212 0.387 0.302 
552 OmyJC18ROGR    (2)    2 :  0.155 0.245 0.092 0.508 
553 OmyJC18ROGR   (10)    2 :  0.085 0.288 0.261 0.367 
554 OmyJC18ROGR    (2)    2 :  0.082 0.325 0.329 0.264 
555 OmyJC18ROGR    (4)    2 :  0.071 0.343 0.368 0.217 
556 OmyJC18ROGR    (0)    2 :  0.140 0.179 0.392 0.289 
557 OmyJC18ROGR    (2)    2 :  0.254 0.460 0.144 0.142 
558 OmyJC18ROGR    (0)    2 :  0.343 0.297 0.064 0.296 
559 OmyJC18ROGR    (0)    2 :  0.080 0.214 0.608 0.098 
560 OmyJC18ROGR    (8)    2 :  0.181 0.321 0.329 0.168 
561 OmyJC18ROGR    (0)    2 :  0.039 0.207 0.075 0.679 
562 OmyJC18ROGR    (8)    2 :  0.179 0.232 0.315 0.273 
563 OmyJC18ROGR    (2)    2 :  0.096 0.525 0.227 0.151 
564 OmyJC18ROGR    (4)    2 :  0.115 0.171 0.133 0.582 
565 OmyJC18ROGR    (3)    2 :  0.196 0.242 0.276 0.286 
566 OmyJC18ROGR    (1)    2 :  0.216 0.433 0.223 0.129 
567 OmyJC18ROGR    (0)    2 :  0.090 0.515 0.293 0.103 
568 OmyJC18ROGR    (5)    2 :  0.209 0.199 0.203 0.390 
569 OmyJC18ROGR    (2)    2 :  0.052 0.175 0.675 0.098 
570 OmyJC18ROGR    (0)    2 :  0.091 0.529 0.116 0.264 
571 OmyJC18ROGR    (2)    2 :  0.108 0.558 0.096 0.237 
572 OmyJC18ROGR    (6)    2 :  0.093 0.308 0.388 0.211 
573 OmyJC18ROGR    (5)    2 :  0.496 0.202 0.133 0.170 
574 OmyJC18ROGR    (8)    2 :  0.231 0.350 0.136 0.283 
575 OmyJC18ROGR    (3)    2 :  0.057 0.402 0.228 0.313 
576 OmyJC18ROGR    (0)    2 :  0.166 0.140 0.550 0.144 
577 OmyJC18ROGR    (0)    2 :  0.865 0.048 0.033 0.053 
578 OmyJC18ROGR    (1)    2 :  0.084 0.509 0.190 0.217 
579 OmyJC18ROGR    (0)    2 :  0.619 0.209 0.040 0.132 
580 OmyJC18ROGR    (0)    2 :  0.053 0.319 0.370 0.258 
581 OmyJC18ROGR    (6)    2 :  0.093 0.222 0.530 0.155 
582 OmyJC18ROGR    (7)    2 :  0.055 0.262 0.176 0.507 
583 OmyJC18ROGR    (3)    2 :  0.075 0.206 0.190 0.529 
584 OmyJC18ROGR    (5)    2 :  0.095 0.319 0.255 0.330 
585 OmyJC18ROGR    (1)    2 :  0.159 0.525 0.092 0.223 
586 OmyJC18ROGR    (2)    2 :  0.042 0.532 0.223 0.202 
587 OmyJC18ROGR    (0)    2 :  0.904 0.034 0.026 0.036 
588 OmyJC18ROGR    (0)    2 :  0.258 0.442 0.188 0.112 
589 OmyJC18ROGR    (1)    2 :  0.123 0.187 0.313 0.376 
590 OmyJC18ROGR    (2)    2 :  0.023 0.464 0.102 0.411 
591 OmyJC18ROGR    (0)    2 :  0.077 0.236 0.232 0.455 
592 OmyJC18ROGR    (4)    2 :  0.087 0.461 0.260 0.192 
593 OmyJC18ROGR    (0)    2 :  0.200 0.355 0.185 0.260 
594 OmyJC18ROGR    (1)    2 :  0.068 0.541 0.120 0.271 
595 OmyJC18ROGR    (0)    2 :  0.247 0.140 0.438 0.175 
596 OmyJC18ROGR    (0)    2 :  0.135 0.271 0.257 0.337 
597 OmyJC18ROGR    (0)    2 :  0.166 0.228 0.453 0.154 
598 OmyJC18ROGR    (0)    2 :  0.089 0.353 0.231 0.327 
599 OmyJC18ROGR    (0)    2 :  0.181 0.170 0.104 0.545 
600 OmyJC18ROGR    (0)    2 :  0.109 0.437 0.152 0.302 
601 OmyJC18ROGR    (0)    2 :  0.042 0.224 0.502 0.232 
602 OmyJC18ROGR    (0)    2 :  0.260 0.159 0.229 0.353 
603 OmyJC18ROGR    (0)    2 :  0.055 0.562 0.164 0.219 
604 OmyJC18ROGR    (0)    2 :  0.059 0.134 0.106 0.701 
605 OmyJC18ROGR    (0)    2 :  0.076 0.277 0.349 0.298 
606 OmyJC18ROGR    (0)    2 :  0.153 0.481 0.185 0.181 
607 OmyJC18ROGR    (0)    2 :  0.062 0.188 0.058 0.692 
608 OmyJC18ROGR    (0)    2 :  0.051 0.305 0.096 0.549 
609 OmyJC18ROGR    (0)    2 :  0.076 0.127 0.669 0.127 
610 OmyJC18ROGR    (6)    2 :  0.741 0.091 0.050 0.118 
611 OmyJC18ROGR    (0)    2 :  0.307 0.259 0.256 0.178 
612 OmyJC18ROGR    (3)    2 :  0.181 0.422 0.116 0.282 
613 OmyJC18ROGR    (0)    2 :  0.157 0.329 0.204 0.309 
614 OmyJC18ROGR    (0)    2 :  0.320 0.236 0.253 0.191 
615 OmyJC18ROGR    (0)    2 :  0.040 0.331 0.082 0.547 
616 OmyJC18ROGR    (0)    2 :  0.082 0.067 0.785 0.067 
617 OmyJC18ROGR    (0)    2 :  0.152 0.349 0.183 0.317 
618 OmyJC18ROGR    (0)    2 :  0.226 0.321 0.061 0.392 
619 OmyJC18ROGR    (0)    2 :  0.070 0.416 0.219 0.295 
620 OmyJC18ROGR    (0)    2 :  0.324 0.090 0.495 0.091 
621 OmyJC18ROGR    (2)    2 :  0.086 0.109 0.670 0.134 
622 OmyJC18ROGR    (3)    2 :  0.157 0.174 0.418 0.252 
623 OmyJC18ROGR    (1)    2 :  0.144 0.238 0.054 0.563 
624 OmyJC18ROGR    (2)    2 :  0.126 0.172 0.341 0.361 
625 OmyJC18ROGR    (1)    2 :  0.291 0.284 0.125 0.300 
626 OmyJC18ROGR    (9)    2 :  0.053 0.314 0.483 0.150 
627 OmyJC18ROGR    (0)    2 :  0.171 0.372 0.154 0.302 
628 OmyJC18ROGR    (0)    2 :  0.901 0.033 0.036 0.030 
629 OmyJC18ROGR    (2)    2 :  0.204 0.118 0.126 0.552 
630 OmyJC18ROGR    (1)    2 :  0.032 0.069 0.819 0.079 
631 OmyJC18ROGR    (4)    2 :  0.043 0.479 0.117 0.361 
632 OmyJC18ROGR    (0)    2 :  0.104 0.160 0.628 0.109 
633 OmyJC18ROGR    (7)    2 :  0.083 0.314 0.421 0.182 
634 OmyJC18ROGR    (2)    2 :  0.373 0.166 0.072 0.389 
635 OmyJC18ROGR    (0)    2 :  0.039 0.102 0.762 0.097 
636 OmyJC18ROGR    (0)    2 :  0.239 0.162 0.528 0.071 
637 OmyJC18ROGR    (0)    2 :  0.200 0.490 0.114 0.196 
638 OmyJC18ROGR    (0)    2 :  0.087 0.086 0.752 0.075 
639 OmyJC18ROGR    (1)    2 :  0.146 0.463 0.257 0.133 
640 OmyJC18ROGR    (2)    2 :  0.449 0.210 0.065 0.275 
641 OmyJC18ROGR    (1)    2 :  0.122 0.610 0.084 0.185 
642 OmyJC18ROGR    (3)    2 :  0.239 0.242 0.060 0.460 
643 OmyJC18ROGR    (1)    2 :  0.089 0.391 0.349 0.171 
644 OmyJC18ROGR   (10)    2 :  0.038 0.374 0.103 0.486 
645 OmyJC18ROGR    (6)    2 :  0.231 0.257 0.116 0.397 
646 OmyJC18ROGR    (0)    2 :  0.064 0.130 0.187 0.619 
647 OmyJC18ROGR    (2)    2 :  0.187 0.400 0.097 0.316 
648 OmyJC18ROGR    (0)    2 :  0.041 0.192 0.581 0.186 
649 OmyJC18ROGR    (0)    2 :  0.071 0.284 0.080 0.564 
650 OmyJC18ROGR    (1)    2 :  0.047 0.266 0.239 0.448 
651 OmyJC18ROGR    (6)    2 :  0.795 0.082 0.083 0.041 
652 OmyJC18ROGR    (1)    2 :  0.203 0.224 0.176 0.397 
653 OmyJC18ROGR    (4)    2 :  0.079 0.381 0.432 0.108 
654 OmyJC18ROGR    (1)    2 :  0.143 0.315 0.319 0.223 
655 OmyJC18ROGR    (4)    2 :  0.390 0.274 0.099 0.237 
656 OmyJC18ROGR    (0)    2 :  0.064 0.573 0.085 0.278 
657 OmyJC18ROGR    (0)    2 :  0.104 0.468 0.152 0.276 
658 OmyJC18ROGR    (0)    2 :  0.055 0.200 0.591 0.154 
659 OmyJC18ROGR    (7)    2 :  0.030 0.336 0.118 0.516 
660 OmyJC18ROGR    (4)    2 :  0.125 0.168 0.089 0.618 
661 OmyJC18ROGR    (3)    2 :  0.045 0.133 0.088 0.734 
662 OmyJC18ROGR    (2)    2 :  0.078 0.370 0.072 0.480 
663 OmyJC18ROGR    (2)    2 :  0.321 0.206 0.315 0.158 
664 OmyJC18ROGR    (0)    2 :  0.042 0.177 0.476 0.306 
665 OmyJC18ROGR    (1)    2 :  0.163 0.244 0.153 0.440 
666 OmyJC18ROGR    (0)    2 :  0.766 0.071 0.098 0.065 
667 OmyJC18ROGR    (0)    2 :  0.449 0.215 0.113 0.223 
668 OmyJC18ROGR    (1)    2 :  0.294 0.174 0.149 0.383 
669 OmyJC18ROGR    (5)    2 :  0.194 0.415 0.129 0.262 
670 OmyJC18ROGR   (10)    2 :  0.047 0.256 0.136 0.560 
671 OmyJC18ROGR    (3)    2 :  0.080 0.482 0.128 0.311 
672 OmyJC18ROGR    (0)    2 :  0.040 0.388 0.322 0.250 
673 OmyJC18ROGR    (6)    2 :  0.075 0.079 0.787 0.060 
674 OmyJC18ROGR    (0)    2 :  0.098 0.356 0.324 0.222 
675 OmyJC18ROGR    (0)    2 :  0.040 0.240 0.569 0.151 
676 OmyJC18ROGR    (1)    2 :  0.084 0.451 0.152 0.313 
677 OmyJC18ROGR    (4)    2 :  0.309 0.304 0.079 0.308 
