

----------------------------------------------------
STRUCTURE by Pritchard, Stephens and Donnelly (2000)
     and Falush, Stephens and Pritchard (2003)
       Code by Pritchard, Falush and Hubisz
             Version 2.3.4 (Jul 2012)
----------------------------------------------------



Command line arguments:   bin/structure -m "/Users/ddayan/FRA/half_pounder_2023/structure/halfpounder/10k_20k_adm_corr/mainparams" -e "/Users/ddayan/FRA/half_pounder_2023/structure/halfpounder/10k_20k_adm_corr/extraparams" 
Input File:    /Users/ddayan/FRA/half_pounder_2023/structure/halfpounder/project_data

Run parameters:
   1000 individuals
   233 loci
   3 populations assumed
   10000 Burn-in period
   20000 Reps


--------------------------------------------
Proportion of membership of each pre-defined
 population in each of the 3 clusters

Given    Inferred Clusters       Number of
 Pop       1      2      3      Individuals

  1:     0.333  0.302  0.365      275
  2:     0.317  0.341  0.342      643
  3:     0.173  0.508  0.318       42
  4:     0.176  0.421  0.403       40
--------------------------------------------

Allele-freq. divergence among pops (Net nucleotide distance),
computed using point estimates of P.

      1       2       3      
 1      -    0.0140  0.0112  
 2   0.0140     -    0.0042  
 3   0.0112  0.0042     -    

Average distances (expected heterozygosity) between individuals in same cluster:
cluster  1  : 0.2836 
cluster  2  : 0.3081 
cluster  3  : 0.3156 

--------------------------------------------
Estimated Ln Prob of Data   = -216265.2
Mean value of ln likelihood = -215295.6
Variance of ln likelihood   = 1939.1
Mean value of alpha         = 0.8251

Mean value of Fst_1         = 0.0842
Mean value of Fst_2         = 0.0323
Mean value of Fst_3         = 0.0097


Inferred ancestry of individuals:
        Label (%Miss) Pop:  Inferred clusters
  1 OmyAC19ROGR    (0)    1 :  0.127 0.367 0.506 
  2 OmyAC19ROGR    (0)    1 :  0.276 0.184 0.540 
  3 OmyAC19ROGR    (0)    1 :  0.184 0.436 0.380 
  4 OmyAC19ROGR    (0)    1 :  0.112 0.209 0.680 
  5 OmyAC19ROGR    (1)    1 :  0.849 0.072 0.080 
  6 OmyAC19ROGR    (0)    1 :  0.457 0.369 0.174 
  7 OmyAC19ROGR    (0)    1 :  0.430 0.391 0.179 
  8 OmyAC19ROGR    (0)    1 :  0.085 0.673 0.242 
  9 OmyAC19ROGR    (0)    1 :  0.534 0.242 0.223 
 10 OmyAC19ROGR    (0)    1 :  0.489 0.137 0.374 
 11 OmyAC19ROGR    (0)    1 :  0.164 0.660 0.176 
 12 OmyAC19ROGR    (0)    1 :  0.378 0.235 0.387 
 13 OmyAC19ROGR    (0)    1 :  0.110 0.645 0.246 
 14 OmyAC19ROGR    (0)    1 :  0.352 0.437 0.211 
 15 OmyAC19ROGR    (0)    1 :  0.534 0.186 0.281 
 16 OmyAC19ROGR    (0)    1 :  0.231 0.474 0.295 
 17 OmyAC19ROGR    (0)    1 :  0.277 0.112 0.611 
 18 OmyAC19ROGR    (3)    1 :  0.066 0.349 0.586 
 19 OmyAC19ROGR    (0)    1 :  0.165 0.689 0.146 
 20 OmyAC19ROGR    (0)    1 :  0.431 0.104 0.465 
 21 OmyAC19ROGR    (0)    1 :  0.472 0.155 0.373 
 22 OmyAC19ROGR    (0)    1 :  0.193 0.620 0.187 
 23 OmyAC19ROGR    (0)    1 :  0.503 0.278 0.219 
 24 OmyAC19ROGR    (1)    1 :  0.129 0.342 0.529 
 25 OmyAC19ROGR    (0)    1 :  0.553 0.278 0.169 
 26 OmyAC19ROGR    (0)    1 :  0.271 0.447 0.282 
 27 OmyAC19ROGR    (2)    1 :  0.173 0.500 0.327 
 28 OmyAC19ROGR    (0)    1 :  0.206 0.264 0.530 
 29 OmyAC19ROGR    (0)    1 :  0.250 0.205 0.545 
 30 OmyAC19ROGR    (0)    1 :  0.585 0.193 0.222 
 31 OmyAC19ROGR    (0)    1 :  0.208 0.507 0.286 
 32 OmyAC19ROGR    (0)    1 :  0.335 0.191 0.474 
 33 OmyAC19ROGR    (0)    1 :  0.237 0.295 0.468 
 34 OmyAC19ROGR    (0)    1 :  0.574 0.207 0.219 
 35 OmyAC19ROGR    (0)    1 :  0.213 0.257 0.530 
 36 OmyAC19ROGR    (0)    1 :  0.158 0.638 0.205 
 37 OmyAC19ROGR    (0)    1 :  0.370 0.499 0.131 
 38 OmyAC19ROGR    (0)    1 :  0.648 0.212 0.139 
 39 OmyAC19ROGR    (0)    1 :  0.226 0.152 0.623 
 40 OmyAC19ROGR    (0)    1 :  0.485 0.174 0.342 
 41 OmyAC19ROGR    (0)    1 :  0.167 0.227 0.605 
 42 OmyAC19ROGR    (0)    1 :  0.744 0.118 0.139 
 43 OmyAC19ROGR    (0)    1 :  0.186 0.175 0.639 
 44 OmyAC19ROGR    (8)    1 :  0.153 0.411 0.436 
 45 OmyAC19ROGR    (2)    1 :  0.484 0.316 0.200 
 46 OmyAC19ROGR    (0)    1 :  0.234 0.465 0.301 
 47 OmyAC19ROGR    (0)    1 :  0.119 0.683 0.198 
 48 OmyAC19ROGR    (0)    1 :  0.124 0.345 0.532 
 49 OmyAC19ROGR    (0)    1 :  0.153 0.497 0.350 
 50 OmyAC19ROGR    (0)    1 :  0.114 0.125 0.761 
 51 OmyAC19ROGR    (2)    1 :  0.738 0.132 0.130 
 52 OmyAC19ROGR    (0)    1 :  0.781 0.114 0.106 
 53 OmyAC19ROGR    (1)    1 :  0.135 0.581 0.284 
 54 OmyAC19ROGR    (0)    1 :  0.224 0.260 0.516 
 55 OmyAC19ROGR    (4)    1 :  0.206 0.494 0.300 
 56 OmyAC19ROGR    (0)    1 :  0.375 0.450 0.175 
 57 OmyAC19ROGR    (0)    1 :  0.084 0.813 0.103 
 58 OmyAC19ROGR    (0)    1 :  0.614 0.302 0.084 
 59 OmyAC19ROGR    (0)    1 :  0.129 0.589 0.282 
 60 OmyAC19ROGR    (0)    1 :  0.286 0.571 0.143 
 61 OmyAC19ROGR    (0)    1 :  0.229 0.266 0.505 
 62 OmyAC19ROGR    (0)    1 :  0.209 0.463 0.328 
 63 OmyAC19ROGR    (0)    1 :  0.354 0.374 0.271 
 64 OmyAC19ROGR    (2)    1 :  0.213 0.187 0.600 
 65 OmyAC19ROGR    (0)    1 :  0.137 0.435 0.428 
 66 OmyAC19ROGR    (5)    1 :  0.421 0.338 0.241 
 67 OmyAC19ROGR    (0)    1 :  0.127 0.707 0.165 
 68 OmyAC19ROGR    (1)    1 :  0.347 0.287 0.367 
 69 OmyAC19ROGR    (3)    1 :  0.327 0.425 0.248 
 70 OmyAC19ROGR    (0)    1 :  0.125 0.188 0.687 
 71 OmyAC19ROGR    (0)    1 :  0.186 0.570 0.244 
 72 OmyAC19ROGR    (5)    1 :  0.154 0.436 0.410 
 73 OmyAC19ROGR    (0)    1 :  0.333 0.241 0.426 
 74 OmyAC19ROGR    (0)    1 :  0.220 0.203 0.577 
 75 OmyAC19ROGR    (0)    1 :  0.309 0.242 0.450 
 76 OmyAC19ROGR    (0)    1 :  0.189 0.279 0.532 
 77 OmyAC19ROGR    (1)    1 :  0.886 0.054 0.060 
 78 OmyAC19ROGR    (0)    1 :  0.118 0.150 0.732 
 79 OmyAC19ROGR    (3)    1 :  0.229 0.260 0.511 
 80 OmyAC19ROGR    (0)    1 :  0.768 0.128 0.104 
 81 OmyAC19ROGR    (3)    1 :  0.467 0.246 0.288 
 82 OmyAC19ROGR    (1)    1 :  0.058 0.782 0.160 
 83 OmyAC19ROGR    (0)    1 :  0.143 0.323 0.535 
 84 OmyAC19ROGR    (0)    1 :  0.228 0.497 0.275 
 85 OmyAC19ROGR    (7)    1 :  0.160 0.329 0.510 
 86 OmyAC19ROGR    (0)    1 :  0.244 0.264 0.492 
 87 OmyAC19ROGR    (0)    1 :  0.149 0.340 0.511 
 88 OmyJC19ROGR    (0)    2 :  0.808 0.080 0.112 
 89 OmyJC19ROGR    (0)    2 :  0.209 0.455 0.336 
 90 OmyJC19ROGR    (0)    2 :  0.849 0.063 0.087 
 91 OmyJC19ROGR    (0)    2 :  0.057 0.612 0.332 
 92 OmyJC19ROGR    (0)    2 :  0.180 0.212 0.608 
 93 OmyJC19ROGR    (0)    2 :  0.174 0.322 0.505 
 94 OmyJC19ROGR    (0)    2 :  0.279 0.141 0.580 
 95 OmyJC19ROGR    (0)    2 :  0.333 0.291 0.376 
 96 OmyJC19ROGR    (0)    2 :  0.380 0.296 0.324 
 97 OmyJC19ROGR    (0)    2 :  0.448 0.284 0.269 
 98 OmyJC19ROGR    (0)    2 :  0.166 0.487 0.348 
 99 OmyJC19ROGR    (0)    2 :  0.171 0.506 0.323 
100 OmyJC19ROGR    (0)    2 :  0.131 0.503 0.365 
101 OmyJC19ROGR    (1)    2 :  0.574 0.230 0.196 
102 OmyJC19ROGR    (0)    2 :  0.262 0.445 0.293 
103 OmyJC19ROGR    (0)    2 :  0.462 0.268 0.271 
104 OmyJC19ROGR    (0)    2 :  0.104 0.586 0.311 
105 OmyJC19ROGR    (0)    2 :  0.418 0.306 0.276 
106 OmyJC19ROGR    (0)    2 :  0.830 0.073 0.097 
107 OmyJC19ROGR    (0)    2 :  0.353 0.509 0.138 
108 OmyJC19ROGR    (0)    2 :  0.236 0.275 0.490 
109 OmyJC19ROGR    (0)    2 :  0.317 0.366 0.318 
110 OmyJC19ROGR    (0)    2 :  0.594 0.212 0.194 
111 OmyJC19ROGR    (0)    2 :  0.154 0.679 0.167 
112 OmyJC19ROGR    (2)    2 :  0.388 0.388 0.224 
113 OmyJC19ROGR    (0)    2 :  0.594 0.177 0.228 
114 OmyJC19ROGR    (5)    2 :  0.157 0.211 0.631 
115 OmyJC19ROGR    (0)    2 :  0.121 0.188 0.691 
116 OmyJC19ROGR    (0)    2 :  0.290 0.210 0.501 
117 OmyJC19ROGR    (0)    2 :  0.284 0.342 0.374 
118 OmyJC19ROGR    (0)    2 :  0.098 0.389 0.513 
119 OmyJC19ROGR    (2)    2 :  0.133 0.284 0.583 
120 OmyJC19ROGR    (0)    2 :  0.097 0.638 0.265 
121 OmyJC19ROGR    (0)    2 :  0.107 0.673 0.220 
122 OmyJC19ROGR    (0)    2 :  0.208 0.350 0.442 
123 OmyJC19ROGR    (1)    2 :  0.077 0.349 0.574 
124 OmyJC19ROGR    (0)    2 :  0.355 0.167 0.478 
125 OmyJC19ROGR    (0)    2 :  0.252 0.291 0.457 
126 OmyJC19ROGR    (0)    2 :  0.727 0.086 0.187 
127 OmyJC19ROGR    (0)    2 :  0.127 0.533 0.339 
128 OmyJC19ROGR    (1)    2 :  0.131 0.423 0.446 
129 OmyJC19ROGR    (0)    2 :  0.426 0.158 0.416 
130 OmyJC19ROGR    (2)    2 :  0.285 0.150 0.566 
131 OmyJC19ROGR    (0)    2 :  0.189 0.575 0.237 
132 OmyJC19ROGR    (0)    2 :  0.206 0.318 0.476 
133 OmyJC19ROGR    (0)    2 :  0.101 0.323 0.576 
134 OmyJC19ROGR    (0)    2 :  0.159 0.462 0.378 
135 OmyJC19ROGR    (0)    2 :  0.170 0.667 0.162 
136 OmyJC19ROGR    (4)    2 :  0.238 0.298 0.464 
137 OmyJC19ROGR    (0)    2 :  0.341 0.375 0.284 
138 OmyJC19ROGR    (0)    2 :  0.676 0.207 0.117 
139 OmyJC19ROGR    (3)    2 :  0.114 0.497 0.389 
140 OmyJC19ROGR    (1)    2 :  0.269 0.226 0.505 
141 OmyJC19ROGR    (0)    2 :  0.343 0.211 0.446 
142 OmyJC19ROGR    (0)    2 :  0.550 0.247 0.203 
143 OmyJC19ROGR    (0)    2 :  0.316 0.242 0.442 
144 OmyJC19ROGR    (0)    2 :  0.085 0.645 0.270 
145 OmyJC19ROGR    (0)    2 :  0.136 0.409 0.455 
146 OmyJC19ROGR    (1)    2 :  0.239 0.480 0.281 
147 OmyJC19ROGR    (0)    2 :  0.368 0.484 0.148 
148 OmyJC19ROGR    (0)    2 :  0.145 0.703 0.152 
149 OmyJC19ROGR    (0)    2 :  0.134 0.536 0.330 
150 OmyJC19ROGR    (1)    2 :  0.204 0.225 0.571 
151 OmyJC19ROGR    (0)    2 :  0.278 0.177 0.545 
152 OmyJC19ROGR    (0)    2 :  0.142 0.572 0.286 
153 OmyJC19ROGR    (0)    2 :  0.210 0.621 0.168 
154 OmyJC19ROGR    (0)    2 :  0.245 0.500 0.254 
155 OmyJC19ROGR    (0)    2 :  0.188 0.238 0.574 
156 OmyJC19ROGR    (0)    2 :  0.232 0.415 0.353 
157 OmyJC19ROGR    (0)    2 :  0.394 0.234 0.372 
158 OmyJC19ROGR    (0)    2 :  0.071 0.557 0.372 
159 OmyJC19ROGR    (0)    2 :  0.137 0.300 0.563 
160 OmyJC19ROGR    (0)    2 :  0.279 0.322 0.399 
161 OmyJC19ROGR    (1)    2 :  0.095 0.703 0.202 
162 OmyJC19ROGR    (0)    2 :  0.401 0.352 0.248 
163 OmyJC19ROGR    (0)    2 :  0.241 0.553 0.206 
164 OmyJC19ROGR    (0)    2 :  0.081 0.570 0.349 
165 OmyJC19ROGR    (0)    2 :  0.105 0.524 0.371 
166 OmyJC19ROGR    (0)    2 :  0.196 0.211 0.593 
167 OmyJC19ROGR    (0)    2 :  0.298 0.399 0.303 
168 OmyJC19ROGR    (0)    2 :  0.232 0.281 0.487 
169 OmyJC19ROGR    (0)    2 :  0.854 0.060 0.086 
170 OmyJC19ROGR    (0)    2 :  0.247 0.328 0.425 
171 OmyJC19ROGR    (0)    2 :  0.138 0.355 0.507 
172 OmyJC19ROGR    (0)    2 :  0.422 0.414 0.164 
173 OmyJC19ROGR    (0)    2 :  0.807 0.088 0.105 
174 OmyJC19ROGR    (0)    2 :  0.130 0.263 0.607 
175 OmyJC19ROGR    (0)    2 :  0.126 0.225 0.650 
176 OmyJC19ROGR    (0)    2 :  0.374 0.432 0.194 
177 OmyJC19ROGR    (0)    2 :  0.070 0.767 0.163 
178 OmyJC19ROGR    (0)    2 :  0.162 0.326 0.511 
179 OmyJC19ROGR    (0)    2 :  0.163 0.254 0.583 
180 OmyJC19ROGR    (0)    2 :  0.809 0.092 0.099 
181 OmyJC19ROGR    (0)    2 :  0.240 0.202 0.558 
182 OmyJC19ROGR    (0)    2 :  0.205 0.526 0.269 
183 OmyJC19ROGR    (0)    2 :  0.161 0.537 0.303 
184 OmyJC19ROGR    (0)    2 :  0.711 0.168 0.121 
185 OmyJC19ROGR    (0)    2 :  0.088 0.276 0.635 
186 OmyJC19ROGR    (0)    2 :  0.440 0.305 0.256 
187 OmyJC19ROGR    (0)    2 :  0.162 0.166 0.673 
188 OmyJC19ROGR    (0)    2 :  0.146 0.370 0.484 
189 OmyJC19ROGR    (0)    2 :  0.436 0.290 0.274 
190 OmyJC19ROGR    (0)    2 :  0.233 0.540 0.227 
191 OmyJC19ROGR    (0)    2 :  0.193 0.318 0.489 
192 OmyJC19ROGR    (0)    2 :  0.117 0.315 0.569 
193 OmyJC19ROGR    (0)    2 :  0.368 0.464 0.168 
194 OmyJC19ROGR    (0)    2 :  0.079 0.664 0.257 
195 OmyJC19ROGR    (0)    2 :  0.758 0.079 0.163 
196 OmyJC19ROGR    (0)    2 :  0.123 0.108 0.769 
197 OmyJC19ROGR    (0)    2 :  0.159 0.388 0.453 
198 OmyJC19ROGR    (0)    2 :  0.801 0.119 0.080 
199 OmyJC19ROGR    (0)    2 :  0.096 0.529 0.375 
200 OmyJC19ROGR    (0)    2 :  0.343 0.318 0.339 
201 OmyJC19ROGR    (0)    2 :  0.097 0.565 0.337 
202 OmyJC19ROGR    (0)    2 :  0.092 0.571 0.337 
203 OmyJC19ROGR    (0)    2 :  0.131 0.307 0.561 
204 OmyJC19ROGR    (0)    2 :  0.245 0.363 0.392 
205 OmyJC19ROGR    (0)    2 :  0.306 0.373 0.321 
206 OmyJC19ROGR    (0)    2 :  0.870 0.061 0.069 
207 OmyJC19ROGR    (0)    2 :  0.526 0.324 0.151 
208 OmyJC19ROGR    (0)    2 :  0.188 0.454 0.358 
209 OmyJC19ROGR    (0)    2 :  0.485 0.279 0.236 
210 OmyJC19ROGR    (0)    2 :  0.832 0.063 0.105 
211 OmyJC19ROGR    (0)    2 :  0.282 0.489 0.228 
212 OmyJC19ROGR    (1)    2 :  0.359 0.528 0.112 
213 OmyJC19ROGR    (1)    2 :  0.250 0.198 0.552 
214 OmyJC19ROGR    (0)    2 :  0.304 0.498 0.198 
215 OmyJC19ROGR    (0)    2 :  0.101 0.331 0.568 
216 OmyJC19ROGR    (0)    2 :  0.572 0.274 0.155 
217 OmyJC19ROGR    (0)    2 :  0.629 0.171 0.200 
218 OmyJC19ROGR    (0)    2 :  0.215 0.288 0.497 
219 OmyJC19ROGR    (0)    2 :  0.404 0.365 0.231 
220 OmyJC19ROGR    (0)    2 :  0.055 0.711 0.234 
221 OmyJC19ROGR    (0)    2 :  0.324 0.509 0.167 
222 OmyJC19ROGR    (0)    2 :  0.131 0.342 0.527 
223 OmyJC19ROGR    (0)    2 :  0.287 0.462 0.251 
224 OmyJC19ROGR    (1)    2 :  0.204 0.292 0.504 
225 OmyJC19ROGR    (0)    2 :  0.754 0.176 0.071 
226 OmyJC19ROGR    (0)    2 :  0.475 0.109 0.416 
227 OmyJC19ROGR    (0)    2 :  0.838 0.071 0.091 
228 OmyJC19ROGR    (0)    2 :  0.147 0.422 0.431 
229 OmyJC19ROGR    (0)    2 :  0.134 0.429 0.436 
230 OmyJC19ROGR    (0)    2 :  0.372 0.346 0.282 
231 OmyJC19ROGR    (0)    2 :  0.285 0.468 0.247 
232 OmyJC19ROGR    (2)    2 :  0.260 0.437 0.303 
233 OmyJC19ROGR    (0)    2 :  0.377 0.375 0.248 
234 OmyJC19ROGR    (0)    2 :  0.864 0.068 0.067 
235 OmyJC19ROGR    (0)    2 :  0.713 0.149 0.138 
236 OmyJC19ROGR    (0)    2 :  0.115 0.741 0.144 
237 OmyJC19ROGR    (0)    2 :  0.254 0.543 0.203 
238 OmyJC19ROGR    (0)    2 :  0.203 0.647 0.150 
239 OmyJC19ROGR    (0)    2 :  0.178 0.436 0.386 
240 OmyJC19ROGR    (0)    2 :  0.219 0.312 0.469 
241 OmyJC19ROGR    (0)    2 :  0.408 0.185 0.407 
242 OmyJC19ROGR    (0)    2 :  0.081 0.661 0.259 
243 OmyJC19ROGR    (0)    2 :  0.155 0.392 0.452 
244 OmyJC19ROGR    (0)    2 :  0.162 0.322 0.516 
245 OmyJC19ROGR    (0)    2 :  0.852 0.074 0.073 
246 OmyJC19ROGR    (0)    2 :  0.338 0.377 0.285 
247 OmyJC19ROGR    (0)    2 :  0.683 0.153 0.164 
248 OmyJC19ROGR    (0)    2 :  0.509 0.144 0.347 
249 OmyJC19ROGR    (0)    2 :  0.243 0.185 0.572 
250 OmyJC19ROGR    (0)    2 :  0.269 0.250 0.482 
251 OmyJC19ROGR    (0)    2 :  0.206 0.180 0.614 
252 OmyJC19ROGR    (0)    2 :  0.235 0.456 0.308 
253 OmyJC19ROGR    (0)    2 :  0.263 0.155 0.582 
254 OmyJC19ROGR    (0)    2 :  0.308 0.240 0.452 
255 OmyJC19ROGR    (0)    2 :  0.197 0.431 0.372 
256 OmyJC19ROGR    (0)    2 :  0.327 0.279 0.394 
257 OmyJC19ROGR    (0)    2 :  0.236 0.169 0.595 
258 OmyAC19ROGR    (0)    1 :  0.262 0.327 0.411 
259 OmyAC19ROGR    (0)    1 :  0.536 0.259 0.204 
260 OmyAC19ROGR    (0)    1 :  0.201 0.154 0.645 
261 OmyAC19ROGR    (0)    1 :  0.284 0.152 0.564 
262 OmyAC19ROGR    (0)    1 :  0.306 0.162 0.532 
263 OmyAC19ROGR    (0)    1 :  0.217 0.450 0.333 
264 OmyAC19ROGR    (0)    1 :  0.203 0.235 0.563 
265 OmyAC19ROGR    (0)    1 :  0.183 0.239 0.578 
266 OmyAC19ROGR    (0)    1 :  0.117 0.202 0.680 
267 OmyAC19ROGR    (0)    1 :  0.427 0.154 0.419 
268 OmyAC19ROGR    (0)    1 :  0.313 0.389 0.299 
269 OmyAC19ROGR    (1)    1 :  0.355 0.195 0.450 
270 OmyAC19ROGR    (0)    1 :  0.189 0.192 0.618 
271 OmyAC19ROGR    (0)    1 :  0.537 0.217 0.246 
272 OmyAC19ROGR    (0)    1 :  0.353 0.300 0.346 
273 OmyAC19ROGR    (0)    1 :  0.111 0.331 0.557 
274 OmyAC19ROGR    (0)    1 :  0.677 0.128 0.195 
275 OmyAC19ROGR    (0)    1 :  0.211 0.634 0.155 
276 OmyAC19ROGR    (0)    1 :  0.241 0.359 0.400 
277 OmyAC19ROGR    (0)    1 :  0.370 0.266 0.364 
278 OmyAC19ROGR    (0)    1 :  0.400 0.429 0.170 
279 OmyAC19ROGR    (0)    1 :  0.350 0.447 0.203 
280 OmyAC19ROGR    (0)    1 :  0.380 0.222 0.399 
281 OmyAC19ROGR    (0)    1 :  0.201 0.303 0.497 
282 OmyAC19ROGR    (0)    1 :  0.371 0.243 0.387 
283 OmyAC19ROGR    (0)    1 :  0.288 0.407 0.304 
284 OmyAC19ROGR    (0)    1 :  0.137 0.310 0.553 
285 OmyAC19ROGR    (0)    1 :  0.177 0.353 0.470 
286 OmyAC19ROGR    (0)    1 :  0.124 0.318 0.558 
287 OmyAC19ROGR    (0)    1 :  0.898 0.043 0.059 
288 OmyAC19ROGR    (0)    1 :  0.612 0.318 0.070 
289 OmyAC19ROGR    (0)    1 :  0.276 0.277 0.447 
290 OmyAC19ROGR    (1)    1 :  0.878 0.066 0.055 
291 OmyAC19ROGR    (0)    1 :  0.540 0.183 0.277 
292 OmyAC19ROGR    (0)    1 :  0.319 0.251 0.430 
293 OmyAC19ROGR    (0)    1 :  0.179 0.577 0.244 
294 OmyAC19ROGR    (0)    1 :  0.447 0.122 0.431 
295 OmyAC19ROGR    (0)    1 :  0.125 0.124 0.751 
296 OmyAC19ROGR    (0)    1 :  0.134 0.627 0.239 
297 OmyAC19ROGR    (0)    1 :  0.638 0.100 0.262 
298 OmyAC19ROGR    (0)    1 :  0.173 0.438 0.389 
299 OmyAC19ROGR    (0)    1 :  0.377 0.327 0.295 
300 OmyAC19ROGR    (0)    1 :  0.217 0.334 0.449 
301 OmyAC19ROGR    (0)    1 :  0.818 0.079 0.103 
302 OmyAC19ROGR    (0)    1 :  0.636 0.208 0.156 
303 OmyAC19ROGR    (0)    1 :  0.252 0.246 0.502 
304 OmyAC19ROGR    (0)    1 :  0.440 0.400 0.161 
305 OmyAC19ROGR    (0)    1 :  0.196 0.370 0.434 
306 OmyAC19ROGR    (0)    1 :  0.591 0.116 0.293 
307 OmyAC19ROGR    (1)    1 :  0.144 0.399 0.457 
308 OmyAC19ROGR    (0)    1 :  0.310 0.229 0.460 
309 OmyAC19ROGR    (0)    1 :  0.764 0.082 0.154 
310 OmyAC19ROGR    (0)    1 :  0.461 0.176 0.363 
311 OmyAC19ROGR    (0)    1 :  0.656 0.144 0.200 
312 OmyAC19ROGR    (0)    1 :  0.210 0.308 0.481 
313 OmyAC19ROGR    (0)    1 :  0.215 0.454 0.331 
314 OmyAC19ROGR    (0)    1 :  0.290 0.433 0.277 
315 OmyAC19ROGR    (0)    1 :  0.309 0.141 0.550 
316 OmyAC19ROGR    (0)    1 :  0.126 0.118 0.757 
317 OmyAC19ROGR    (0)    1 :  0.144 0.660 0.195 
318 OmyAC19ROGR    (0)    1 :  0.090 0.501 0.408 
319 OmyAC19ROGR    (0)    1 :  0.095 0.406 0.498 
320 OmyAC19ROGR    (0)    1 :  0.084 0.502 0.413 
321 OmyAC19ROGR    (0)    1 :  0.117 0.282 0.600 
322 OmyAC19ROGR    (0)    1 :  0.517 0.169 0.314 
323 OmyAC19ROGR    (0)    1 :  0.214 0.313 0.472 
324 OmyAC19ROGR    (0)    1 :  0.109 0.190 0.701 
325 OmyAC19ROGR    (0)    1 :  0.407 0.192 0.402 
326 OmyAC19ROGR    (0)    1 :  0.170 0.232 0.598 
327 OmyAC19ROGR    (0)    1 :  0.138 0.205 0.657 
328 OmyAC20ROGR    (0)    1 :  0.139 0.473 0.388 
329 OmyAC20ROGR    (0)    1 :  0.324 0.386 0.290 
330 OmyAC20ROGR    (0)    1 :  0.337 0.352 0.311 
331 OmyAC20ROGR    (0)    1 :  0.657 0.163 0.180 
332 OmyAC20ROGR    (0)    1 :  0.368 0.234 0.398 
333 OmyAC20ROGR    (0)    1 :  0.404 0.174 0.422 
334 OmyAC20ROGR    (0)    1 :  0.238 0.228 0.534 
335 OmyAC20ROGR    (0)    1 :  0.138 0.237 0.625 
336 OmyAC20ROGR    (0)    1 :  0.350 0.276 0.374 
337 OmyAC20ROGR    (0)    1 :  0.575 0.248 0.176 
338 OmyAC20ROGR    (0)    1 :  0.261 0.182 0.557 
339 OmyAC20ROGR    (0)    1 :  0.229 0.355 0.416 
340 OmyAC20ROGR    (0)    1 :  0.224 0.305 0.472 
341 OmyAC20ROGR    (0)    1 :  0.187 0.558 0.254 
342 OmyAC20ROGR    (0)    1 :  0.356 0.370 0.273 
343 OmyAC20ROGR    (0)    1 :  0.159 0.613 0.228 
344 OmyAC20ROGR    (0)    1 :  0.451 0.274 0.275 
345 OmyAC20ROGR    (1)    1 :  0.319 0.104 0.578 
346 OmyAC20ROGR    (0)    1 :  0.420 0.163 0.417 
347 OmyAC20ROGR    (0)    1 :  0.427 0.321 0.251 
348 OmyAC20ROGR    (0)    1 :  0.305 0.463 0.232 
349 OmyAC20ROGR    (0)    1 :  0.144 0.506 0.350 
350 OmyAC20ROGR    (0)    1 :  0.195 0.667 0.137 
351 OmyAC20ROGR    (0)    1 :  0.242 0.267 0.491 
352 OmyAC20ROGR    (0)    1 :  0.178 0.313 0.509 
353 OmyAC20ROGR    (0)    1 :  0.270 0.244 0.486 
354 OmyAC20ROGR    (0)    1 :  0.478 0.335 0.187 
355 OmyAC20ROGR    (0)    1 :  0.267 0.622 0.111 
356 OmyAC20ROGR    (0)    1 :  0.411 0.218 0.371 
357 OmyAC20ROGR    (0)    1 :  0.191 0.368 0.441 
358 OmyAC20ROGR    (0)    1 :  0.153 0.357 0.490 
359 OmyAC20ROGR    (0)    1 :  0.516 0.290 0.194 
360 OmyAC20ROGR    (0)    1 :  0.365 0.218 0.417 
361 OmyAC20ROGR    (0)    1 :  0.128 0.582 0.290 
362 OmyAC20ROGR    (0)    1 :  0.303 0.273 0.424 
363 OmyAC20ROGR    (0)    1 :  0.505 0.349 0.147 
364 OmyAC20ROGR    (1)    1 :  0.193 0.348 0.459 
365 OmyAC20ROGR    (0)    1 :  0.130 0.310 0.560 
366 OmyAC20ROGR    (0)    1 :  0.093 0.171 0.736 
367 OmyAC20ROGR    (0)    1 :  0.234 0.180 0.586 
368 OmyAC20ROGR    (0)    1 :  0.190 0.335 0.475 
369 OmyAC20ROGR    (0)    1 :  0.435 0.383 0.182 
370 OmyAC20ROGR    (0)    1 :  0.724 0.119 0.157 
371 OmyAC20ROGR    (0)    1 :  0.756 0.113 0.131 
372 OmyAC20ROGR    (2)    1 :  0.819 0.083 0.099 
373 OmyAC20ROGR    (0)    1 :  0.664 0.208 0.129 
374 OmyAC20ROGR    (0)    1 :  0.105 0.315 0.580 
375 OmyAC20ROGR    (0)    1 :  0.296 0.292 0.412 
376 OmyAC20ROGR    (0)    1 :  0.369 0.316 0.315 
377 OmyAC20ROGR    (0)    1 :  0.117 0.355 0.529 
378 OmyAC20ROGR    (0)    1 :  0.113 0.468 0.419 
379 OmyAC20ROGR    (0)    1 :  0.563 0.216 0.221 
380 OmyAC20ROGR    (0)    1 :  0.123 0.148 0.729 
381 OmyAC20ROGR    (0)    1 :  0.328 0.305 0.367 
382 OmyAC20ROGR    (0)    1 :  0.800 0.092 0.108 
383 OmyAC20ROGR    (0)    1 :  0.291 0.123 0.585 
384 OmyAC20ROGR    (0)    1 :  0.525 0.208 0.267 
385 OmyAC20ROGR    (0)    1 :  0.395 0.313 0.292 
386 OmyAC20ROGR    (0)    1 :  0.446 0.166 0.388 
387 OmyAC20ROGR    (0)    1 :  0.547 0.117 0.336 
388 OmyAC20ROGR    (0)    1 :  0.577 0.204 0.220 
389 OmyAC20ROGR    (0)    1 :  0.184 0.179 0.637 
390 OmyAC20ROGR    (0)    1 :  0.064 0.733 0.203 
391 OmyAC20ROGR    (0)    1 :  0.605 0.275 0.120 
392 OmyAC20ROGR    (0)    1 :  0.536 0.246 0.218 
393 OmyAC20ROGR    (0)    1 :  0.269 0.433 0.298 
394 OmyAC20ROGR    (0)    1 :  0.350 0.340 0.309 
395 OmyAC20ROGR    (0)    1 :  0.250 0.445 0.304 
396 OmyAC20ROGR    (0)    1 :  0.253 0.351 0.396 
397 OmyAC20ROGR    (0)    1 :  0.376 0.142 0.483 
398 OmyAC20ROGR    (0)    1 :  0.659 0.109 0.232 
399 OmyAC20ROGR    (0)    1 :  0.361 0.123 0.516 
400 OmyAC20ROGR    (0)    1 :  0.280 0.143 0.576 
401 OmyAC20ROGR    (0)    1 :  0.737 0.165 0.098 
402 OmyAC20ROGR    (0)    1 :  0.075 0.652 0.273 
403 OmyAC20ROGR    (0)    1 :  0.311 0.369 0.320 
404 OmyAC20ROGR    (0)    1 :  0.098 0.372 0.530 
405 OmyAC20ROGR    (0)    1 :  0.528 0.309 0.163 
406 OmyAC20ROGR    (0)    1 :  0.189 0.428 0.383 
407 OmyAC20ROGR    (0)    1 :  0.169 0.128 0.702 
408 OmyAC20ROGR    (0)    1 :  0.274 0.609 0.117 
409 OmyAC20ROGR    (0)    1 :  0.168 0.251 0.582 
410 OmyAC20ROGR    (0)    1 :  0.784 0.063 0.152 
411 OmyAC20ROGR    (0)    1 :  0.677 0.144 0.180 
412 OmyAC20ROGR    (0)    1 :  0.419 0.299 0.282 
413 OmyAC20ROGR    (0)    1 :  0.270 0.170 0.560 
414 OmyAC20ROGR    (0)    1 :  0.525 0.225 0.250 
415 OmyAC20ROGR    (0)    1 :  0.173 0.280 0.547 
416 OmyAC20ROGR    (0)    1 :  0.180 0.216 0.605 
417 OmyAC20ROGR    (0)    1 :  0.111 0.245 0.644 
418 OmyAC20ROGR    (0)    1 :  0.380 0.245 0.374 
419 OmyAC20ROGR    (0)    1 :  0.579 0.249 0.172 
420 OmyAC20ROGR    (0)    1 :  0.171 0.658 0.171 
421 OmyAC20ROGR    (0)    1 :  0.271 0.195 0.534 
422 OmyAC20ROGR    (0)    1 :  0.843 0.070 0.087 
423 OmyAC20ROGR    (0)    1 :  0.155 0.138 0.707 
424 OmyAC20ROGR    (0)    1 :  0.113 0.644 0.243 
425 OmyAC20ROGR    (0)    1 :  0.824 0.091 0.085 
426 OmyAC20ROGR    (0)    1 :  0.185 0.188 0.628 
427 OmyAC20ROGR    (0)    1 :  0.228 0.237 0.535 
428 OmyAC20ROGR    (0)    1 :  0.799 0.084 0.117 
429 OmyAC20ROGR    (0)    1 :  0.111 0.645 0.245 
430 OmyAC20ROGR    (0)    1 :  0.247 0.350 0.402 
431 OmyAC20ROGR    (0)    1 :  0.614 0.140 0.245 
432 OmyAC20ROGR    (0)    1 :  0.840 0.070 0.090 
433 OmyAC20ROGR    (0)    1 :  0.697 0.224 0.079 
434 OmyAC20ROGR    (0)    1 :  0.521 0.150 0.329 
435 OmyAC20ROGR    (0)    1 :  0.182 0.165 0.652 
436 OmyAC20ROGR    (0)    1 :  0.207 0.135 0.658 
437 OmyAC20ROGR    (0)    1 :  0.685 0.189 0.125 
438 OmyAC20ROGR    (0)    1 :  0.529 0.223 0.249 
439 OmyAC20ROGR    (0)    1 :  0.257 0.113 0.630 
440 OmyAC20ROGR    (0)    1 :  0.654 0.140 0.206 
441 OmyAC20ROGR    (0)    1 :  0.141 0.508 0.351 
442 OmyAC20ROGR    (0)    1 :  0.281 0.307 0.412 
443 OmyAC20ROGR    (0)    1 :  0.165 0.235 0.600 
444 OmyAC20ROGR    (0)    1 :  0.442 0.135 0.423 
445 OmyAC20ROGR    (0)    1 :  0.343 0.332 0.325 
446 OmyJC18ROGR    (0)    2 :  0.442 0.355 0.203 
447 OmyJC18ROGR    (0)    2 :  0.278 0.354 0.368 
448 OmyJC18ROGR    (0)    2 :  0.276 0.239 0.486 
449 OmyJC18ROGR    (0)    2 :  0.621 0.267 0.112 
450 OmyJC18ROGR    (0)    2 :  0.662 0.152 0.186 
451 OmyJC18ROGR    (0)    2 :  0.792 0.071 0.137 
452 OmyJC18ROGR    (0)    2 :  0.457 0.180 0.363 
453 OmyJC18ROGR    (0)    2 :  0.090 0.760 0.150 
454 OmyJC18ROGR    (0)    2 :  0.767 0.112 0.121 
455 OmyJC18ROGR    (0)    2 :  0.282 0.285 0.433 
456 OmyJC18ROGR    (0)    2 :  0.818 0.081 0.101 
457 OmyJC18ROGR    (0)    2 :  0.258 0.124 0.618 
458 OmyJC18ROGR    (0)    2 :  0.289 0.548 0.163 
459 OmyJC18ROGR    (1)    2 :  0.096 0.244 0.660 
460 OmyJC18ROGR    (2)    2 :  0.351 0.286 0.363 
461 OmyJC18ROGR    (2)    2 :  0.501 0.161 0.338 
462 OmyJC18ROGR    (3)    2 :  0.421 0.373 0.206 
463 OmyJC18ROGR    (0)    2 :  0.738 0.147 0.115 
464 OmyJC18ROGR    (4)    2 :  0.090 0.252 0.658 
465 OmyJC18ROGR    (3)    2 :  0.232 0.403 0.364 
466 OmyJC18ROGR    (0)    2 :  0.323 0.238 0.439 
467 OmyJC18ROGR    (0)    2 :  0.209 0.224 0.567 
468 OmyJC18ROGR    (0)    2 :  0.301 0.481 0.218 
469 OmyJC18ROGR    (0)    2 :  0.804 0.066 0.129 
470 OmyJC18ROGR    (5)    2 :  0.592 0.235 0.174 
471 OmyJC18ROGR    (1)    2 :  0.354 0.254 0.393 
472 OmyJC18ROGR    (2)    2 :  0.237 0.201 0.562 
473 OmyJC18ROGR    (3)    2 :  0.133 0.397 0.470 
474 OmyJC18ROGR    (0)    2 :  0.134 0.737 0.129 
475 OmyJC18ROGR    (2)    2 :  0.555 0.217 0.228 
476 OmyJC18ROGR    (1)    2 :  0.147 0.163 0.690 
477 OmyJC18ROGR    (4)    2 :  0.352 0.426 0.222 
478 OmyJC18ROGR    (0)    2 :  0.197 0.326 0.477 
479 OmyJC18ROGR    (0)    2 :  0.116 0.194 0.690 
480 OmyJC18ROGR    (1)    2 :  0.296 0.338 0.366 
481 OmyJC18ROGR    (3)    2 :  0.239 0.404 0.357 
482 OmyJC18ROGR    (3)    2 :  0.094 0.623 0.282 
483 OmyJC18ROGR    (4)    2 :  0.136 0.545 0.319 
484 OmyJC18ROGR    (4)    2 :  0.192 0.376 0.433 
485 OmyJC18ROGR    (3)    2 :  0.531 0.280 0.189 
486 OmyJC18ROGR    (3)    2 :  0.530 0.244 0.226 
487 OmyJC18ROGR    (1)    2 :  0.282 0.489 0.229 
488 OmyJC18ROGR    (5)    2 :  0.188 0.299 0.514 
489 OmyJC18ROGR    (0)    2 :  0.140 0.366 0.494 
490 OmyJC18ROGR    (3)    2 :  0.254 0.244 0.502 
491 OmyJC18ROGR    (7)    2 :  0.211 0.650 0.139 
492 OmyJC18ROGR    (6)    2 :  0.092 0.744 0.163 
493 OmyJC18ROGR    (3)    2 :  0.283 0.181 0.536 
494 OmyJC18ROGR    (3)    2 :  0.786 0.087 0.127 
495 OmyJC18ROGR    (5)    2 :  0.461 0.230 0.309 
496 OmyJC18ROGR    (0)    2 :  0.263 0.323 0.414 
497 OmyJC18ROGR    (5)    2 :  0.087 0.652 0.261 
498 OmyJC18ROGR    (6)    2 :  0.290 0.223 0.487 
499 OmyJC18ROGR    (0)    2 :  0.140 0.183 0.677 
500 OmyJC18ROGR    (1)    2 :  0.161 0.607 0.233 
501 OmyJC18ROGR    (4)    2 :  0.559 0.178 0.263 
502 OmyJC18ROGR    (2)    2 :  0.387 0.383 0.230 
503 OmyJC18ROGR    (5)    2 :  0.162 0.452 0.386 
504 OmyJC18ROGR    (2)    2 :  0.423 0.286 0.291 
505 OmyJC18ROGR    (0)    2 :  0.439 0.287 0.274 
506 OmyJC18ROGR    (8)    2 :  0.189 0.518 0.292 
507 OmyJC18ROGR    (0)    2 :  0.309 0.449 0.242 
508 OmyJC18ROGR    (0)    2 :  0.325 0.439 0.236 
509 OmyJC18ROGR    (1)    2 :  0.867 0.064 0.069 
510 OmyJC18ROGR    (1)    2 :  0.265 0.255 0.479 
511 OmyJC18ROGR    (5)    2 :  0.326 0.375 0.300 
512 OmyJC18ROGR    (2)    2 :  0.756 0.144 0.100 
513 OmyJC18ROGR    (9)    2 :  0.462 0.325 0.214 
514 OmyJC18ROGR    (4)    2 :  0.492 0.298 0.210 
515 OmyJC18ROGR    (1)    2 :  0.221 0.538 0.241 
516 OmyJC18ROGR    (3)    2 :  0.310 0.219 0.471 
517 OmyJC18ROGR    (3)    2 :  0.580 0.213 0.207 
518 OmyJC18ROGR    (0)    2 :  0.208 0.565 0.226 
519 OmyJC18ROGR    (9)    2 :  0.189 0.372 0.438 
520 OmyJC18ROGR    (6)    2 :  0.307 0.279 0.414 
521 OmyJC18ROGR    (2)    2 :  0.290 0.375 0.335 
522 OmyJC18ROGR    (1)    2 :  0.277 0.222 0.501 
523 OmyJC18ROGR    (4)    2 :  0.229 0.385 0.386 
524 OmyJC18ROGR    (0)    2 :  0.223 0.181 0.596 
525 OmyJC18ROGR    (2)    2 :  0.206 0.486 0.308 
526 OmyJC18ROGR    (3)    2 :  0.235 0.508 0.257 
527 OmyJC18ROGR    (0)    2 :  0.176 0.294 0.529 
528 OmyJC18ROGR    (0)    2 :  0.149 0.408 0.443 
529 OmyJC18ROGR    (1)    2 :  0.170 0.215 0.616 
530 OmyJC18ROGR    (0)    2 :  0.133 0.471 0.396 
531 OmyJC18ROGR    (0)    2 :  0.329 0.121 0.550 
532 OmyJC18ROGR    (2)    2 :  0.103 0.449 0.448 
533 OmyJC18ROGR    (2)    2 :  0.082 0.219 0.699 
534 OmyJC18ROGR    (2)    2 :  0.205 0.386 0.409 
535 OmyJC18ROGR    (0)    2 :  0.179 0.249 0.572 
536 OmyJC18ROGR    (0)    2 :  0.132 0.336 0.532 
537 OmyJC18ROGR    (0)    2 :  0.080 0.398 0.522 
538 OmyJC18ROGR    (0)    2 :  0.192 0.270 0.538 
539 OmyJC18ROGR    (0)    2 :  0.171 0.271 0.559 
540 OmyJC18ROGR    (8)    2 :  0.196 0.675 0.129 
541 OmyJC18ROGR    (1)    2 :  0.231 0.257 0.512 
542 OmyJC18ROGR    (1)    2 :  0.404 0.403 0.194 
543 OmyJC18ROGR    (0)    2 :  0.231 0.552 0.216 
544 OmyJC18ROGR    (2)    2 :  0.165 0.343 0.492 
545 OmyJC18ROGR    (1)    2 :  0.583 0.132 0.285 
546 OmyJC18ROGR    (9)    2 :  0.099 0.375 0.526 
547 OmyJC18ROGR    (0)    2 :  0.293 0.146 0.561 
548 OmyJC18ROGR    (0)    2 :  0.366 0.376 0.259 
549 OmyJC18ROGR    (0)    2 :  0.260 0.285 0.455 
550 OmyJC18ROGR    (1)    2 :  0.606 0.161 0.233 
551 OmyJC18ROGR    (1)    2 :  0.179 0.481 0.340 
552 OmyJC18ROGR    (2)    2 :  0.287 0.185 0.527 
553 OmyJC18ROGR   (10)    2 :  0.191 0.356 0.453 
554 OmyJC18ROGR    (2)    2 :  0.166 0.467 0.367 
555 OmyJC18ROGR    (4)    2 :  0.147 0.432 0.421 
556 OmyJC18ROGR    (0)    2 :  0.254 0.432 0.314 
557 OmyJC18ROGR    (2)    2 :  0.403 0.279 0.318 
558 OmyJC18ROGR    (0)    2 :  0.457 0.129 0.414 
559 OmyJC18ROGR    (0)    2 :  0.180 0.623 0.197 
560 OmyJC18ROGR    (8)    2 :  0.306 0.391 0.303 
561 OmyJC18ROGR    (0)    2 :  0.100 0.212 0.689 
562 OmyJC18ROGR    (8)    2 :  0.306 0.355 0.339 
563 OmyJC18ROGR    (2)    2 :  0.201 0.413 0.386 
564 OmyJC18ROGR    (4)    2 :  0.236 0.292 0.472 
565 OmyJC18ROGR    (3)    2 :  0.308 0.404 0.287 
566 OmyJC18ROGR    (1)    2 :  0.342 0.327 0.330 
567 OmyJC18ROGR    (0)    2 :  0.190 0.535 0.276 
568 OmyJC18ROGR    (5)    2 :  0.340 0.275 0.385 
569 OmyJC18ROGR    (2)    2 :  0.109 0.723 0.169 
570 OmyJC18ROGR    (0)    2 :  0.196 0.246 0.558 
571 OmyJC18ROGR    (2)    2 :  0.219 0.191 0.590 
572 OmyJC18ROGR    (6)    2 :  0.185 0.453 0.361 
573 OmyJC18ROGR    (5)    2 :  0.545 0.222 0.234 
574 OmyJC18ROGR    (8)    2 :  0.333 0.235 0.432 
575 OmyJC18ROGR    (3)    2 :  0.118 0.393 0.490 
576 OmyJC18ROGR    (0)    2 :  0.275 0.549 0.176 
577 OmyJC18ROGR    (0)    2 :  0.832 0.070 0.098 
578 OmyJC18ROGR    (1)    2 :  0.179 0.277 0.543 
579 OmyJC18ROGR    (0)    2 :  0.669 0.094 0.237 
580 OmyJC18ROGR    (0)    2 :  0.110 0.470 0.420 
581 OmyJC18ROGR    (6)    2 :  0.187 0.544 0.269 
582 OmyJC18ROGR    (7)    2 :  0.116 0.345 0.539 
583 OmyJC18ROGR    (3)    2 :  0.175 0.382 0.443 
584 OmyJC18ROGR    (5)    2 :  0.183 0.371 0.446 
585 OmyJC18ROGR    (1)    2 :  0.292 0.180 0.528 
586 OmyJC18ROGR    (2)    2 :  0.097 0.398 0.506 
587 OmyJC18ROGR    (0)    2 :  0.890 0.049 0.061 
588 OmyJC18ROGR    (0)    2 :  0.405 0.308 0.287 
589 OmyJC18ROGR    (1)    2 :  0.220 0.540 0.240 
590 OmyJC18ROGR    (2)    2 :  0.056 0.210 0.734 
591 OmyJC18ROGR    (0)    2 :  0.166 0.355 0.479 
592 OmyJC18ROGR    (4)    2 :  0.184 0.400 0.415 
593 OmyJC18ROGR    (0)    2 :  0.343 0.289 0.368 
594 OmyJC18ROGR    (1)    2 :  0.144 0.231 0.625 
595 OmyJC18ROGR    (0)    2 :  0.345 0.463 0.192 
596 OmyJC18ROGR    (0)    2 :  0.244 0.353 0.404 
597 OmyJC18ROGR    (0)    2 :  0.288 0.497 0.215 
598 OmyJC18ROGR    (0)    2 :  0.182 0.437 0.380 
599 OmyJC18ROGR    (0)    2 :  0.310 0.235 0.455 
600 OmyJC18ROGR    (0)    2 :  0.226 0.258 0.516 
601 OmyJC18ROGR    (0)    2 :  0.091 0.626 0.282 
602 OmyJC18ROGR    (0)    2 :  0.380 0.352 0.268 
603 OmyJC18ROGR    (0)    2 :  0.135 0.353 0.512 
604 OmyJC18ROGR    (0)    2 :  0.134 0.283 0.582 
605 OmyJC18ROGR    (0)    2 :  0.151 0.463 0.386 
606 OmyJC18ROGR    (0)    2 :  0.304 0.319 0.377 
607 OmyJC18ROGR    (0)    2 :  0.155 0.157 0.688 
608 OmyJC18ROGR    (0)    2 :  0.116 0.241 0.643 
609 OmyJC18ROGR    (0)    2 :  0.164 0.679 0.157 
610 OmyJC18ROGR    (6)    2 :  0.743 0.097 0.160 
611 OmyJC18ROGR    (0)    2 :  0.412 0.318 0.270 
612 OmyJC18ROGR    (3)    2 :  0.304 0.237 0.459 
613 OmyJC18ROGR    (0)    2 :  0.270 0.301 0.429 
614 OmyJC18ROGR    (0)    2 :  0.415 0.319 0.266 
615 OmyJC18ROGR    (0)    2 :  0.085 0.166 0.749 
616 OmyJC18ROGR    (0)    2 :  0.177 0.720 0.103 
617 OmyJC18ROGR    (0)    2 :  0.267 0.329 0.404 
618 OmyJC18ROGR    (0)    2 :  0.335 0.116 0.549 
619 OmyJC18ROGR    (0)    2 :  0.152 0.380 0.469 
620 OmyJC18ROGR    (0)    2 :  0.402 0.479 0.119 
621 OmyJC18ROGR    (2)    2 :  0.203 0.610 0.187 
622 OmyJC18ROGR    (3)    2 :  0.271 0.483 0.246 
623 OmyJC18ROGR    (1)    2 :  0.264 0.124 0.612 
624 OmyJC18ROGR    (2)    2 :  0.254 0.395 0.351 
625 OmyJC18ROGR    (1)    2 :  0.407 0.217 0.375 
626 OmyJC18ROGR    (9)    2 :  0.117 0.563 0.320 
627 OmyJC18ROGR    (0)    2 :  0.295 0.316 0.389 
628 OmyJC18ROGR    (0)    2 :  0.877 0.063 0.060 
629 OmyJC18ROGR    (2)    2 :  0.350 0.222 0.428 
630 OmyJC18ROGR    (1)    2 :  0.081 0.789 0.130 
631 OmyJC18ROGR    (4)    2 :  0.099 0.234 0.667 
632 OmyJC18ROGR    (0)    2 :  0.188 0.628 0.183 
633 OmyJC18ROGR    (7)    2 :  0.164 0.587 0.249 
634 OmyJC18ROGR    (2)    2 :  0.476 0.140 0.384 
635 OmyJC18ROGR    (0)    2 :  0.095 0.741 0.164 
636 OmyJC18ROGR    (0)    2 :  0.346 0.511 0.143 
637 OmyJC18ROGR    (0)    2 :  0.333 0.191 0.476 
638 OmyJC18ROGR    (0)    2 :  0.169 0.692 0.139 
639 OmyJC18ROGR    (1)    2 :  0.280 0.366 0.354 
640 OmyJC18ROGR    (2)    2 :  0.491 0.120 0.389 
641 OmyJC18ROGR    (1)    2 :  0.248 0.181 0.571 
642 OmyJC18ROGR    (3)    2 :  0.375 0.130 0.495 
643 OmyJC18ROGR    (1)    2 :  0.186 0.456 0.358 
644 OmyJC18ROGR   (10)    2 :  0.092 0.177 0.731 
645 OmyJC18ROGR    (6)    2 :  0.312 0.208 0.481 
646 OmyJC18ROGR    (0)    2 :  0.151 0.409 0.441 
647 OmyJC18ROGR    (2)    2 :  0.331 0.172 0.497 
648 OmyJC18ROGR    (0)    2 :  0.098 0.614 0.287 
649 OmyJC18ROGR    (0)    2 :  0.148 0.151 0.700 
650 OmyJC18ROGR    (1)    2 :  0.109 0.471 0.420 
651 OmyJC18ROGR    (6)    2 :  0.798 0.107 0.095 
652 OmyJC18ROGR    (1)    2 :  0.319 0.276 0.405 
653 OmyJC18ROGR    (4)    2 :  0.184 0.529 0.287 
654 OmyJC18ROGR    (1)    2 :  0.261 0.435 0.304 
655 OmyJC18ROGR    (4)    2 :  0.491 0.164 0.345 
656 OmyJC18ROGR    (0)    2 :  0.140 0.191 0.669 
657 OmyJC18ROGR    (0)    2 :  0.203 0.200 0.597 
658 OmyJC18ROGR    (0)    2 :  0.124 0.627 0.249 
659 OmyJC18ROGR    (7)    2 :  0.064 0.216 0.720 
660 OmyJC18ROGR    (4)    2 :  0.248 0.208 0.544 
661 OmyJC18ROGR    (3)    2 :  0.096 0.216 0.688 
662 OmyJC18ROGR    (2)    2 :  0.169 0.174 0.658 
663 OmyJC18ROGR    (2)    2 :  0.433 0.340 0.227 
664 OmyJC18ROGR    (0)    2 :  0.099 0.654 0.247 
665 OmyJC18ROGR    (1)    2 :  0.274 0.213 0.513 
666 OmyJC18ROGR    (0)    2 :  0.762 0.132 0.106 
667 OmyJC18ROGR    (0)    2 :  0.540 0.182 0.278 
668 OmyJC18ROGR    (1)    2 :  0.402 0.289 0.309 
669 OmyJC18ROGR    (5)    2 :  0.323 0.205 0.472 
670 OmyJC18ROGR   (10)    2 :  0.113 0.255 0.631 
671 OmyJC18ROGR    (3)    2 :  0.162 0.221 0.618 
672 OmyJC18ROGR    (0)    2 :  0.094 0.415 0.490 
673 OmyJC18ROGR    (6)    2 :  0.145 0.756 0.100 
674 OmyJC18ROGR    (0)    2 :  0.207 0.446 0.347 
675 OmyJC18ROGR    (0)    2 :  0.088 0.643 0.268 
676 OmyJC18ROGR    (1)    2 :  0.169 0.282 0.549 
677 OmyJC18ROGR    (4)    2 :  0.458 0.156 0.386 
678 OmyJC18ROGR    (9)    2 :  0.329 0.273 0.399 
679 OmyJC18ROGR    (1)    2 :  0.351 0.291 0.357 
680 OmyJC18ROGR    (1)    2 :  0.281 0.284 0.435 
681 OmyJC18ROGR    (1)    2 :  0.479 0.400 0.121 
682 OmyJC18ROGR    (2)    2 :  0.611 0.237 0.152 
683 OmyJC18ROGR    (0)    2 :  0.191 0.100 0.709 
684 OmyJC18ROGR    (0)    2 :  0.232 0.398 0.371 
685 OmyJC18ROGR    (0)    2 :  0.210 0.453 0.337 
686 OmyJC18ROGR    (0)    2 :  0.101 0.774 0.125 
687 OmyJC18ROGR    (4)    2 :  0.136 0.494 0.370 
688 OmyJC18ROGR    (2)    2 :  0.504 0.255 0.241 
689 OmyJC18ROGR    (2)    2 :  0.524 0.354 0.122 
690 OmyJC18ROGR    (6)    2 :  0.407 0.205 0.388 
691 OmyJC18ROGR    (7)    2 :  0.363 0.377 0.260 
692 OmyJC18ROGR    (0)    2 :  0.361 0.309 0.330 
693 OmyJC18ROGR    (3)    2 :  0.096 0.780 0.124 
694 OmyJC18ROGR    (0)    2 :  0.086 0.711 0.203 
695 OmyJC18ROGR    (0)    2 :  0.354 0.220 0.426 
696 OmyJC18ROGR    (0)    2 :  0.157 0.435 0.408 
697 OmyJC18ROGR    (3)    2 :  0.182 0.375 0.443 
698 OmyJC18ROGR    (0)    2 :  0.075 0.475 0.450 
699 OmyJC18ROGR    (0)    2 :  0.324 0.150 0.526 
700 OmyJC18ROGR    (0)    2 :  0.188 0.149 0.662 
701 OmyJC18ROGR    (0)    2 :  0.178 0.604 0.218 
702 OmyJC18ROGR    (1)    2 :  0.533 0.301 0.167 
703 OmyJC18ROGR    (0)    2 :  0.493 0.197 0.310 
704 OmyJC18ROGR    (0)    2 :  0.568 0.347 0.084 
705 OmyJC18ROGR    (0)    2 :  0.216 0.279 0.505 
706 OmyJC18ROGR    (0)    2 :  0.298 0.585 0.117 
707 OmyJC18ROGR    (2)    2 :  0.258 0.550 0.192 
708 OmyJC18ROGR    (1)    2 :  0.301 0.225 0.475 
709 OmyJC18ROGR    (0)    2 :  0.359 0.490 0.151 
710 OmyJC18ROGR    (0)    2 :  0.238 0.173 0.589 
711 OmyJC18ROGR    (0)    2 :  0.384 0.254 0.362 
712 OmyJC18ROGR    (1)    2 :  0.130 0.268 0.602 
713 OmyJC18ROGR    (0)    2 :  0.210 0.637 0.153 
714 OmyJC18ROGR    (0)    2 :  0.268 0.175 0.557 
715 OmyJC18ROGR    (0)    2 :  0.192 0.199 0.609 
716 OmyJC18ROGR    (0)    2 :  0.575 0.158 0.267 
717 OmyJC18ROGR    (2)    2 :  0.170 0.685 0.145 
718 OmyJC18ROGR    (1)    2 :  0.115 0.371 0.514 
719 OmyJC18ROGR    (9)    2 :  0.088 0.439 0.473 
720 OmyJC18ROGR    (4)    2 :  0.233 0.273 0.494 
721 OmyJC18ROGR    (2)    2 :  0.162 0.703 0.135 
722 OmyJC18ROGR    (0)    2 :  0.157 0.710 0.134 
723 OmyJC18ROGR    (0)    2 :  0.150 0.707 0.143 
724 OmyJC18ROGR    (0)    2 :  0.572 0.199 0.229 
725 OmyJC18ROGR    (0)    2 :  0.149 0.186 0.665 
726 OmyJC18ROGR    (0)    2 :  0.276 0.136 0.587 
727 OmyJC18ROGR    (1)    2 :  0.336 0.522 0.142 
728 OmyJC18ROGR    (1)    2 :  0.524 0.149 0.328 
729 OmyJC18ROGR    (1)    2 :  0.124 0.193 0.684 
730 OmyJC18ROGR    (0)    2 :  0.342 0.455 0.202 
731 OmyJC18ROGR    (2)    2 :  0.738 0.121 0.141 
732 OmyJC18ROGR    (1)    2 :  0.371 0.415 0.214 
733 OmyJC18ROGR    (0)    2 :  0.116 0.737 0.147 
734 OmyJC18ROGR    (0)    2 :  0.103 0.139 0.758 
735 OmyJC18ROGR    (0)    2 :  0.145 0.355 0.500 
736 OmyJC18ROGR    (0)    2 :  0.239 0.247 0.514 
737 OmyJC18ROGR    (0)    2 :  0.362 0.474 0.164 
738 OmyJC18ROGR    (0)    2 :  0.441 0.268 0.291 
739 OmyJC18ROGR    (0)    2 :  0.418 0.224 0.358 
740 OmyJC18ROGR    (0)    2 :  0.095 0.245 0.661 
741 OmyJC18ROGR    (0)    2 :  0.337 0.437 0.226 
742 OmyJC18ROGR    (0)    2 :  0.151 0.219 0.630 
743 OmyJC18ROGR    (0)    2 :  0.154 0.209 0.638 
744 OmyJC18ROGR    (0)    2 :  0.134 0.359 0.507 
745 OmyJC18ROGR    (0)    2 :  0.119 0.561 0.319 
746 OmyJC18ROGR    (0)    2 :  0.511 0.211 0.278 
747 OmyJC18ROGR    (0)    2 :  0.769 0.092 0.138 
748 OmyJC18ROGR    (2)    2 :  0.382 0.273 0.345 
749 OmyJC18ROGR    (7)    2 :  0.287 0.497 0.216 
750 OmyJC18ROGR    (2)    2 :  0.274 0.204 0.522 
751 OmyJC18ROGR    (0)    2 :  0.332 0.116 0.553 
752 OmyJC18ROGR    (5)    2 :  0.095 0.711 0.193 
753 OmyJC18ROGR    (0)    2 :  0.083 0.348 0.569 
754 OmyJC18ROGR    (0)    2 :  0.134 0.507 0.359 
755 OmyJC18ROGR    (0)    2 :  0.093 0.788 0.119 
756 OmyJC18ROGR    (0)    2 :  0.377 0.436 0.186 
757 OmyJC18ROGR    (0)    2 :  0.281 0.379 0.340 
758 OmyJC18ROGR    (1)    2 :  0.234 0.189 0.577 
759 OmyJC18ROGR    (0)    2 :  0.369 0.435 0.196 
760 OmyJC18ROGR    (0)    2 :  0.457 0.235 0.308 
761 OmyJC18ROGR    (0)    2 :  0.058 0.281 0.661 
762 OmyJC18ROGR    (0)    2 :  0.076 0.757 0.167 
