

----------------------------------------------------
STRUCTURE by Pritchard, Stephens and Donnelly (2000)
     and Falush, Stephens and Pritchard (2003)
       Code by Pritchard, Falush and Hubisz
             Version 2.3.4 (Jul 2012)
----------------------------------------------------



Command line arguments:   bin/structure -m "/Users/ddayan/FRA/half_pounder_2023/structure/halfpounder_p2/10k_20k_adm_corr_2/mainparams" -e "/Users/ddayan/FRA/half_pounder_2023/structure/halfpounder_p2/10k_20k_adm_corr_2/extraparams" 
Input File:    /Users/ddayan/FRA/half_pounder_2023/structure/halfpounder_p2/project_data

Run parameters:
   1000 individuals
   233 loci
   4 populations assumed
   10000 Burn-in period
   20000 Reps


--------------------------------------------
Proportion of membership of each pre-defined
 population in each of the 4 clusters

Given    Inferred Clusters              Number of
 Pop       1      2      3      4      Individuals

  1:     0.266  0.269  0.214  0.250      275
  2:     0.252  0.254  0.258  0.235      643
  3:     0.240  0.246  0.425  0.089       42
  4:     0.314  0.283  0.311  0.091       40
--------------------------------------------

Allele-freq. divergence among pops (Net nucleotide distance),
computed using point estimates of P.

      1       2       3       4      
 1      -    0.0001  0.0032  0.0092  
 2   0.0001     -    0.0036  0.0098  
 3   0.0032  0.0036     -    0.0126  
 4   0.0092  0.0098  0.0126     -    

Average distances (expected heterozygosity) between individuals in same cluster:
cluster  1  : 0.3150 
cluster  2  : 0.3126 
cluster  3  : 0.3067 
cluster  4  : 0.2828 

--------------------------------------------
Estimated Ln Prob of Data   = -216816.0
Mean value of ln likelihood = -214998.2
Variance of ln likelihood   = 3635.7
Mean value of alpha         = 0.3526

Mean value of Fst_1         = 0.0087
Mean value of Fst_2         = 0.0138
Mean value of Fst_3         = 0.0266
Mean value of Fst_4         = 0.0748


Inferred ancestry of individuals:
        Label (%Miss) Pop:  Inferred clusters
  1 OmyAC19ROGR    (0)    1 :  0.399 0.367 0.184 0.051 
  2 OmyAC19ROGR    (0)    1 :  0.378 0.394 0.074 0.154 
  3 OmyAC19ROGR    (0)    1 :  0.277 0.318 0.310 0.095 
  4 OmyAC19ROGR    (0)    1 :  0.368 0.519 0.071 0.041 
  5 OmyAC19ROGR    (1)    1 :  0.045 0.040 0.039 0.876 
  6 OmyAC19ROGR    (0)    1 :  0.144 0.133 0.335 0.387 
  7 OmyAC19ROGR    (0)    1 :  0.195 0.137 0.332 0.336 
  8 OmyAC19ROGR    (0)    1 :  0.202 0.159 0.600 0.039 
  9 OmyAC19ROGR    (0)    1 :  0.155 0.208 0.170 0.468 
 10 OmyAC19ROGR    (0)    1 :  0.267 0.241 0.082 0.410 
 11 OmyAC19ROGR    (0)    1 :  0.173 0.175 0.571 0.081 
 12 OmyAC19ROGR    (0)    1 :  0.277 0.314 0.145 0.264 
 13 OmyAC19ROGR    (0)    1 :  0.302 0.179 0.463 0.056 
 14 OmyAC19ROGR    (0)    1 :  0.254 0.139 0.355 0.253 
 15 OmyAC19ROGR    (0)    1 :  0.214 0.181 0.116 0.488 
 16 OmyAC19ROGR    (0)    1 :  0.282 0.247 0.359 0.112 
 17 OmyAC19ROGR    (0)    1 :  0.417 0.343 0.059 0.181 
 18 OmyAC19ROGR    (3)    1 :  0.358 0.426 0.191 0.026 
 19 OmyAC19ROGR    (0)    1 :  0.109 0.092 0.725 0.073 
 20 OmyAC19ROGR    (0)    1 :  0.299 0.294 0.049 0.358 
 21 OmyAC19ROGR    (0)    1 :  0.228 0.258 0.100 0.414 
 22 OmyAC19ROGR    (0)    1 :  0.139 0.132 0.621 0.108 
 23 OmyAC19ROGR    (0)    1 :  0.170 0.170 0.240 0.420 
 24 OmyAC19ROGR    (1)    1 :  0.239 0.454 0.251 0.057 
 25 OmyAC19ROGR    (0)    1 :  0.147 0.122 0.238 0.493 
 26 OmyAC19ROGR    (0)    1 :  0.254 0.215 0.382 0.149 
 27 OmyAC19ROGR    (2)    1 :  0.303 0.245 0.367 0.084 
 28 OmyAC19ROGR    (0)    1 :  0.351 0.408 0.148 0.092 
 29 OmyAC19ROGR    (0)    1 :  0.378 0.392 0.104 0.126 
 30 OmyAC19ROGR    (0)    1 :  0.155 0.181 0.178 0.486 
 31 OmyAC19ROGR    (0)    1 :  0.265 0.288 0.348 0.099 
 32 OmyAC19ROGR    (0)    1 :  0.328 0.333 0.123 0.216 
 33 OmyAC19ROGR    (0)    1 :  0.309 0.404 0.157 0.129 
 34 OmyAC19ROGR    (0)    1 :  0.171 0.171 0.150 0.508 
 35 OmyAC19ROGR    (0)    1 :  0.324 0.440 0.130 0.105 
 36 OmyAC19ROGR    (0)    1 :  0.131 0.141 0.653 0.075 
 37 OmyAC19ROGR    (0)    1 :  0.086 0.088 0.575 0.252 
 38 OmyAC19ROGR    (0)    1 :  0.107 0.100 0.183 0.610 
 39 OmyAC19ROGR    (0)    1 :  0.354 0.457 0.081 0.108 
 40 OmyAC19ROGR    (0)    1 :  0.225 0.242 0.094 0.440 
 41 OmyAC19ROGR    (0)    1 :  0.363 0.435 0.125 0.078 
 42 OmyAC19ROGR    (0)    1 :  0.073 0.080 0.075 0.771 
 43 OmyAC19ROGR    (0)    1 :  0.384 0.459 0.083 0.074 
 44 OmyAC19ROGR    (8)    1 :  0.326 0.397 0.208 0.068 
 45 OmyAC19ROGR    (2)    1 :  0.134 0.141 0.256 0.469 
 46 OmyAC19ROGR    (0)    1 :  0.283 0.279 0.314 0.124 
 47 OmyAC19ROGR    (0)    1 :  0.140 0.150 0.655 0.055 
 48 OmyAC19ROGR    (0)    1 :  0.466 0.317 0.167 0.050 
 49 OmyAC19ROGR    (0)    1 :  0.424 0.234 0.273 0.069 
 50 OmyAC19ROGR    (0)    1 :  0.443 0.454 0.055 0.047 
 51 OmyAC19ROGR    (2)    1 :  0.076 0.094 0.080 0.749 
 52 OmyAC19ROGR    (0)    1 :  0.073 0.075 0.061 0.791 
 53 OmyAC19ROGR    (1)    1 :  0.219 0.244 0.479 0.059 
 54 OmyAC19ROGR    (0)    1 :  0.354 0.363 0.171 0.112 
 55 OmyAC19ROGR    (4)    1 :  0.279 0.272 0.347 0.103 
 56 OmyAC19ROGR    (0)    1 :  0.179 0.156 0.414 0.250 
 57 OmyAC19ROGR    (0)    1 :  0.066 0.056 0.837 0.040 
 58 OmyAC19ROGR    (0)    1 :  0.069 0.056 0.289 0.586 
 59 OmyAC19ROGR    (0)    1 :  0.161 0.229 0.555 0.055 
 60 OmyAC19ROGR    (0)    1 :  0.121 0.116 0.609 0.154 
 61 OmyAC19ROGR    (0)    1 :  0.493 0.276 0.120 0.111 
 62 OmyAC19ROGR    (0)    1 :  0.317 0.212 0.360 0.110 
 63 OmyAC19ROGR    (0)    1 :  0.315 0.206 0.233 0.246 
 64 OmyAC19ROGR    (2)    1 :  0.382 0.426 0.094 0.098 
 65 OmyAC19ROGR    (0)    1 :  0.326 0.323 0.289 0.062 
 66 OmyAC19ROGR    (5)    1 :  0.250 0.179 0.246 0.324 
 67 OmyAC19ROGR    (0)    1 :  0.162 0.130 0.646 0.062 
 68 OmyAC19ROGR    (1)    1 :  0.244 0.297 0.225 0.234 
 69 OmyAC19ROGR    (3)    1 :  0.229 0.177 0.382 0.211 
 70 OmyAC19ROGR    (0)    1 :  0.374 0.485 0.088 0.053 
 71 OmyAC19ROGR    (0)    1 :  0.282 0.211 0.414 0.094 
 72 OmyAC19ROGR    (5)    1 :  0.349 0.282 0.301 0.068 
 73 OmyAC19ROGR    (0)    1 :  0.314 0.326 0.125 0.235 
 74 OmyAC19ROGR    (0)    1 :  0.399 0.404 0.083 0.114 
 75 OmyAC19ROGR    (0)    1 :  0.331 0.352 0.132 0.185 
 76 OmyAC19ROGR    (0)    1 :  0.290 0.434 0.183 0.093 
 77 OmyAC19ROGR    (1)    1 :  0.028 0.030 0.031 0.911 
 78 OmyAC19ROGR    (0)    1 :  0.451 0.428 0.068 0.054 
 79 OmyAC19ROGR    (3)    1 :  0.315 0.442 0.130 0.113 
 80 OmyAC19ROGR    (0)    1 :  0.076 0.068 0.072 0.783 
 81 OmyAC19ROGR    (3)    1 :  0.281 0.199 0.166 0.353 
 82 OmyAC19ROGR    (1)    1 :  0.107 0.130 0.740 0.023 
 83 OmyAC19ROGR    (0)    1 :  0.339 0.416 0.183 0.062 
 84 OmyAC19ROGR    (0)    1 :  0.242 0.242 0.394 0.122 
 85 OmyAC19ROGR    (7)    1 :  0.322 0.423 0.174 0.081 
 86 OmyAC19ROGR    (0)    1 :  0.429 0.313 0.131 0.127 
 87 OmyAC19ROGR    (0)    1 :  0.315 0.448 0.169 0.067 
 88 OmyJC19ROGR    (0)    2 :  0.067 0.058 0.036 0.839 
 89 OmyJC19ROGR    (0)    2 :  0.318 0.229 0.356 0.098 
 90 OmyJC19ROGR    (0)    2 :  0.045 0.048 0.033 0.874 
 91 OmyJC19ROGR    (0)    2 :  0.334 0.173 0.466 0.027 
 92 OmyJC19ROGR    (0)    2 :  0.392 0.399 0.123 0.085 
 93 OmyJC19ROGR    (0)    2 :  0.305 0.442 0.177 0.077 
 94 OmyJC19ROGR    (0)    2 :  0.320 0.429 0.070 0.181 
 95 OmyJC19ROGR    (0)    2 :  0.266 0.368 0.142 0.224 
 96 OmyJC19ROGR    (0)    2 :  0.285 0.239 0.197 0.279 
 97 OmyJC19ROGR    (0)    2 :  0.201 0.285 0.151 0.364 
 98 OmyJC19ROGR    (0)    2 :  0.258 0.306 0.361 0.075 
 99 OmyJC19ROGR    (0)    2 :  0.289 0.315 0.315 0.081 
100 OmyJC19ROGR    (0)    2 :  0.256 0.330 0.355 0.059 
101 OmyJC19ROGR    (1)    2 :  0.131 0.153 0.170 0.546 
102 OmyJC19ROGR    (0)    2 :  0.341 0.208 0.329 0.122 
103 OmyJC19ROGR    (0)    2 :  0.243 0.237 0.163 0.358 
104 OmyJC19ROGR    (0)    2 :  0.257 0.258 0.437 0.047 
105 OmyJC19ROGR    (0)    2 :  0.228 0.259 0.213 0.300 
106 OmyJC19ROGR    (0)    2 :  0.048 0.054 0.032 0.867 
107 OmyJC19ROGR    (0)    2 :  0.099 0.113 0.544 0.244 
108 OmyJC19ROGR    (0)    2 :  0.383 0.381 0.128 0.109 
109 OmyJC19ROGR    (0)    2 :  0.265 0.249 0.305 0.181 
110 OmyJC19ROGR    (0)    2 :  0.168 0.137 0.148 0.546 
111 OmyJC19ROGR    (0)    2 :  0.122 0.105 0.694 0.079 
112 OmyJC19ROGR    (2)    2 :  0.220 0.220 0.306 0.255 
113 OmyJC19ROGR    (0)    2 :  0.168 0.164 0.107 0.561 
114 OmyJC19ROGR    (5)    2 :  0.349 0.467 0.117 0.067 
115 OmyJC19ROGR    (0)    2 :  0.382 0.474 0.087 0.057 
116 OmyJC19ROGR    (0)    2 :  0.423 0.334 0.093 0.150 
117 OmyJC19ROGR    (0)    2 :  0.312 0.294 0.221 0.172 
118 OmyJC19ROGR    (0)    2 :  0.412 0.356 0.190 0.042 
119 OmyJC19ROGR    (2)    2 :  0.389 0.409 0.144 0.058 
120 OmyJC19ROGR    (0)    2 :  0.168 0.163 0.624 0.044 
121 OmyJC19ROGR    (0)    2 :  0.156 0.169 0.631 0.044 
122 OmyJC19ROGR    (0)    2 :  0.292 0.378 0.228 0.103 
123 OmyJC19ROGR    (1)    2 :  0.369 0.410 0.184 0.037 
124 OmyJC19ROGR    (0)    2 :  0.293 0.356 0.092 0.259 
125 OmyJC19ROGR    (0)    2 :  0.365 0.361 0.143 0.131 
126 OmyJC19ROGR    (0)    2 :  0.096 0.118 0.041 0.745 
127 OmyJC19ROGR    (0)    2 :  0.253 0.249 0.441 0.058 
128 OmyJC19ROGR    (1)    2 :  0.356 0.339 0.251 0.054 
129 OmyJC19ROGR    (0)    2 :  0.335 0.262 0.091 0.313 
130 OmyJC19ROGR    (2)    2 :  0.453 0.304 0.085 0.158 
131 OmyJC19ROGR    (0)    2 :  0.159 0.200 0.548 0.093 
132 OmyJC19ROGR    (0)    2 :  0.328 0.404 0.183 0.085 
133 OmyJC19ROGR    (0)    2 :  0.385 0.427 0.146 0.042 
134 OmyJC19ROGR    (0)    2 :  0.353 0.290 0.285 0.073 
135 OmyJC19ROGR    (0)    2 :  0.112 0.124 0.676 0.088 
136 OmyJC19ROGR    (4)    2 :  0.385 0.325 0.154 0.136 
137 OmyJC19ROGR    (0)    2 :  0.254 0.254 0.274 0.217 
138 OmyJC19ROGR    (0)    2 :  0.079 0.099 0.164 0.658 
139 OmyJC19ROGR    (3)    2 :  0.339 0.301 0.311 0.049 
140 OmyJC19ROGR    (1)    2 :  0.383 0.341 0.124 0.152 
141 OmyJC19ROGR    (0)    2 :  0.348 0.309 0.141 0.202 
142 OmyJC19ROGR    (0)    2 :  0.140 0.151 0.212 0.497 
143 OmyJC19ROGR    (0)    2 :  0.312 0.399 0.115 0.174 
144 OmyJC19ROGR    (0)    2 :  0.210 0.180 0.575 0.035 
145 OmyJC19ROGR    (0)    2 :  0.364 0.355 0.226 0.055 
146 OmyJC19ROGR    (1)    2 :  0.251 0.241 0.374 0.134 
147 OmyJC19ROGR    (0)    2 :  0.141 0.114 0.521 0.224 
148 OmyJC19ROGR    (0)    2 :  0.126 0.119 0.674 0.081 
149 OmyJC19ROGR    (0)    2 :  0.312 0.308 0.316 0.064 
150 OmyJC19ROGR    (1)    2 :  0.323 0.446 0.122 0.109 
151 OmyJC19ROGR    (0)    2 :  0.398 0.342 0.093 0.167 
152 OmyJC19ROGR    (0)    2 :  0.237 0.283 0.427 0.053 
153 OmyJC19ROGR    (0)    2 :  0.161 0.154 0.577 0.107 
154 OmyJC19ROGR    (0)    2 :  0.262 0.199 0.417 0.122 
155 OmyJC19ROGR    (0)    2 :  0.510 0.300 0.104 0.087 
156 OmyJC19ROGR    (0)    2 :  0.259 0.329 0.280 0.131 
157 OmyJC19ROGR    (0)    2 :  0.278 0.285 0.147 0.290 
158 OmyJC19ROGR    (0)    2 :  0.339 0.303 0.327 0.031 
159 OmyJC19ROGR    (0)    2 :  0.301 0.459 0.184 0.056 
160 OmyJC19ROGR    (0)    2 :  0.281 0.376 0.198 0.145 
161 OmyJC19ROGR    (1)    2 :  0.128 0.154 0.671 0.047 
162 OmyJC19ROGR    (0)    2 :  0.230 0.222 0.280 0.268 
163 OmyJC19ROGR    (0)    2 :  0.162 0.189 0.509 0.141 
164 OmyJC19ROGR    (0)    2 :  0.310 0.249 0.405 0.036 
165 OmyJC19ROGR    (0)    2 :  0.382 0.274 0.299 0.045 
166 OmyJC19ROGR    (0)    2 :  0.429 0.356 0.117 0.099 
167 OmyJC19ROGR    (0)    2 :  0.223 0.283 0.319 0.175 
168 OmyJC19ROGR    (0)    2 :  0.366 0.328 0.177 0.128 
169 OmyJC19ROGR    (0)    2 :  0.040 0.051 0.030 0.879 
170 OmyJC19ROGR    (0)    2 :  0.346 0.340 0.182 0.133 
171 OmyJC19ROGR    (0)    2 :  0.291 0.404 0.241 0.064 
172 OmyJC19ROGR    (0)    2 :  0.147 0.137 0.376 0.340 
173 OmyJC19ROGR    (0)    2 :  0.063 0.054 0.046 0.837 
174 OmyJC19ROGR    (0)    2 :  0.385 0.420 0.137 0.058 
175 OmyJC19ROGR    (0)    2 :  0.432 0.412 0.103 0.052 
176 OmyJC19ROGR    (0)    2 :  0.193 0.133 0.416 0.258 
177 OmyJC19ROGR    (0)    2 :  0.087 0.113 0.771 0.028 
178 OmyJC19ROGR    (0)    2 :  0.378 0.334 0.212 0.076 
179 OmyJC19ROGR    (0)    2 :  0.395 0.399 0.131 0.074 
180 OmyJC19ROGR    (0)    2 :  0.055 0.054 0.056 0.836 
181 OmyJC19ROGR    (0)    2 :  0.329 0.425 0.112 0.134 
182 OmyJC19ROGR    (0)    2 :  0.257 0.183 0.449 0.110 
183 OmyJC19ROGR    (0)    2 :  0.268 0.267 0.386 0.078 
184 OmyJC19ROGR    (0)    2 :  0.086 0.076 0.106 0.732 
185 OmyJC19ROGR    (0)    2 :  0.467 0.387 0.115 0.031 
186 OmyJC19ROGR    (0)    2 :  0.203 0.223 0.209 0.365 
187 OmyJC19ROGR    (0)    2 :  0.431 0.430 0.072 0.066 
188 OmyJC19ROGR    (0)    2 :  0.373 0.363 0.189 0.076 
189 OmyJC19ROGR    (0)    2 :  0.182 0.272 0.212 0.334 
190 OmyJC19ROGR    (0)    2 :  0.231 0.187 0.452 0.130 
191 OmyJC19ROGR    (0)    2 :  0.295 0.465 0.150 0.090 
192 OmyJC19ROGR    (0)    2 :  0.542 0.257 0.149 0.051 
193 OmyJC19ROGR    (0)    2 :  0.133 0.144 0.464 0.258 
194 OmyJC19ROGR    (0)    2 :  0.219 0.161 0.585 0.034 
195 OmyJC19ROGR    (0)    2 :  0.098 0.093 0.041 0.769 
196 OmyJC19ROGR    (0)    2 :  0.289 0.603 0.050 0.058 
197 OmyJC19ROGR    (0)    2 :  0.355 0.342 0.232 0.071 
198 OmyJC19ROGR    (0)    2 :  0.055 0.056 0.066 0.823 
199 OmyJC19ROGR    (0)    2 :  0.313 0.301 0.346 0.040 
200 OmyJC19ROGR    (0)    2 :  0.249 0.264 0.232 0.255 
201 OmyJC19ROGR    (0)    2 :  0.330 0.275 0.350 0.045 
202 OmyJC19ROGR    (0)    2 :  0.228 0.270 0.457 0.045 
203 OmyJC19ROGR    (0)    2 :  0.342 0.490 0.115 0.054 
204 OmyJC19ROGR    (0)    2 :  0.371 0.282 0.206 0.142 
205 OmyJC19ROGR    (0)    2 :  0.206 0.316 0.277 0.201 
206 OmyJC19ROGR    (0)    2 :  0.042 0.039 0.038 0.881 
207 OmyJC19ROGR    (0)    2 :  0.128 0.104 0.321 0.446 
208 OmyJC19ROGR    (0)    2 :  0.365 0.251 0.301 0.083 
209 OmyJC19ROGR    (0)    2 :  0.170 0.178 0.245 0.407 
210 OmyJC19ROGR    (0)    2 :  0.054 0.052 0.027 0.867 
211 OmyJC19ROGR    (0)    2 :  0.213 0.168 0.447 0.172 
212 OmyJC19ROGR    (1)    2 :  0.074 0.087 0.592 0.247 
213 OmyJC19ROGR    (1)    2 :  0.324 0.436 0.093 0.147 
214 OmyJC19ROGR    (0)    2 :  0.151 0.175 0.472 0.201 
215 OmyJC19ROGR    (0)    2 :  0.468 0.341 0.145 0.046 
216 OmyJC19ROGR    (0)    2 :  0.114 0.097 0.236 0.553 
217 OmyJC19ROGR    (0)    2 :  0.134 0.115 0.126 0.626 
218 OmyJC19ROGR    (0)    2 :  0.398 0.410 0.108 0.084 
219 OmyJC19ROGR    (0)    2 :  0.198 0.172 0.331 0.299 
220 OmyJC19ROGR    (0)    2 :  0.205 0.166 0.604 0.025 
221 OmyJC19ROGR    (0)    2 :  0.131 0.145 0.522 0.202 
222 OmyJC19ROGR    (0)    2 :  0.398 0.317 0.230 0.055 
223 OmyJC19ROGR    (0)    2 :  0.237 0.189 0.405 0.169 
224 OmyJC19ROGR    (1)    2 :  0.380 0.351 0.157 0.112 
225 OmyJC19ROGR    (0)    2 :  0.040 0.044 0.151 0.765 
226 OmyJC19ROGR    (0)    2 :  0.241 0.286 0.055 0.418 
227 OmyJC19ROGR    (0)    2 :  0.060 0.059 0.043 0.838 
228 OmyJC19ROGR    (0)    2 :  0.345 0.252 0.320 0.082 
229 OmyJC19ROGR    (0)    2 :  0.339 0.402 0.195 0.063 
230 OmyJC19ROGR    (0)    2 :  0.242 0.231 0.277 0.251 
231 OmyJC19ROGR    (0)    2 :  0.237 0.187 0.391 0.185 
232 OmyJC19ROGR    (2)    2 :  0.243 0.237 0.358 0.162 
233 OmyJC19ROGR    (0)    2 :  0.185 0.195 0.378 0.242 
234 OmyJC19ROGR    (0)    2 :  0.038 0.036 0.037 0.888 
235 OmyJC19ROGR    (0)    2 :  0.101 0.089 0.092 0.718 
236 OmyJC19ROGR    (0)    2 :  0.102 0.075 0.765 0.057 
237 OmyJC19ROGR    (0)    2 :  0.217 0.119 0.522 0.141 
238 OmyJC19ROGR    (0)    2 :  0.110 0.092 0.695 0.103 
239 OmyJC19ROGR    (0)    2 :  0.345 0.243 0.341 0.072 
240 OmyJC19ROGR    (0)    2 :  0.360 0.343 0.179 0.117 
241 OmyJC19ROGR    (0)    2 :  0.266 0.360 0.109 0.265 
242 OmyJC19ROGR    (0)    2 :  0.210 0.158 0.596 0.036 
243 OmyJC19ROGR    (0)    2 :  0.349 0.389 0.192 0.070 
244 OmyJC19ROGR    (0)    2 :  0.358 0.394 0.176 0.072 
245 OmyJC19ROGR    (0)    2 :  0.054 0.046 0.039 0.861 
246 OmyJC19ROGR    (0)    2 :  0.214 0.273 0.302 0.210 
247 OmyJC19ROGR    (0)    2 :  0.119 0.126 0.078 0.677 
248 OmyJC19ROGR    (0)    2 :  0.268 0.231 0.079 0.422 
249 OmyJC19ROGR    (0)    2 :  0.372 0.420 0.094 0.114 
250 OmyJC19ROGR    (0)    2 :  0.408 0.337 0.111 0.143 
251 OmyJC19ROGR    (0)    2 :  0.301 0.517 0.082 0.100 
252 OmyJC19ROGR    (0)    2 :  0.251 0.234 0.391 0.124 
253 OmyJC19ROGR    (0)    2 :  0.400 0.380 0.073 0.146 
254 OmyJC19ROGR    (0)    2 :  0.310 0.405 0.114 0.171 
255 OmyJC19ROGR    (0)    2 :  0.256 0.347 0.301 0.096 
256 OmyJC19ROGR    (0)    2 :  0.228 0.400 0.188 0.184 
257 OmyJC19ROGR    (0)    2 :  0.334 0.478 0.083 0.105 
258 OmyAC19ROGR    (0)    1 :  0.354 0.269 0.219 0.158 
259 OmyAC19ROGR    (0)    1 :  0.237 0.148 0.183 0.432 
260 OmyAC19ROGR    (0)    1 :  0.533 0.299 0.070 0.098 
261 OmyAC19ROGR    (0)    1 :  0.406 0.362 0.069 0.164 
262 OmyAC19ROGR    (0)    1 :  0.348 0.402 0.080 0.170 
263 OmyAC19ROGR    (0)    1 :  0.252 0.317 0.312 0.119 
264 OmyAC19ROGR    (0)    1 :  0.358 0.445 0.102 0.094 
265 OmyAC19ROGR    (0)    1 :  0.398 0.448 0.085 0.069 
266 OmyAC19ROGR    (0)    1 :  0.331 0.507 0.113 0.048 
267 OmyAC19ROGR    (0)    1 :  0.274 0.339 0.060 0.328 
268 OmyAC19ROGR    (0)    1 :  0.207 0.267 0.341 0.185 
269 OmyAC19ROGR    (1)    1 :  0.298 0.384 0.090 0.228 
270 OmyAC19ROGR    (0)    1 :  0.310 0.537 0.077 0.076 
271 OmyAC19ROGR    (0)    1 :  0.213 0.230 0.102 0.455 
272 OmyAC19ROGR    (0)    1 :  0.238 0.303 0.225 0.234 
273 OmyAC19ROGR    (0)    1 :  0.392 0.371 0.185 0.052 
274 OmyAC19ROGR    (0)    1 :  0.116 0.138 0.096 0.650 
275 OmyAC19ROGR    (0)    1 :  0.137 0.125 0.631 0.107 
276 OmyAC19ROGR    (0)    1 :  0.369 0.280 0.224 0.127 
277 OmyAC19ROGR    (0)    1 :  0.313 0.289 0.156 0.243 
278 OmyAC19ROGR    (0)    1 :  0.140 0.163 0.384 0.313 
279 OmyAC19ROGR    (0)    1 :  0.231 0.119 0.403 0.247 
280 OmyAC19ROGR    (0)    1 :  0.339 0.271 0.127 0.263 
281 OmyAC19ROGR    (0)    1 :  0.352 0.425 0.134 0.090 
282 OmyAC19ROGR    (0)    1 :  0.303 0.287 0.157 0.253 
283 OmyAC19ROGR    (0)    1 :  0.309 0.284 0.237 0.169 
284 OmyAC19ROGR    (0)    1 :  0.332 0.485 0.121 0.062 
285 OmyAC19ROGR    (0)    1 :  0.419 0.311 0.187 0.083 
286 OmyAC19ROGR    (0)    1 :  0.456 0.349 0.144 0.050 
287 OmyAC19ROGR    (0)    1 :  0.030 0.026 0.022 0.922 
288 OmyAC19ROGR    (0)    1 :  0.054 0.050 0.304 0.592 
289 OmyAC19ROGR    (0)    1 :  0.324 0.361 0.147 0.168 
290 OmyAC19ROGR    (1)    1 :  0.036 0.029 0.035 0.900 
291 OmyAC19ROGR    (0)    1 :  0.202 0.243 0.111 0.444 
292 OmyAC19ROGR    (0)    1 :  0.328 0.343 0.145 0.184 
293 OmyAC19ROGR    (0)    1 :  0.225 0.207 0.481 0.088 
294 OmyAC19ROGR    (0)    1 :  0.277 0.342 0.063 0.318 
295 OmyAC19ROGR    (0)    1 :  0.463 0.435 0.046 0.055 
296 OmyAC19ROGR    (0)    1 :  0.230 0.144 0.564 0.061 
297 OmyAC19ROGR    (0)    1 :  0.164 0.178 0.051 0.607 
298 OmyAC19ROGR    (0)    1 :  0.405 0.247 0.271 0.077 
299 OmyAC19ROGR    (0)    1 :  0.297 0.276 0.181 0.246 
300 OmyAC19ROGR    (0)    1 :  0.394 0.324 0.179 0.104 
301 OmyAC19ROGR    (0)    1 :  0.067 0.053 0.041 0.839 
302 OmyAC19ROGR    (0)    1 :  0.133 0.116 0.150 0.601 
303 OmyAC19ROGR    (0)    1 :  0.338 0.361 0.150 0.151 
304 OmyAC19ROGR    (0)    1 :  0.116 0.101 0.448 0.336 
305 OmyAC19ROGR    (0)    1 :  0.361 0.404 0.155 0.080 
306 OmyAC19ROGR    (0)    1 :  0.176 0.206 0.063 0.554 
307 OmyAC19ROGR    (1)    1 :  0.364 0.305 0.266 0.066 
308 OmyAC19ROGR    (0)    1 :  0.302 0.345 0.161 0.193 
309 OmyAC19ROGR    (0)    1 :  0.095 0.099 0.056 0.750 
310 OmyAC19ROGR    (0)    1 :  0.264 0.287 0.086 0.362 
311 OmyAC19ROGR    (0)    1 :  0.176 0.139 0.085 0.600 
312 OmyAC19ROGR    (0)    1 :  0.350 0.406 0.151 0.092 
313 OmyAC19ROGR    (0)    1 :  0.337 0.283 0.279 0.101 
314 OmyAC19ROGR    (0)    1 :  0.273 0.224 0.300 0.203 
315 OmyAC19ROGR    (0)    1 :  0.299 0.448 0.066 0.186 
316 OmyAC19ROGR    (0)    1 :  0.405 0.486 0.052 0.057 
317 OmyAC19ROGR    (0)    1 :  0.126 0.133 0.678 0.063 
318 OmyAC19ROGR    (0)    1 :  0.246 0.336 0.377 0.041 
319 OmyAC19ROGR    (0)    1 :  0.351 0.376 0.232 0.042 
320 OmyAC19ROGR    (0)    1 :  0.390 0.308 0.270 0.033 
321 OmyAC19ROGR    (0)    1 :  0.359 0.407 0.179 0.055 
322 OmyAC19ROGR    (0)    1 :  0.324 0.226 0.075 0.375 
323 OmyAC19ROGR    (0)    1 :  0.407 0.307 0.173 0.113 
324 OmyAC19ROGR    (0)    1 :  0.371 0.483 0.092 0.053 
325 OmyAC19ROGR    (0)    1 :  0.256 0.373 0.097 0.275 
326 OmyAC19ROGR    (0)    1 :  0.402 0.411 0.114 0.072 
327 OmyAC19ROGR    (0)    1 :  0.473 0.382 0.084 0.061 
328 OmyAC20ROGR    (0)    1 :  0.283 0.281 0.368 0.069 
329 OmyAC20ROGR    (0)    1 :  0.261 0.256 0.291 0.192 
330 OmyAC20ROGR    (0)    1 :  0.241 0.243 0.298 0.218 
331 OmyAC20ROGR    (0)    1 :  0.137 0.138 0.109 0.616 
332 OmyAC20ROGR    (0)    1 :  0.237 0.356 0.143 0.264 
333 OmyAC20ROGR    (0)    1 :  0.307 0.319 0.080 0.294 
334 OmyAC20ROGR    (0)    1 :  0.364 0.433 0.097 0.106 
335 OmyAC20ROGR    (0)    1 :  0.362 0.458 0.129 0.051 
336 OmyAC20ROGR    (0)    1 :  0.255 0.334 0.191 0.220 
337 OmyAC20ROGR    (0)    1 :  0.164 0.134 0.161 0.541 
338 OmyAC20ROGR    (0)    1 :  0.327 0.451 0.082 0.140 
339 OmyAC20ROGR    (0)    1 :  0.363 0.264 0.242 0.131 
340 OmyAC20ROGR    (0)    1 :  0.305 0.401 0.194 0.100 
341 OmyAC20ROGR    (0)    1 :  0.200 0.190 0.516 0.095 
342 OmyAC20ROGR    (0)    1 :  0.295 0.212 0.253 0.241 
343 OmyAC20ROGR    (0)    1 :  0.138 0.178 0.601 0.082 
344 OmyAC20ROGR    (0)    1 :  0.218 0.228 0.217 0.338 
345 OmyAC20ROGR    (1)    1 :  0.384 0.380 0.050 0.187 
346 OmyAC20ROGR    (0)    1 :  0.306 0.314 0.077 0.303 
347 OmyAC20ROGR    (0)    1 :  0.176 0.224 0.260 0.340 
348 OmyAC20ROGR    (0)    1 :  0.218 0.193 0.404 0.184 
349 OmyAC20ROGR    (0)    1 :  0.277 0.292 0.371 0.060 
350 OmyAC20ROGR    (0)    1 :  0.110 0.097 0.692 0.102 
351 OmyAC20ROGR    (0)    1 :  0.376 0.390 0.116 0.118 
352 OmyAC20ROGR    (0)    1 :  0.440 0.313 0.171 0.076 
353 OmyAC20ROGR    (0)    1 :  0.315 0.414 0.132 0.138 
354 OmyAC20ROGR    (0)    1 :  0.163 0.138 0.321 0.378 
355 OmyAC20ROGR    (0)    1 :  0.105 0.100 0.638 0.157 
356 OmyAC20ROGR    (0)    1 :  0.266 0.304 0.119 0.310 
357 OmyAC20ROGR    (0)    1 :  0.304 0.372 0.234 0.090 
358 OmyAC20ROGR    (0)    1 :  0.401 0.306 0.226 0.067 
359 OmyAC20ROGR    (0)    1 :  0.214 0.136 0.207 0.442 
360 OmyAC20ROGR    (0)    1 :  0.329 0.309 0.134 0.227 
361 OmyAC20ROGR    (0)    1 :  0.258 0.172 0.519 0.051 
362 OmyAC20ROGR    (0)    1 :  0.380 0.272 0.165 0.183 
363 OmyAC20ROGR    (0)    1 :  0.110 0.126 0.334 0.431 
364 OmyAC20ROGR    (1)    1 :  0.335 0.327 0.236 0.102 
365 OmyAC20ROGR    (0)    1 :  0.375 0.420 0.152 0.053 
366 OmyAC20ROGR    (0)    1 :  0.325 0.558 0.079 0.039 
367 OmyAC20ROGR    (0)    1 :  0.431 0.370 0.090 0.109 
368 OmyAC20ROGR    (0)    1 :  0.399 0.290 0.227 0.083 
369 OmyAC20ROGR    (0)    1 :  0.160 0.143 0.331 0.366 
370 OmyAC20ROGR    (0)    1 :  0.133 0.106 0.060 0.701 
371 OmyAC20ROGR    (0)    1 :  0.080 0.069 0.066 0.785 
372 OmyAC20ROGR    (2)    1 :  0.055 0.059 0.045 0.841 
373 OmyAC20ROGR    (0)    1 :  0.092 0.083 0.164 0.661 
374 OmyAC20ROGR    (0)    1 :  0.392 0.406 0.154 0.048 
375 OmyAC20ROGR    (0)    1 :  0.358 0.303 0.170 0.169 
376 OmyAC20ROGR    (0)    1 :  0.255 0.204 0.254 0.287 
377 OmyAC20ROGR    (0)    1 :  0.338 0.433 0.183 0.047 
378 OmyAC20ROGR    (0)    1 :  0.382 0.310 0.261 0.047 
379 OmyAC20ROGR    (0)    1 :  0.164 0.182 0.148 0.505 
380 OmyAC20ROGR    (0)    1 :  0.321 0.574 0.056 0.049 
381 OmyAC20ROGR    (0)    1 :  0.315 0.327 0.167 0.191 
382 OmyAC20ROGR    (0)    1 :  0.059 0.053 0.071 0.816 
383 OmyAC20ROGR    (0)    1 :  0.411 0.367 0.052 0.170 
384 OmyAC20ROGR    (0)    1 :  0.213 0.182 0.149 0.456 
385 OmyAC20ROGR    (0)    1 :  0.258 0.223 0.230 0.289 
386 OmyAC20ROGR    (0)    1 :  0.233 0.353 0.100 0.315 
387 OmyAC20ROGR    (0)    1 :  0.171 0.245 0.070 0.514 
388 OmyAC20ROGR    (0)    1 :  0.181 0.197 0.127 0.496 
389 OmyAC20ROGR    (0)    1 :  0.350 0.479 0.090 0.081 
390 OmyAC20ROGR    (0)    1 :  0.094 0.110 0.768 0.028 
391 OmyAC20ROGR    (0)    1 :  0.087 0.087 0.232 0.593 
392 OmyAC20ROGR    (0)    1 :  0.219 0.169 0.174 0.438 
393 OmyAC20ROGR    (0)    1 :  0.227 0.229 0.394 0.150 
394 OmyAC20ROGR    (0)    1 :  0.325 0.242 0.229 0.204 
395 OmyAC20ROGR    (0)    1 :  0.278 0.232 0.362 0.128 
396 OmyAC20ROGR    (0)    1 :  0.294 0.324 0.253 0.129 
397 OmyAC20ROGR    (0)    1 :  0.338 0.314 0.075 0.273 
398 OmyAC20ROGR    (0)    1 :  0.151 0.185 0.058 0.606 
399 OmyAC20ROGR    (0)    1 :  0.336 0.367 0.054 0.243 
400 OmyAC20ROGR    (0)    1 :  0.370 0.399 0.069 0.162 
401 OmyAC20ROGR    (0)    1 :  0.082 0.056 0.137 0.724 
402 OmyAC20ROGR    (0)    1 :  0.232 0.183 0.554 0.031 
403 OmyAC20ROGR    (0)    1 :  0.289 0.283 0.267 0.161 
404 OmyAC20ROGR    (0)    1 :  0.348 0.436 0.180 0.036 
405 OmyAC20ROGR    (0)    1 :  0.156 0.123 0.248 0.473 
406 OmyAC20ROGR    (0)    1 :  0.290 0.258 0.369 0.082 
407 OmyAC20ROGR    (0)    1 :  0.373 0.474 0.072 0.082 
408 OmyAC20ROGR    (0)    1 :  0.078 0.089 0.670 0.163 
409 OmyAC20ROGR    (0)    1 :  0.414 0.406 0.106 0.074 
410 OmyAC20ROGR    (0)    1 :  0.069 0.092 0.032 0.807 
411 OmyAC20ROGR    (0)    1 :  0.107 0.124 0.095 0.674 
412 OmyAC20ROGR    (0)    1 :  0.224 0.275 0.187 0.314 
413 OmyAC20ROGR    (0)    1 :  0.403 0.351 0.080 0.167 
414 OmyAC20ROGR    (0)    1 :  0.207 0.212 0.140 0.441 
415 OmyAC20ROGR    (0)    1 :  0.398 0.369 0.162 0.072 
416 OmyAC20ROGR    (0)    1 :  0.352 0.469 0.101 0.077 
417 OmyAC20ROGR    (0)    1 :  0.419 0.406 0.126 0.049 
418 OmyAC20ROGR    (0)    1 :  0.249 0.355 0.132 0.264 
419 OmyAC20ROGR    (0)    1 :  0.157 0.130 0.188 0.525 
420 OmyAC20ROGR    (0)    1 :  0.199 0.111 0.603 0.087 
421 OmyAC20ROGR    (0)    1 :  0.363 0.386 0.088 0.163 
422 OmyAC20ROGR    (0)    1 :  0.056 0.056 0.039 0.848 
423 OmyAC20ROGR    (0)    1 :  0.444 0.435 0.055 0.066 
424 OmyAC20ROGR    (0)    1 :  0.229 0.201 0.520 0.050 
425 OmyAC20ROGR    (0)    1 :  0.051 0.043 0.056 0.850 
426 OmyAC20ROGR    (0)    1 :  0.417 0.437 0.062 0.084 
427 OmyAC20ROGR    (0)    1 :  0.331 0.445 0.122 0.102 
428 OmyAC20ROGR    (0)    1 :  0.059 0.070 0.047 0.824 
429 OmyAC20ROGR    (0)    1 :  0.229 0.186 0.538 0.047 
430 OmyAC20ROGR    (0)    1 :  0.409 0.274 0.187 0.131 
431 OmyAC20ROGR    (0)    1 :  0.156 0.178 0.081 0.584 
432 OmyAC20ROGR    (0)    1 :  0.046 0.053 0.035 0.865 
433 OmyAC20ROGR    (0)    1 :  0.060 0.054 0.176 0.711 
434 OmyAC20ROGR    (0)    1 :  0.274 0.216 0.095 0.416 
435 OmyAC20ROGR    (0)    1 :  0.309 0.545 0.082 0.065 
436 OmyAC20ROGR    (0)    1 :  0.399 0.421 0.060 0.121 
437 OmyAC20ROGR    (0)    1 :  0.084 0.084 0.129 0.702 
438 OmyAC20ROGR    (0)    1 :  0.241 0.185 0.135 0.439 
439 OmyAC20ROGR    (0)    1 :  0.455 0.349 0.064 0.132 
440 OmyAC20ROGR    (0)    1 :  0.138 0.141 0.066 0.655 
441 OmyAC20ROGR    (0)    1 :  0.364 0.202 0.372 0.062 
442 OmyAC20ROGR    (0)    1 :  0.375 0.274 0.202 0.150 
443 OmyAC20ROGR    (0)    1 :  0.542 0.292 0.095 0.071 
444 OmyAC20ROGR    (0)    1 :  0.276 0.337 0.064 0.322 
445 OmyAC20ROGR    (0)    1 :  0.291 0.262 0.246 0.201 
446 OmyJC18ROGR    (0)    2 :  0.178 0.186 0.278 0.358 
447 OmyJC18ROGR    (0)    2 :  0.250 0.362 0.232 0.156 
448 OmyJC18ROGR    (0)    2 :  0.343 0.345 0.153 0.160 
449 OmyJC18ROGR    (0)    2 :  0.067 0.065 0.258 0.609 
450 OmyJC18ROGR    (0)    2 :  0.115 0.147 0.109 0.629 
451 OmyJC18ROGR    (0)    2 :  0.072 0.069 0.035 0.823 
452 OmyJC18ROGR    (0)    2 :  0.258 0.234 0.128 0.380 
453 OmyJC18ROGR    (0)    2 :  0.073 0.066 0.823 0.039 
454 OmyJC18ROGR    (0)    2 :  0.071 0.084 0.067 0.778 
455 OmyJC18ROGR    (0)    2 :  0.264 0.431 0.157 0.147 
456 OmyJC18ROGR    (0)    2 :  0.068 0.065 0.049 0.818 
457 OmyJC18ROGR    (0)    2 :  0.258 0.559 0.059 0.124 
458 OmyJC18ROGR    (0)    2 :  0.132 0.138 0.534 0.196 
459 OmyJC18ROGR    (1)    2 :  0.440 0.429 0.093 0.037 
460 OmyJC18ROGR    (2)    2 :  0.301 0.306 0.173 0.220 
461 OmyJC18ROGR    (2)    2 :  0.207 0.299 0.101 0.392 
462 OmyJC18ROGR    (3)    2 :  0.255 0.156 0.299 0.290 
463 OmyJC18ROGR    (0)    2 :  0.080 0.082 0.123 0.715 
464 OmyJC18ROGR    (4)    2 :  0.348 0.492 0.114 0.046 
465 OmyJC18ROGR    (3)    2 :  0.357 0.286 0.217 0.140 
466 OmyJC18ROGR    (0)    2 :  0.303 0.347 0.162 0.187 
467 OmyJC18ROGR    (0)    2 :  0.375 0.392 0.132 0.101 
468 OmyJC18ROGR    (0)    2 :  0.159 0.163 0.521 0.157 
469 OmyJC18ROGR    (0)    2 :  0.069 0.055 0.030 0.847 
470 OmyJC18ROGR    (5)    2 :  0.195 0.123 0.153 0.528 
471 OmyJC18ROGR    (1)    2 :  0.371 0.294 0.127 0.208 
472 OmyJC18ROGR    (2)    2 :  0.408 0.361 0.099 0.132 
473 OmyJC18ROGR    (3)    2 :  0.284 0.415 0.240 0.061 
474 OmyJC18ROGR    (0)    2 :  0.082 0.067 0.796 0.055 
475 OmyJC18ROGR    (2)    2 :  0.173 0.205 0.160 0.462 
476 OmyJC18ROGR    (1)    2 :  0.389 0.468 0.087 0.057 
477 OmyJC18ROGR    (4)    2 :  0.181 0.156 0.416 0.247 
478 OmyJC18ROGR    (0)    2 :  0.396 0.336 0.166 0.102 
479 OmyJC18ROGR    (0)    2 :  0.363 0.485 0.104 0.047 
480 OmyJC18ROGR    (1)    2 :  0.320 0.332 0.188 0.160 
481 OmyJC18ROGR    (3)    2 :  0.363 0.221 0.296 0.119 
482 OmyJC18ROGR    (3)    2 :  0.216 0.185 0.558 0.041 
483 OmyJC18ROGR    (4)    2 :  0.352 0.224 0.367 0.057 
484 OmyJC18ROGR    (4)    2 :  0.462 0.251 0.203 0.084 
485 OmyJC18ROGR    (3)    2 :  0.167 0.159 0.185 0.488 
486 OmyJC18ROGR    (3)    2 :  0.199 0.164 0.186 0.450 
487 OmyJC18ROGR    (1)    2 :  0.167 0.231 0.439 0.163 
488 OmyJC18ROGR    (5)    2 :  0.360 0.376 0.181 0.083 
489 OmyJC18ROGR    (0)    2 :  0.491 0.270 0.176 0.064 
490 OmyJC18ROGR    (3)    2 :  0.370 0.386 0.119 0.124 
491 OmyJC18ROGR    (7)    2 :  0.088 0.074 0.728 0.110 
492 OmyJC18ROGR    (6)    2 :  0.101 0.099 0.757 0.043 
493 OmyJC18ROGR    (3)    2 :  0.392 0.352 0.092 0.164 
494 OmyJC18ROGR    (3)    2 :  0.079 0.077 0.062 0.782 
495 OmyJC18ROGR    (5)    2 :  0.214 0.265 0.143 0.377 
496 OmyJC18ROGR    (0)    2 :  0.316 0.338 0.200 0.145 
497 OmyJC18ROGR    (5)    2 :  0.153 0.178 0.630 0.039 
498 OmyJC18ROGR    (6)    2 :  0.399 0.343 0.096 0.163 
499 OmyJC18ROGR    (0)    2 :  0.393 0.443 0.092 0.072 
500 OmyJC18ROGR    (1)    2 :  0.173 0.210 0.543 0.073 
501 OmyJC18ROGR    (4)    2 :  0.206 0.185 0.115 0.494 
502 OmyJC18ROGR    (2)    2 :  0.264 0.164 0.314 0.259 
503 OmyJC18ROGR    (5)    2 :  0.342 0.235 0.348 0.074 
504 OmyJC18ROGR    (2)    2 :  0.295 0.219 0.197 0.289 
505 OmyJC18ROGR    (0)    2 :  0.226 0.232 0.203 0.340 
506 OmyJC18ROGR    (8)    2 :  0.262 0.268 0.368 0.102 
507 OmyJC18ROGR    (0)    2 :  0.222 0.193 0.390 0.196 
508 OmyJC18ROGR    (0)    2 :  0.182 0.155 0.453 0.209 
509 OmyJC18ROGR    (1)    2 :  0.038 0.039 0.041 0.882 
510 OmyJC18ROGR    (1)    2 :  0.334 0.357 0.167 0.142 
511 OmyJC18ROGR    (5)    2 :  0.286 0.243 0.260 0.211 
512 OmyJC18ROGR    (2)    2 :  0.071 0.080 0.091 0.757 
513 OmyJC18ROGR    (9)    2 :  0.187 0.203 0.268 0.342 
514 OmyJC18ROGR    (4)    2 :  0.147 0.159 0.248 0.445 
515 OmyJC18ROGR    (1)    2 :  0.187 0.175 0.508 0.130 
516 OmyJC18ROGR    (3)    2 :  0.264 0.390 0.132 0.214 
517 OmyJC18ROGR    (3)    2 :  0.160 0.159 0.137 0.544 
518 OmyJC18ROGR    (0)    2 :  0.189 0.193 0.528 0.090 
519 OmyJC18ROGR    (9)    2 :  0.267 0.393 0.248 0.093 
520 OmyJC18ROGR    (6)    2 :  0.419 0.295 0.138 0.148 
521 OmyJC18ROGR    (2)    2 :  0.249 0.332 0.265 0.154 
522 OmyJC18ROGR    (1)    2 :  0.413 0.328 0.110 0.149 
523 OmyJC18ROGR    (4)    2 :  0.352 0.279 0.259 0.110 
524 OmyJC18ROGR    (0)    2 :  0.413 0.403 0.076 0.108 
525 OmyJC18ROGR    (2)    2 :  0.294 0.244 0.357 0.105 
526 OmyJC18ROGR    (3)    2 :  0.207 0.216 0.454 0.124 
527 OmyJC18ROGR    (0)    2 :  0.366 0.375 0.178 0.081 
528 OmyJC18ROGR    (0)    2 :  0.326 0.299 0.315 0.060 
529 OmyJC18ROGR    (1)    2 :  0.395 0.444 0.079 0.081 
530 OmyJC18ROGR    (0)    2 :  0.275 0.269 0.387 0.069 
531 OmyJC18ROGR    (0)    2 :  0.263 0.438 0.066 0.233 
532 OmyJC18ROGR    (2)    2 :  0.440 0.254 0.268 0.039 
533 OmyJC18ROGR    (2)    2 :  0.325 0.555 0.088 0.032 
534 OmyJC18ROGR    (2)    2 :  0.407 0.297 0.193 0.103 
535 OmyJC18ROGR    (0)    2 :  0.359 0.442 0.128 0.071 
536 OmyJC18ROGR    (0)    2 :  0.336 0.409 0.189 0.065 
537 OmyJC18ROGR    (0)    2 :  0.241 0.467 0.259 0.033 
538 OmyJC18ROGR    (0)    2 :  0.254 0.503 0.155 0.089 
539 OmyJC18ROGR    (0)    2 :  0.418 0.324 0.168 0.090 
540 OmyJC18ROGR    (8)    2 :  0.095 0.099 0.709 0.096 
541 OmyJC18ROGR    (1)    2 :  0.338 0.397 0.138 0.127 
542 OmyJC18ROGR    (1)    2 :  0.184 0.148 0.344 0.324 
543 OmyJC18ROGR    (0)    2 :  0.173 0.186 0.511 0.130 
544 OmyJC18ROGR    (2)    2 :  0.305 0.413 0.205 0.077 
545 OmyJC18ROGR    (1)    2 :  0.226 0.169 0.077 0.528 
546 OmyJC18ROGR    (9)    2 :  0.295 0.471 0.192 0.042 
547 OmyJC18ROGR    (0)    2 :  0.401 0.347 0.078 0.173 
548 OmyJC18ROGR    (0)    2 :  0.186 0.206 0.338 0.270 
549 OmyJC18ROGR    (0)    2 :  0.263 0.371 0.216 0.150 
550 OmyJC18ROGR    (1)    2 :  0.169 0.174 0.087 0.570 
551 OmyJC18ROGR    (1)    2 :  0.282 0.268 0.353 0.097 
552 OmyJC18ROGR    (2)    2 :  0.280 0.500 0.084 0.136 
553 OmyJC18ROGR   (10)    2 :  0.298 0.329 0.280 0.093 
554 OmyJC18ROGR    (2)    2 :  0.274 0.317 0.339 0.070 
555 OmyJC18ROGR    (4)    2 :  0.292 0.242 0.387 0.079 
556 OmyJC18ROGR    (0)    2 :  0.182 0.314 0.359 0.144 
557 OmyJC18ROGR    (2)    2 :  0.287 0.248 0.172 0.294 
558 OmyJC18ROGR    (0)    2 :  0.271 0.318 0.070 0.341 
559 OmyJC18ROGR    (0)    2 :  0.192 0.125 0.589 0.094 
560 OmyJC18ROGR    (8)    2 :  0.272 0.222 0.317 0.188 
561 OmyJC18ROGR    (0)    2 :  0.405 0.477 0.071 0.047 
562 OmyJC18ROGR    (8)    2 :  0.216 0.281 0.325 0.178 
563 OmyJC18ROGR    (2)    2 :  0.330 0.310 0.262 0.099 
564 OmyJC18ROGR    (4)    2 :  0.363 0.374 0.139 0.124 
565 OmyJC18ROGR    (3)    2 :  0.324 0.231 0.270 0.175 
566 OmyJC18ROGR    (1)    2 :  0.319 0.253 0.224 0.205 
567 OmyJC18ROGR    (0)    2 :  0.358 0.155 0.392 0.094 
568 OmyJC18ROGR    (5)    2 :  0.225 0.363 0.186 0.226 
569 OmyJC18ROGR    (2)    2 :  0.155 0.105 0.691 0.050 
570 OmyJC18ROGR    (0)    2 :  0.387 0.407 0.117 0.090 
571 OmyJC18ROGR    (2)    2 :  0.381 0.416 0.096 0.107 
572 OmyJC18ROGR    (6)    2 :  0.268 0.255 0.383 0.094 
573 OmyJC18ROGR    (5)    2 :  0.200 0.164 0.140 0.496 
574 OmyJC18ROGR    (8)    2 :  0.292 0.333 0.131 0.243 
575 OmyJC18ROGR    (3)    2 :  0.382 0.378 0.187 0.053 
576 OmyJC18ROGR    (0)    2 :  0.157 0.148 0.540 0.155 
577 OmyJC18ROGR    (0)    2 :  0.052 0.052 0.030 0.866 
578 OmyJC18ROGR    (1)    2 :  0.357 0.424 0.150 0.069 
579 OmyJC18ROGR    (0)    2 :  0.198 0.158 0.040 0.604 
580 OmyJC18ROGR    (0)    2 :  0.245 0.376 0.326 0.053 
581 OmyJC18ROGR    (6)    2 :  0.209 0.199 0.502 0.090 
582 OmyJC18ROGR    (7)    2 :  0.374 0.393 0.180 0.054 
583 OmyJC18ROGR    (3)    2 :  0.286 0.469 0.164 0.081 
584 OmyJC18ROGR    (5)    2 :  0.331 0.319 0.260 0.090 
585 OmyJC18ROGR    (1)    2 :  0.354 0.403 0.090 0.154 
586 OmyJC18ROGR    (2)    2 :  0.383 0.358 0.222 0.038 
587 OmyJC18ROGR    (0)    2 :  0.028 0.029 0.030 0.913 
588 OmyJC18ROGR    (0)    2 :  0.378 0.201 0.172 0.249 
589 OmyJC18ROGR    (1)    2 :  0.261 0.300 0.313 0.125 
590 OmyJC18ROGR    (2)    2 :  0.436 0.429 0.113 0.022 
591 OmyJC18ROGR    (0)    2 :  0.282 0.434 0.209 0.075 
592 OmyJC18ROGR    (4)    2 :  0.359 0.294 0.268 0.079 
593 OmyJC18ROGR    (0)    2 :  0.281 0.334 0.190 0.195 
594 OmyJC18ROGR    (1)    2 :  0.372 0.430 0.126 0.072 
595 OmyJC18ROGR    (0)    2 :  0.150 0.153 0.440 0.257 
596 OmyJC18ROGR    (0)    2 :  0.274 0.319 0.275 0.133 
597 OmyJC18ROGR    (0)    2 :  0.186 0.192 0.441 0.181 
598 OmyJC18ROGR    (0)    2 :  0.350 0.300 0.258 0.092 
599 OmyJC18ROGR    (0)    2 :  0.318 0.380 0.111 0.191 
600 OmyJC18ROGR    (0)    2 :  0.318 0.421 0.151 0.111 
601 OmyJC18ROGR    (0)    2 :  0.228 0.194 0.537 0.041 
602 OmyJC18ROGR    (0)    2 :  0.257 0.255 0.224 0.265 
603 OmyJC18ROGR    (0)    2 :  0.479 0.306 0.157 0.058 
604 OmyJC18ROGR    (0)    2 :  0.336 0.524 0.089 0.051 
605 OmyJC18ROGR    (0)    2 :  0.246 0.374 0.312 0.068 
606 OmyJC18ROGR    (0)    2 :  0.325 0.287 0.219 0.169 
607 OmyJC18ROGR    (0)    2 :  0.372 0.498 0.057 0.074 
608 OmyJC18ROGR    (0)    2 :  0.445 0.389 0.113 0.053 
609 OmyJC18ROGR    (0)    2 :  0.138 0.132 0.645 0.085 
610 OmyJC18ROGR    (6)    2 :  0.097 0.115 0.053 0.734 
611 OmyJC18ROGR    (0)    2 :  0.203 0.229 0.251 0.317 
612 OmyJC18ROGR    (3)    2 :  0.357 0.344 0.114 0.185 
613 OmyJC18ROGR    (0)    2 :  0.293 0.361 0.192 0.154 
614 OmyJC18ROGR    (0)    2 :  0.231 0.246 0.234 0.290 
615 OmyJC18ROGR    (0)    2 :  0.321 0.573 0.068 0.037 
616 OmyJC18ROGR    (0)    2 :  0.071 0.065 0.782 0.081 
617 OmyJC18ROGR    (0)    2 :  0.391 0.268 0.195 0.146 
618 OmyJC18ROGR    (0)    2 :  0.325 0.374 0.055 0.245 
619 OmyJC18ROGR    (0)    2 :  0.349 0.367 0.216 0.068 
620 OmyJC18ROGR    (0)    2 :  0.090 0.097 0.497 0.316 
621 OmyJC18ROGR    (2)    2 :  0.128 0.131 0.654 0.087 
622 OmyJC18ROGR    (3)    2 :  0.221 0.201 0.424 0.154 
623 OmyJC18ROGR    (1)    2 :  0.387 0.399 0.060 0.155 
624 OmyJC18ROGR    (2)    2 :  0.203 0.338 0.317 0.142 
625 OmyJC18ROGR    (1)    2 :  0.284 0.302 0.128 0.285 
626 OmyJC18ROGR    (9)    2 :  0.209 0.282 0.448 0.061 
627 OmyJC18ROGR    (0)    2 :  0.373 0.279 0.167 0.181 
628 OmyJC18ROGR    (0)    2 :  0.030 0.027 0.033 0.910 
629 OmyJC18ROGR    (2)    2 :  0.301 0.372 0.118 0.209 
630 OmyJC18ROGR    (1)    2 :  0.087 0.071 0.806 0.035 
631 OmyJC18ROGR    (4)    2 :  0.372 0.465 0.118 0.046 
632 OmyJC18ROGR    (0)    2 :  0.164 0.151 0.578 0.107 
633 OmyJC18ROGR    (7)    2 :  0.266 0.180 0.465 0.089 
634 OmyJC18ROGR    (2)    2 :  0.272 0.278 0.067 0.383 
635 OmyJC18ROGR    (0)    2 :  0.112 0.102 0.744 0.042 
636 OmyJC18ROGR    (0)    2 :  0.131 0.098 0.554 0.218 
637 OmyJC18ROGR    (0)    2 :  0.318 0.380 0.105 0.198 
638 OmyJC18ROGR    (0)    2 :  0.087 0.077 0.757 0.080 
639 OmyJC18ROGR    (1)    2 :  0.273 0.244 0.334 0.149 
640 OmyJC18ROGR    (2)    2 :  0.220 0.287 0.057 0.435 
641 OmyJC18ROGR    (1)    2 :  0.404 0.404 0.080 0.113 
642 OmyJC18ROGR    (3)    2 :  0.337 0.366 0.064 0.233 
643 OmyJC18ROGR    (1)    2 :  0.301 0.305 0.305 0.090 
644 OmyJC18ROGR   (10)    2 :  0.432 0.447 0.083 0.037 
645 OmyJC18ROGR    (6)    2 :  0.228 0.441 0.109 0.222 
646 OmyJC18ROGR    (0)    2 :  0.338 0.381 0.211 0.069 
647 OmyJC18ROGR    (2)    2 :  0.330 0.380 0.098 0.192 
648 OmyJC18ROGR    (0)    2 :  0.179 0.216 0.557 0.048 
649 OmyJC18ROGR    (0)    2 :  0.345 0.510 0.079 0.066 
650 OmyJC18ROGR    (1)    2 :  0.383 0.329 0.242 0.045 
651 OmyJC18ROGR    (6)    2 :  0.066 0.058 0.071 0.806 
652 OmyJC18ROGR    (1)    2 :  0.284 0.388 0.146 0.182 
653 OmyJC18ROGR    (4)    2 :  0.324 0.220 0.375 0.081 
654 OmyJC18ROGR    (1)    2 :  0.284 0.240 0.321 0.154 
655 OmyJC18ROGR    (4)    2 :  0.236 0.261 0.104 0.399 
656 OmyJC18ROGR    (0)    2 :  0.506 0.339 0.093 0.061 
657 OmyJC18ROGR    (0)    2 :  0.384 0.370 0.137 0.109 
658 OmyJC18ROGR    (0)    2 :  0.174 0.178 0.589 0.058 
659 OmyJC18ROGR    (7)    2 :  0.435 0.437 0.100 0.028 
660 OmyJC18ROGR    (4)    2 :  0.306 0.470 0.090 0.134 
661 OmyJC18ROGR    (3)    2 :  0.371 0.502 0.087 0.040 
662 OmyJC18ROGR    (2)    2 :  0.331 0.518 0.070 0.081 
663 OmyJC18ROGR    (2)    2 :  0.190 0.206 0.269 0.334 
664 OmyJC18ROGR    (0)    2 :  0.211 0.214 0.538 0.037 
665 OmyJC18ROGR    (1)    2 :  0.290 0.421 0.132 0.157 
666 OmyJC18ROGR    (0)    2 :  0.072 0.061 0.089 0.779 
667 OmyJC18ROGR    (0)    2 :  0.245 0.183 0.126 0.446 
668 OmyJC18ROGR    (1)    2 :  0.260 0.286 0.169 0.284 
669 OmyJC18ROGR    (5)    2 :  0.450 0.253 0.105 0.192 
670 OmyJC18ROGR   (10)    2 :  0.367 0.483 0.104 0.047 
671 OmyJC18ROGR    (3)    2 :  0.313 0.460 0.150 0.077 
672 OmyJC18ROGR    (0)    2 :  0.282 0.380 0.304 0.033 
673 OmyJC18ROGR    (6)    2 :  0.070 0.071 0.798 0.061 
674 OmyJC18ROGR    (0)    2 :  0.322 0.245 0.336 0.097 
675 OmyJC18ROGR    (0)    2 :  0.212 0.187 0.563 0.039 
676 OmyJC18ROGR    (1)    2 :  0.465 0.311 0.136 0.089 
677 OmyJC18ROGR    (4)    2 :  0.385 0.221 0.078 0.317 
