

----------------------------------------------------
STRUCTURE by Pritchard, Stephens and Donnelly (2000)
     and Falush, Stephens and Pritchard (2003)
       Code by Pritchard, Falush and Hubisz
             Version 2.3.4 (Jul 2012)
----------------------------------------------------



Command line arguments:   bin/structure -m "/Users/ddayan/FRA/half_pounder_2023/structure/halfpounder_p2/10k_20k_adm_corr_2/mainparams" -e "/Users/ddayan/FRA/half_pounder_2023/structure/halfpounder_p2/10k_20k_adm_corr_2/extraparams" 
Input File:    /Users/ddayan/FRA/half_pounder_2023/structure/halfpounder_p2/project_data

Run parameters:
   1000 individuals
   233 loci
   4 populations assumed
   10000 Burn-in period
   20000 Reps


--------------------------------------------
Proportion of membership of each pre-defined
 population in each of the 4 clusters

Given    Inferred Clusters              Number of
 Pop       1      2      3      4      Individuals

  1:     0.267  0.252  0.215  0.266      275
  2:     0.253  0.238  0.257  0.252      643
  3:     0.240  0.095  0.418  0.247       42
  4:     0.293  0.094  0.312  0.301       40
--------------------------------------------

Allele-freq. divergence among pops (Net nucleotide distance),
computed using point estimates of P.

      1       2       3       4      
 1      -    0.0098  0.0037  0.0001  
 2   0.0098     -    0.0132  0.0098  
 3   0.0037  0.0132     -    0.0036  
 4   0.0001  0.0098  0.0036     -    

Average distances (expected heterozygosity) between individuals in same cluster:
cluster  1  : 0.3141 
cluster  2  : 0.2822 
cluster  3  : 0.3063 
cluster  4  : 0.3139 

--------------------------------------------
Estimated Ln Prob of Data   = -216487.7
Mean value of ln likelihood = -215015.0
Variance of ln likelihood   = 2945.4
Mean value of alpha         = 0.3849

Mean value of Fst_1         = 0.0111
Mean value of Fst_2         = 0.0779
Mean value of Fst_3         = 0.0295
Mean value of Fst_4         = 0.0115


Inferred ancestry of individuals:
        Label (%Miss) Pop:  Inferred clusters
  1 OmyAC19ROGR    (0)    1 :  0.337 0.053 0.229 0.380 
  2 OmyAC19ROGR    (0)    1 :  0.420 0.165 0.082 0.333 
  3 OmyAC19ROGR    (0)    1 :  0.282 0.100 0.315 0.304 
  4 OmyAC19ROGR    (0)    1 :  0.431 0.043 0.089 0.436 
  5 OmyAC19ROGR    (1)    1 :  0.048 0.863 0.043 0.047 
  6 OmyAC19ROGR    (0)    1 :  0.124 0.393 0.341 0.142 
  7 OmyAC19ROGR    (0)    1 :  0.152 0.342 0.340 0.166 
  8 OmyAC19ROGR    (0)    1 :  0.156 0.045 0.638 0.161 
  9 OmyAC19ROGR    (0)    1 :  0.193 0.463 0.165 0.179 
 10 OmyAC19ROGR    (0)    1 :  0.296 0.393 0.091 0.220 
 11 OmyAC19ROGR    (0)    1 :  0.126 0.089 0.613 0.172 
 12 OmyAC19ROGR    (0)    1 :  0.267 0.287 0.149 0.297 
 13 OmyAC19ROGR    (0)    1 :  0.263 0.054 0.472 0.211 
 14 OmyAC19ROGR    (0)    1 :  0.230 0.234 0.280 0.256 
 15 OmyAC19ROGR    (0)    1 :  0.225 0.475 0.116 0.184 
 16 OmyAC19ROGR    (0)    1 :  0.246 0.115 0.392 0.248 
 17 OmyAC19ROGR    (0)    1 :  0.368 0.178 0.053 0.401 
 18 OmyAC19ROGR    (3)    1 :  0.404 0.034 0.244 0.318 
 19 OmyAC19ROGR    (0)    1 :  0.119 0.085 0.709 0.087 
 20 OmyAC19ROGR    (0)    1 :  0.310 0.359 0.064 0.267 
 21 OmyAC19ROGR    (0)    1 :  0.255 0.377 0.096 0.272 
 22 OmyAC19ROGR    (0)    1 :  0.133 0.108 0.613 0.145 
 23 OmyAC19ROGR    (0)    1 :  0.180 0.407 0.234 0.179 
 24 OmyAC19ROGR    (1)    1 :  0.365 0.064 0.238 0.333 
 25 OmyAC19ROGR    (0)    1 :  0.147 0.484 0.236 0.133 
 26 OmyAC19ROGR    (0)    1 :  0.255 0.156 0.351 0.238 
 27 OmyAC19ROGR    (2)    1 :  0.253 0.085 0.415 0.247 
 28 OmyAC19ROGR    (0)    1 :  0.384 0.088 0.155 0.373 
 29 OmyAC19ROGR    (0)    1 :  0.398 0.136 0.104 0.362 
 30 OmyAC19ROGR    (0)    1 :  0.187 0.501 0.163 0.149 
 31 OmyAC19ROGR    (0)    1 :  0.230 0.106 0.390 0.274 
 32 OmyAC19ROGR    (0)    1 :  0.346 0.212 0.116 0.326 
 33 OmyAC19ROGR    (0)    1 :  0.353 0.127 0.147 0.373 
 34 OmyAC19ROGR    (0)    1 :  0.179 0.507 0.146 0.168 
 35 OmyAC19ROGR    (0)    1 :  0.369 0.108 0.127 0.396 
 36 OmyAC19ROGR    (0)    1 :  0.152 0.081 0.610 0.157 
 37 OmyAC19ROGR    (0)    1 :  0.112 0.257 0.535 0.096 
 38 OmyAC19ROGR    (0)    1 :  0.114 0.608 0.153 0.125 
 39 OmyAC19ROGR    (0)    1 :  0.448 0.122 0.080 0.350 
 40 OmyAC19ROGR    (0)    1 :  0.250 0.414 0.093 0.243 
 41 OmyAC19ROGR    (0)    1 :  0.370 0.076 0.135 0.419 
 42 OmyAC19ROGR    (0)    1 :  0.089 0.739 0.084 0.089 
 43 OmyAC19ROGR    (0)    1 :  0.432 0.092 0.093 0.383 
 44 OmyAC19ROGR    (8)    1 :  0.339 0.068 0.218 0.374 
 45 OmyAC19ROGR    (2)    1 :  0.141 0.442 0.247 0.171 
 46 OmyAC19ROGR    (0)    1 :  0.265 0.137 0.283 0.315 
 47 OmyAC19ROGR    (0)    1 :  0.165 0.060 0.638 0.136 
 48 OmyAC19ROGR    (0)    1 :  0.378 0.054 0.205 0.362 
 49 OmyAC19ROGR    (0)    1 :  0.321 0.075 0.294 0.310 
 50 OmyAC19ROGR    (0)    1 :  0.518 0.055 0.062 0.364 
 51 OmyAC19ROGR    (2)    1 :  0.095 0.739 0.081 0.084 
 52 OmyAC19ROGR    (0)    1 :  0.068 0.804 0.062 0.065 
 53 OmyAC19ROGR    (1)    1 :  0.258 0.063 0.441 0.238 
 54 OmyAC19ROGR    (0)    1 :  0.387 0.131 0.152 0.330 
 55 OmyAC19ROGR    (4)    1 :  0.261 0.106 0.384 0.249 
 56 OmyAC19ROGR    (0)    1 :  0.155 0.274 0.412 0.159 
 57 OmyAC19ROGR    (0)    1 :  0.052 0.045 0.839 0.064 
 58 OmyAC19ROGR    (0)    1 :  0.058 0.574 0.296 0.072 
 59 OmyAC19ROGR    (0)    1 :  0.210 0.066 0.551 0.174 
 60 OmyAC19ROGR    (0)    1 :  0.124 0.178 0.556 0.141 
 61 OmyAC19ROGR    (0)    1 :  0.405 0.118 0.123 0.354 
 62 OmyAC19ROGR    (0)    1 :  0.263 0.115 0.344 0.278 
 63 OmyAC19ROGR    (0)    1 :  0.240 0.240 0.215 0.305 
 64 OmyAC19ROGR    (2)    1 :  0.423 0.114 0.095 0.369 
 65 OmyAC19ROGR    (0)    1 :  0.321 0.069 0.323 0.287 
 66 OmyAC19ROGR    (5)    1 :  0.213 0.311 0.249 0.227 
 67 OmyAC19ROGR    (0)    1 :  0.148 0.066 0.658 0.128 
 68 OmyAC19ROGR    (1)    1 :  0.293 0.238 0.227 0.241 
 69 OmyAC19ROGR    (3)    1 :  0.198 0.220 0.370 0.212 
 70 OmyAC19ROGR    (0)    1 :  0.447 0.062 0.101 0.390 
 71 OmyAC19ROGR    (0)    1 :  0.212 0.100 0.403 0.286 
 72 OmyAC19ROGR    (5)    1 :  0.291 0.071 0.265 0.374 
 73 OmyAC19ROGR    (0)    1 :  0.348 0.227 0.120 0.305 
 74 OmyAC19ROGR    (0)    1 :  0.338 0.107 0.107 0.447 
 75 OmyAC19ROGR    (0)    1 :  0.323 0.185 0.131 0.361 
 76 OmyAC19ROGR    (0)    1 :  0.400 0.089 0.184 0.328 
 77 OmyAC19ROGR    (1)    1 :  0.031 0.911 0.026 0.032 
 78 OmyAC19ROGR    (0)    1 :  0.532 0.062 0.078 0.328 
 79 OmyAC19ROGR    (3)    1 :  0.416 0.119 0.148 0.317 
 80 OmyAC19ROGR    (0)    1 :  0.073 0.761 0.082 0.084 
 81 OmyAC19ROGR    (3)    1 :  0.232 0.339 0.180 0.250 
 82 OmyAC19ROGR    (1)    1 :  0.119 0.025 0.747 0.109 
 83 OmyAC19ROGR    (0)    1 :  0.363 0.063 0.185 0.389 
 84 OmyAC19ROGR    (0)    1 :  0.242 0.125 0.395 0.239 
 85 OmyAC19ROGR    (7)    1 :  0.387 0.090 0.197 0.327 
 86 OmyAC19ROGR    (0)    1 :  0.306 0.139 0.133 0.422 
 87 OmyAC19ROGR    (0)    1 :  0.383 0.069 0.183 0.365 
 88 OmyJC19ROGR    (0)    2 :  0.079 0.822 0.041 0.057 
 89 OmyJC19ROGR    (0)    2 :  0.308 0.113 0.327 0.253 
 90 OmyJC19ROGR    (0)    2 :  0.059 0.843 0.036 0.062 
 91 OmyJC19ROGR    (0)    2 :  0.240 0.025 0.476 0.259 
 92 OmyJC19ROGR    (0)    2 :  0.505 0.089 0.118 0.288 
 93 OmyJC19ROGR    (0)    2 :  0.364 0.084 0.188 0.364 
 94 OmyJC19ROGR    (0)    2 :  0.386 0.159 0.075 0.381 
 95 OmyJC19ROGR    (0)    2 :  0.317 0.216 0.158 0.309 
 96 OmyJC19ROGR    (0)    2 :  0.252 0.256 0.202 0.289 
 97 OmyJC19ROGR    (0)    2 :  0.258 0.359 0.186 0.198 
 98 OmyJC19ROGR    (0)    2 :  0.293 0.081 0.367 0.258 
 99 OmyJC19ROGR    (0)    2 :  0.286 0.090 0.341 0.282 
100 OmyJC19ROGR    (0)    2 :  0.249 0.067 0.388 0.297 
101 OmyJC19ROGR    (1)    2 :  0.161 0.543 0.153 0.143 
102 OmyJC19ROGR    (0)    2 :  0.260 0.139 0.315 0.285 
103 OmyJC19ROGR    (0)    2 :  0.220 0.361 0.174 0.244 
104 OmyJC19ROGR    (0)    2 :  0.256 0.048 0.492 0.204 
105 OmyJC19ROGR    (0)    2 :  0.222 0.305 0.195 0.278 
106 OmyJC19ROGR    (0)    2 :  0.048 0.852 0.043 0.057 
107 OmyJC19ROGR    (0)    2 :  0.108 0.255 0.526 0.111 
108 OmyJC19ROGR    (0)    2 :  0.358 0.121 0.115 0.406 
109 OmyJC19ROGR    (0)    2 :  0.266 0.195 0.301 0.237 
110 OmyJC19ROGR    (0)    2 :  0.150 0.546 0.141 0.163 
111 OmyJC19ROGR    (0)    2 :  0.141 0.078 0.647 0.133 
112 OmyJC19ROGR    (2)    2 :  0.205 0.253 0.322 0.221 
113 OmyJC19ROGR    (0)    2 :  0.199 0.549 0.102 0.150 
114 OmyJC19ROGR    (5)    2 :  0.445 0.074 0.134 0.347 
115 OmyJC19ROGR    (0)    2 :  0.387 0.062 0.092 0.459 
116 OmyJC19ROGR    (0)    2 :  0.353 0.150 0.107 0.391 
117 OmyJC19ROGR    (0)    2 :  0.325 0.176 0.223 0.276 
118 OmyJC19ROGR    (0)    2 :  0.337 0.047 0.212 0.404 
119 OmyJC19ROGR    (2)    2 :  0.388 0.064 0.144 0.405 
120 OmyJC19ROGR    (0)    2 :  0.190 0.052 0.590 0.168 
121 OmyJC19ROGR    (0)    2 :  0.167 0.049 0.572 0.213 
122 OmyJC19ROGR    (0)    2 :  0.335 0.101 0.236 0.328 
123 OmyJC19ROGR    (1)    2 :  0.347 0.040 0.220 0.393 
124 OmyJC19ROGR    (0)    2 :  0.267 0.250 0.098 0.385 
125 OmyJC19ROGR    (0)    2 :  0.349 0.137 0.156 0.359 
126 OmyJC19ROGR    (0)    2 :  0.114 0.733 0.052 0.101 
127 OmyJC19ROGR    (0)    2 :  0.250 0.065 0.482 0.203 
128 OmyJC19ROGR    (1)    2 :  0.348 0.060 0.212 0.380 
129 OmyJC19ROGR    (0)    2 :  0.334 0.309 0.095 0.263 
130 OmyJC19ROGR    (2)    2 :  0.319 0.160 0.082 0.438 
131 OmyJC19ROGR    (0)    2 :  0.166 0.104 0.527 0.203 
132 OmyJC19ROGR    (0)    2 :  0.330 0.109 0.188 0.372 
133 OmyJC19ROGR    (0)    2 :  0.357 0.046 0.162 0.435 
134 OmyJC19ROGR    (0)    2 :  0.362 0.081 0.255 0.301 
135 OmyJC19ROGR    (0)    2 :  0.122 0.099 0.665 0.114 
136 OmyJC19ROGR    (4)    2 :  0.329 0.132 0.152 0.387 
137 OmyJC19ROGR    (0)    2 :  0.225 0.247 0.273 0.256 
138 OmyJC19ROGR    (0)    2 :  0.073 0.653 0.187 0.087 
139 OmyJC19ROGR    (3)    2 :  0.330 0.054 0.359 0.257 
140 OmyJC19ROGR    (1)    2 :  0.433 0.149 0.115 0.304 
141 OmyJC19ROGR    (0)    2 :  0.340 0.222 0.119 0.319 
142 OmyJC19ROGR    (0)    2 :  0.147 0.489 0.204 0.160 
143 OmyJC19ROGR    (0)    2 :  0.297 0.193 0.127 0.383 
144 OmyJC19ROGR    (0)    2 :  0.191 0.040 0.531 0.238 
145 OmyJC19ROGR    (0)    2 :  0.335 0.057 0.238 0.371 
146 OmyJC19ROGR    (1)    2 :  0.278 0.143 0.340 0.239 
147 OmyJC19ROGR    (0)    2 :  0.118 0.243 0.499 0.140 
148 OmyJC19ROGR    (0)    2 :  0.125 0.087 0.636 0.152 
149 OmyJC19ROGR    (0)    2 :  0.318 0.068 0.289 0.325 
150 OmyJC19ROGR    (1)    2 :  0.390 0.105 0.126 0.379 
151 OmyJC19ROGR    (0)    2 :  0.345 0.168 0.092 0.395 
152 OmyJC19ROGR    (0)    2 :  0.211 0.064 0.490 0.235 
153 OmyJC19ROGR    (0)    2 :  0.176 0.110 0.561 0.152 
154 OmyJC19ROGR    (0)    2 :  0.203 0.134 0.409 0.253 
155 OmyJC19ROGR    (0)    2 :  0.399 0.094 0.101 0.407 
156 OmyJC19ROGR    (0)    2 :  0.280 0.124 0.291 0.305 
157 OmyJC19ROGR    (0)    2 :  0.267 0.286 0.161 0.287 
158 OmyJC19ROGR    (0)    2 :  0.285 0.036 0.353 0.326 
159 OmyJC19ROGR    (0)    2 :  0.366 0.058 0.165 0.411 
160 OmyJC19ROGR    (0)    2 :  0.345 0.149 0.225 0.281 
161 OmyJC19ROGR    (1)    2 :  0.102 0.051 0.709 0.139 
162 OmyJC19ROGR    (0)    2 :  0.193 0.301 0.292 0.214 
163 OmyJC19ROGR    (0)    2 :  0.178 0.140 0.490 0.193 
164 OmyJC19ROGR    (0)    2 :  0.275 0.037 0.401 0.286 
165 OmyJC19ROGR    (0)    2 :  0.308 0.045 0.293 0.353 
166 OmyJC19ROGR    (0)    2 :  0.387 0.105 0.109 0.399 
167 OmyJC19ROGR    (0)    2 :  0.227 0.187 0.351 0.235 
168 OmyJC19ROGR    (0)    2 :  0.359 0.135 0.191 0.316 
169 OmyJC19ROGR    (0)    2 :  0.047 0.871 0.033 0.049 
170 OmyJC19ROGR    (0)    2 :  0.332 0.140 0.170 0.358 
171 OmyJC19ROGR    (0)    2 :  0.329 0.068 0.230 0.373 
172 OmyJC19ROGR    (0)    2 :  0.133 0.329 0.362 0.177 
173 OmyJC19ROGR    (0)    2 :  0.063 0.827 0.053 0.058 
174 OmyJC19ROGR    (0)    2 :  0.432 0.055 0.127 0.387 
175 OmyJC19ROGR    (0)    2 :  0.449 0.056 0.110 0.385 
176 OmyJC19ROGR    (0)    2 :  0.203 0.275 0.337 0.185 
177 OmyJC19ROGR    (0)    2 :  0.100 0.031 0.761 0.109 
178 OmyJC19ROGR    (0)    2 :  0.344 0.072 0.205 0.379 
179 OmyJC19ROGR    (0)    2 :  0.364 0.081 0.134 0.420 
180 OmyJC19ROGR    (0)    2 :  0.062 0.812 0.064 0.061 
181 OmyJC19ROGR    (0)    2 :  0.370 0.137 0.104 0.390 
182 OmyJC19ROGR    (0)    2 :  0.226 0.121 0.431 0.222 
183 OmyJC19ROGR    (0)    2 :  0.264 0.084 0.329 0.323 
184 OmyJC19ROGR    (0)    2 :  0.111 0.715 0.102 0.072 
185 OmyJC19ROGR    (0)    2 :  0.494 0.036 0.135 0.335 
186 OmyJC19ROGR    (0)    2 :  0.230 0.367 0.202 0.201 
187 OmyJC19ROGR    (0)    2 :  0.392 0.069 0.078 0.461 
188 OmyJC19ROGR    (0)    2 :  0.342 0.070 0.221 0.366 
189 OmyJC19ROGR    (0)    2 :  0.208 0.347 0.187 0.258 
190 OmyJC19ROGR    (0)    2 :  0.257 0.133 0.421 0.189 
191 OmyJC19ROGR    (0)    2 :  0.349 0.099 0.171 0.380 
192 OmyJC19ROGR    (0)    2 :  0.365 0.056 0.170 0.409 
193 OmyJC19ROGR    (0)    2 :  0.125 0.275 0.461 0.139 
194 OmyJC19ROGR    (0)    2 :  0.199 0.035 0.586 0.180 
195 OmyJC19ROGR    (0)    2 :  0.103 0.749 0.045 0.102 
196 OmyJC19ROGR    (0)    2 :  0.440 0.064 0.052 0.444 
197 OmyJC19ROGR    (0)    2 :  0.350 0.078 0.233 0.339 
198 OmyJC19ROGR    (0)    2 :  0.058 0.796 0.083 0.064 
199 OmyJC19ROGR    (0)    2 :  0.318 0.043 0.347 0.292 
200 OmyJC19ROGR    (0)    2 :  0.249 0.263 0.231 0.257 
201 OmyJC19ROGR    (0)    2 :  0.271 0.044 0.407 0.278 
202 OmyJC19ROGR    (0)    2 :  0.250 0.044 0.412 0.294 
203 OmyJC19ROGR    (0)    2 :  0.397 0.065 0.110 0.428 
204 OmyJC19ROGR    (0)    2 :  0.259 0.139 0.215 0.387 
205 OmyJC19ROGR    (0)    2 :  0.270 0.192 0.312 0.226 
206 OmyJC19ROGR    (0)    2 :  0.050 0.874 0.039 0.037 
207 OmyJC19ROGR    (0)    2 :  0.113 0.455 0.292 0.140 
208 OmyJC19ROGR    (0)    2 :  0.275 0.086 0.302 0.337 
209 OmyJC19ROGR    (0)    2 :  0.205 0.385 0.226 0.184 
210 OmyJC19ROGR    (0)    2 :  0.054 0.857 0.033 0.056 
211 OmyJC19ROGR    (0)    2 :  0.221 0.176 0.399 0.205 
212 OmyJC19ROGR    (1)    2 :  0.085 0.267 0.561 0.087 
213 OmyJC19ROGR    (1)    2 :  0.358 0.148 0.105 0.389 
214 OmyJC19ROGR    (0)    2 :  0.141 0.215 0.455 0.189 
215 OmyJC19ROGR    (0)    2 :  0.414 0.048 0.155 0.384 
216 OmyJC19ROGR    (0)    2 :  0.110 0.511 0.239 0.140 
217 OmyJC19ROGR    (0)    2 :  0.139 0.594 0.113 0.154 
218 OmyJC19ROGR    (0)    2 :  0.361 0.080 0.118 0.441 
219 OmyJC19ROGR    (0)    2 :  0.207 0.285 0.328 0.180 
220 OmyJC19ROGR    (0)    2 :  0.176 0.027 0.620 0.177 
221 OmyJC19ROGR    (0)    2 :  0.115 0.210 0.513 0.162 
222 OmyJC19ROGR    (0)    2 :  0.366 0.067 0.253 0.314 
223 OmyJC19ROGR    (0)    2 :  0.192 0.172 0.407 0.228 
224 OmyJC19ROGR    (1)    2 :  0.402 0.120 0.164 0.314 
225 OmyJC19ROGR    (0)    2 :  0.045 0.767 0.144 0.045 
226 OmyJC19ROGR    (0)    2 :  0.302 0.406 0.053 0.239 
227 OmyJC19ROGR    (0)    2 :  0.057 0.847 0.040 0.056 
228 OmyJC19ROGR    (0)    2 :  0.271 0.074 0.295 0.360 
229 OmyJC19ROGR    (0)    2 :  0.336 0.058 0.215 0.391 
230 OmyJC19ROGR    (0)    2 :  0.197 0.249 0.269 0.285 
231 OmyJC19ROGR    (0)    2 :  0.185 0.187 0.406 0.223 
232 OmyJC19ROGR    (2)    2 :  0.239 0.165 0.368 0.228 
233 OmyJC19ROGR    (0)    2 :  0.197 0.277 0.320 0.207 
234 OmyJC19ROGR    (0)    2 :  0.041 0.884 0.033 0.042 
235 OmyJC19ROGR    (0)    2 :  0.116 0.700 0.086 0.099 
236 OmyJC19ROGR    (0)    2 :  0.102 0.059 0.737 0.102 
237 OmyJC19ROGR    (0)    2 :  0.157 0.156 0.544 0.142 
238 OmyJC19ROGR    (0)    2 :  0.086 0.099 0.726 0.089 
239 OmyJC19ROGR    (0)    2 :  0.351 0.085 0.280 0.284 
240 OmyJC19ROGR    (0)    2 :  0.328 0.115 0.177 0.380 
241 OmyJC19ROGR    (0)    2 :  0.313 0.281 0.105 0.301 
242 OmyJC19ROGR    (0)    2 :  0.198 0.038 0.596 0.169 
243 OmyJC19ROGR    (0)    2 :  0.369 0.073 0.199 0.359 
244 OmyJC19ROGR    (0)    2 :  0.311 0.087 0.157 0.444 
245 OmyJC19ROGR    (0)    2 :  0.061 0.837 0.043 0.059 
246 OmyJC19ROGR    (0)    2 :  0.237 0.214 0.297 0.252 
247 OmyJC19ROGR    (0)    2 :  0.126 0.659 0.091 0.124 
248 OmyJC19ROGR    (0)    2 :  0.262 0.400 0.066 0.271 
249 OmyJC19ROGR    (0)    2 :  0.369 0.135 0.099 0.397 
250 OmyJC19ROGR    (0)    2 :  0.332 0.165 0.126 0.377 
251 OmyJC19ROGR    (0)    2 :  0.427 0.107 0.080 0.387 
252 OmyJC19ROGR    (0)    2 :  0.229 0.146 0.387 0.238 
253 OmyJC19ROGR    (0)    2 :  0.449 0.150 0.076 0.325 
254 OmyJC19ROGR    (0)    2 :  0.364 0.179 0.115 0.342 
255 OmyJC19ROGR    (0)    2 :  0.301 0.096 0.297 0.306 
256 OmyJC19ROGR    (0)    2 :  0.286 0.227 0.204 0.284 
257 OmyJC19ROGR    (0)    2 :  0.398 0.112 0.093 0.397 
258 OmyAC19ROGR    (0)    1 :  0.326 0.150 0.205 0.319 
259 OmyAC19ROGR    (0)    1 :  0.218 0.410 0.161 0.211 
260 OmyAC19ROGR    (0)    1 :  0.406 0.102 0.074 0.418 
261 OmyAC19ROGR    (0)    1 :  0.432 0.149 0.074 0.345 
262 OmyAC19ROGR    (0)    1 :  0.421 0.186 0.082 0.311 
263 OmyAC19ROGR    (0)    1 :  0.263 0.132 0.297 0.308 
264 OmyAC19ROGR    (0)    1 :  0.378 0.103 0.108 0.411 
265 OmyAC19ROGR    (0)    1 :  0.432 0.077 0.078 0.413 
266 OmyAC19ROGR    (0)    1 :  0.428 0.058 0.112 0.402 
267 OmyAC19ROGR    (0)    1 :  0.293 0.332 0.071 0.303 
268 OmyAC19ROGR    (0)    1 :  0.208 0.205 0.320 0.267 
269 OmyAC19ROGR    (1)    1 :  0.337 0.244 0.093 0.326 
270 OmyAC19ROGR    (0)    1 :  0.350 0.087 0.083 0.480 
271 OmyAC19ROGR    (0)    1 :  0.200 0.457 0.123 0.220 
272 OmyAC19ROGR    (0)    1 :  0.268 0.241 0.252 0.239 
273 OmyAC19ROGR    (0)    1 :  0.373 0.054 0.206 0.367 
274 OmyAC19ROGR    (0)    1 :  0.135 0.616 0.085 0.164 
275 OmyAC19ROGR    (0)    1 :  0.102 0.124 0.661 0.113 
276 OmyAC19ROGR    (0)    1 :  0.340 0.128 0.220 0.313 
277 OmyAC19ROGR    (0)    1 :  0.300 0.244 0.135 0.321 
278 OmyAC19ROGR    (0)    1 :  0.150 0.304 0.395 0.151 
279 OmyAC19ROGR    (0)    1 :  0.191 0.236 0.396 0.177 
280 OmyAC19ROGR    (0)    1 :  0.323 0.254 0.135 0.288 
281 OmyAC19ROGR    (0)    1 :  0.349 0.101 0.157 0.392 
282 OmyAC19ROGR    (0)    1 :  0.293 0.259 0.185 0.263 
283 OmyAC19ROGR    (0)    1 :  0.268 0.171 0.222 0.339 
284 OmyAC19ROGR    (0)    1 :  0.385 0.068 0.142 0.405 
285 OmyAC19ROGR    (0)    1 :  0.332 0.084 0.202 0.381 
286 OmyAC19ROGR    (0)    1 :  0.390 0.055 0.154 0.400 
287 OmyAC19ROGR    (0)    1 :  0.033 0.915 0.022 0.030 
288 OmyAC19ROGR    (0)    1 :  0.053 0.586 0.307 0.054 
289 OmyAC19ROGR    (0)    1 :  0.303 0.178 0.157 0.362 
290 OmyAC19ROGR    (1)    1 :  0.037 0.880 0.042 0.041 
291 OmyAC19ROGR    (0)    1 :  0.195 0.451 0.120 0.235 
292 OmyAC19ROGR    (0)    1 :  0.303 0.182 0.155 0.360 
293 OmyAC19ROGR    (0)    1 :  0.183 0.096 0.528 0.193 
294 OmyAC19ROGR    (0)    1 :  0.282 0.347 0.066 0.305 
295 OmyAC19ROGR    (0)    1 :  0.486 0.059 0.061 0.394 
296 OmyAC19ROGR    (0)    1 :  0.192 0.068 0.587 0.153 
297 OmyAC19ROGR    (0)    1 :  0.162 0.599 0.047 0.192 
298 OmyAC19ROGR    (0)    1 :  0.284 0.084 0.253 0.379 
299 OmyAC19ROGR    (0)    1 :  0.305 0.253 0.187 0.255 
300 OmyAC19ROGR    (0)    1 :  0.358 0.113 0.197 0.332 
301 OmyAC19ROGR    (0)    1 :  0.065 0.816 0.050 0.068 
302 OmyAC19ROGR    (0)    1 :  0.124 0.592 0.144 0.140 
303 OmyAC19ROGR    (0)    1 :  0.309 0.150 0.168 0.373 
304 OmyAC19ROGR    (0)    1 :  0.116 0.337 0.427 0.120 
305 OmyAC19ROGR    (0)    1 :  0.332 0.082 0.183 0.403 
306 OmyAC19ROGR    (0)    1 :  0.188 0.539 0.074 0.199 
307 OmyAC19ROGR    (1)    1 :  0.301 0.071 0.289 0.338 
308 OmyAC19ROGR    (0)    1 :  0.335 0.207 0.140 0.318 
309 OmyAC19ROGR    (0)    1 :  0.103 0.753 0.043 0.101 
310 OmyAC19ROGR    (0)    1 :  0.283 0.365 0.099 0.253 
311 OmyAC19ROGR    (0)    1 :  0.186 0.589 0.079 0.146 
312 OmyAC19ROGR    (0)    1 :  0.346 0.102 0.143 0.409 
313 OmyAC19ROGR    (0)    1 :  0.295 0.110 0.281 0.315 
314 OmyAC19ROGR    (0)    1 :  0.258 0.208 0.302 0.232 
315 OmyAC19ROGR    (0)    1 :  0.347 0.195 0.087 0.372 
316 OmyAC19ROGR    (0)    1 :  0.428 0.063 0.058 0.451 
317 OmyAC19ROGR    (0)    1 :  0.133 0.067 0.647 0.153 
318 OmyAC19ROGR    (0)    1 :  0.304 0.040 0.363 0.293 
319 OmyAC19ROGR    (0)    1 :  0.362 0.048 0.237 0.353 
320 OmyAC19ROGR    (0)    1 :  0.274 0.038 0.315 0.373 
321 OmyAC19ROGR    (0)    1 :  0.362 0.056 0.179 0.403 
322 OmyAC19ROGR    (0)    1 :  0.312 0.393 0.077 0.218 
323 OmyAC19ROGR    (0)    1 :  0.379 0.114 0.186 0.321 
324 OmyAC19ROGR    (0)    1 :  0.390 0.056 0.090 0.463 
325 OmyAC19ROGR    (0)    1 :  0.269 0.294 0.099 0.339 
326 OmyAC19ROGR    (0)    1 :  0.355 0.081 0.121 0.444 
327 OmyAC19ROGR    (0)    1 :  0.408 0.069 0.098 0.425 
328 OmyAC20ROGR    (0)    1 :  0.310 0.077 0.363 0.250 
329 OmyAC20ROGR    (0)    1 :  0.252 0.201 0.286 0.261 
330 OmyAC20ROGR    (0)    1 :  0.227 0.219 0.310 0.243 
331 OmyAC20ROGR    (0)    1 :  0.146 0.599 0.119 0.136 
332 OmyAC20ROGR    (0)    1 :  0.306 0.274 0.146 0.274 
333 OmyAC20ROGR    (0)    1 :  0.296 0.286 0.086 0.332 
334 OmyAC20ROGR    (0)    1 :  0.426 0.115 0.102 0.358 
335 OmyAC20ROGR    (0)    1 :  0.433 0.058 0.134 0.375 
336 OmyAC20ROGR    (0)    1 :  0.284 0.220 0.175 0.321 
337 OmyAC20ROGR    (0)    1 :  0.174 0.526 0.159 0.141 
338 OmyAC20ROGR    (0)    1 :  0.440 0.147 0.085 0.329 
339 OmyAC20ROGR    (0)    1 :  0.329 0.139 0.222 0.310 
340 OmyAC20ROGR    (0)    1 :  0.353 0.111 0.197 0.338 
341 OmyAC20ROGR    (0)    1 :  0.224 0.103 0.456 0.218 
342 OmyAC20ROGR    (0)    1 :  0.274 0.229 0.238 0.259 
343 OmyAC20ROGR    (0)    1 :  0.171 0.081 0.566 0.182 
344 OmyAC20ROGR    (0)    1 :  0.216 0.343 0.217 0.225 
345 OmyAC20ROGR    (1)    1 :  0.436 0.212 0.053 0.299 
346 OmyAC20ROGR    (0)    1 :  0.325 0.297 0.079 0.299 
347 OmyAC20ROGR    (0)    1 :  0.201 0.341 0.257 0.201 
348 OmyAC20ROGR    (0)    1 :  0.202 0.211 0.407 0.180 
349 OmyAC20ROGR    (0)    1 :  0.289 0.062 0.341 0.308 
350 OmyAC20ROGR    (0)    1 :  0.113 0.104 0.665 0.119 
351 OmyAC20ROGR    (0)    1 :  0.355 0.118 0.126 0.401 
352 OmyAC20ROGR    (0)    1 :  0.345 0.088 0.185 0.382 
353 OmyAC20ROGR    (0)    1 :  0.363 0.141 0.111 0.384 
354 OmyAC20ROGR    (0)    1 :  0.139 0.389 0.316 0.157 
355 OmyAC20ROGR    (0)    1 :  0.092 0.184 0.634 0.090 
356 OmyAC20ROGR    (0)    1 :  0.298 0.300 0.112 0.290 
357 OmyAC20ROGR    (0)    1 :  0.317 0.095 0.253 0.335 
358 OmyAC20ROGR    (0)    1 :  0.328 0.070 0.209 0.393 
359 OmyAC20ROGR    (0)    1 :  0.167 0.450 0.214 0.169 
360 OmyAC20ROGR    (0)    1 :  0.311 0.232 0.144 0.313 
361 OmyAC20ROGR    (0)    1 :  0.195 0.061 0.494 0.250 
362 OmyAC20ROGR    (0)    1 :  0.313 0.179 0.165 0.343 
363 OmyAC20ROGR    (0)    1 :  0.109 0.435 0.326 0.130 
364 OmyAC20ROGR    (1)    1 :  0.378 0.104 0.241 0.277 
365 OmyAC20ROGR    (0)    1 :  0.394 0.063 0.139 0.404 
366 OmyAC20ROGR    (0)    1 :  0.407 0.035 0.080 0.478 
367 OmyAC20ROGR    (0)    1 :  0.384 0.093 0.082 0.440 
368 OmyAC20ROGR    (0)    1 :  0.378 0.088 0.195 0.339 
369 OmyAC20ROGR    (0)    1 :  0.167 0.363 0.298 0.172 
370 OmyAC20ROGR    (0)    1 :  0.145 0.680 0.058 0.117 
371 OmyAC20ROGR    (0)    1 :  0.083 0.768 0.066 0.083 
372 OmyAC20ROGR    (2)    1 :  0.058 0.836 0.044 0.063 
373 OmyAC20ROGR    (0)    1 :  0.082 0.647 0.169 0.102 
374 OmyAC20ROGR    (0)    1 :  0.349 0.048 0.190 0.414 
375 OmyAC20ROGR    (0)    1 :  0.308 0.188 0.173 0.331 
376 OmyAC20ROGR    (0)    1 :  0.233 0.278 0.258 0.231 
377 OmyAC20ROGR    (0)    1 :  0.332 0.061 0.200 0.407 
378 OmyAC20ROGR    (0)    1 :  0.396 0.046 0.280 0.278 
379 OmyAC20ROGR    (0)    1 :  0.165 0.508 0.158 0.169 
380 OmyAC20ROGR    (0)    1 :  0.442 0.058 0.075 0.425 
381 OmyAC20ROGR    (0)    1 :  0.309 0.201 0.155 0.335 
382 OmyAC20ROGR    (0)    1 :  0.066 0.803 0.063 0.067 
383 OmyAC20ROGR    (0)    1 :  0.385 0.154 0.052 0.408 
384 OmyAC20ROGR    (0)    1 :  0.201 0.463 0.142 0.195 
385 OmyAC20ROGR    (0)    1 :  0.214 0.302 0.244 0.241 
386 OmyAC20ROGR    (0)    1 :  0.298 0.332 0.094 0.276 
387 OmyAC20ROGR    (0)    1 :  0.208 0.505 0.076 0.211 
388 OmyAC20ROGR    (0)    1 :  0.183 0.507 0.128 0.183 
389 OmyAC20ROGR    (0)    1 :  0.431 0.076 0.083 0.410 
390 OmyAC20ROGR    (0)    1 :  0.098 0.025 0.766 0.111 
391 OmyAC20ROGR    (0)    1 :  0.083 0.579 0.247 0.092 
392 OmyAC20ROGR    (0)    1 :  0.174 0.451 0.188 0.187 
393 OmyAC20ROGR    (0)    1 :  0.220 0.159 0.337 0.284 
394 OmyAC20ROGR    (0)    1 :  0.309 0.223 0.228 0.240 
395 OmyAC20ROGR    (0)    1 :  0.270 0.145 0.318 0.267 
396 OmyAC20ROGR    (0)    1 :  0.246 0.133 0.274 0.347 
397 OmyAC20ROGR    (0)    1 :  0.366 0.266 0.075 0.293 
398 OmyAC20ROGR    (0)    1 :  0.165 0.602 0.063 0.170 
399 OmyAC20ROGR    (0)    1 :  0.371 0.254 0.062 0.313 
400 OmyAC20ROGR    (0)    1 :  0.397 0.164 0.074 0.365 
401 OmyAC20ROGR    (0)    1 :  0.090 0.721 0.112 0.078 
402 OmyAC20ROGR    (0)    1 :  0.188 0.034 0.512 0.266 
403 OmyAC20ROGR    (0)    1 :  0.318 0.180 0.232 0.270 
404 OmyAC20ROGR    (0)    1 :  0.402 0.037 0.151 0.410 
405 OmyAC20ROGR    (0)    1 :  0.146 0.476 0.230 0.148 
406 OmyAC20ROGR    (0)    1 :  0.297 0.078 0.325 0.300 
407 OmyAC20ROGR    (0)    1 :  0.405 0.088 0.074 0.433 
408 OmyAC20ROGR    (0)    1 :  0.082 0.177 0.650 0.091 
409 OmyAC20ROGR    (0)    1 :  0.368 0.082 0.112 0.438 
410 OmyAC20ROGR    (0)    1 :  0.084 0.791 0.035 0.090 
411 OmyAC20ROGR    (0)    1 :  0.109 0.665 0.089 0.136 
412 OmyAC20ROGR    (0)    1 :  0.223 0.311 0.171 0.295 
413 OmyAC20ROGR    (0)    1 :  0.344 0.161 0.082 0.413 
414 OmyAC20ROGR    (0)    1 :  0.205 0.443 0.156 0.196 
415 OmyAC20ROGR    (0)    1 :  0.431 0.087 0.151 0.331 
416 OmyAC20ROGR    (0)    1 :  0.389 0.092 0.102 0.417 
417 OmyAC20ROGR    (0)    1 :  0.400 0.045 0.126 0.430 
418 OmyAC20ROGR    (0)    1 :  0.281 0.268 0.149 0.302 
419 OmyAC20ROGR    (0)    1 :  0.146 0.505 0.199 0.149 
420 OmyAC20ROGR    (0)    1 :  0.173 0.085 0.609 0.134 
421 OmyAC20ROGR    (0)    1 :  0.351 0.169 0.093 0.387 
422 OmyAC20ROGR    (0)    1 :  0.059 0.833 0.047 0.061 
423 OmyAC20ROGR    (0)    1 :  0.374 0.076 0.066 0.485 
424 OmyAC20ROGR    (0)    1 :  0.228 0.051 0.523 0.198 
425 OmyAC20ROGR    (0)    1 :  0.058 0.828 0.062 0.052 
426 OmyAC20ROGR    (0)    1 :  0.413 0.100 0.082 0.405 
427 OmyAC20ROGR    (0)    1 :  0.403 0.111 0.113 0.372 
428 OmyAC20ROGR    (0)    1 :  0.084 0.795 0.051 0.070 
429 OmyAC20ROGR    (0)    1 :  0.176 0.054 0.561 0.209 
430 OmyAC20ROGR    (0)    1 :  0.337 0.125 0.186 0.352 
431 OmyAC20ROGR    (0)    1 :  0.163 0.600 0.074 0.163 
432 OmyAC20ROGR    (0)    1 :  0.056 0.851 0.041 0.052 
433 OmyAC20ROGR    (0)    1 :  0.050 0.719 0.176 0.055 
434 OmyAC20ROGR    (0)    1 :  0.261 0.400 0.090 0.248 
435 OmyAC20ROGR    (0)    1 :  0.479 0.080 0.091 0.350 
436 OmyAC20ROGR    (0)    1 :  0.365 0.118 0.061 0.456 
437 OmyAC20ROGR    (0)    1 :  0.086 0.671 0.131 0.111 
438 OmyAC20ROGR    (0)    1 :  0.203 0.426 0.145 0.226 
439 OmyAC20ROGR    (0)    1 :  0.451 0.129 0.055 0.365 
440 OmyAC20ROGR    (0)    1 :  0.144 0.633 0.068 0.155 
441 OmyAC20ROGR    (0)    1 :  0.262 0.065 0.428 0.245 
442 OmyAC20ROGR    (0)    1 :  0.384 0.143 0.169 0.305 
443 OmyAC20ROGR    (0)    1 :  0.462 0.074 0.088 0.376 
444 OmyAC20ROGR    (0)    1 :  0.317 0.319 0.063 0.301 
445 OmyAC20ROGR    (0)    1 :  0.261 0.219 0.261 0.259 
446 OmyJC18ROGR    (0)    2 :  0.167 0.363 0.283 0.187 
447 OmyJC18ROGR    (0)    2 :  0.292 0.173 0.229 0.306 
448 OmyJC18ROGR    (0)    2 :  0.322 0.172 0.142 0.364 
449 OmyJC18ROGR    (0)    2 :  0.071 0.599 0.262 0.068 
450 OmyJC18ROGR    (0)    2 :  0.146 0.643 0.110 0.102 
451 OmyJC18ROGR    (0)    2 :  0.093 0.801 0.042 0.065 
452 OmyJC18ROGR    (0)    2 :  0.251 0.381 0.121 0.247 
453 OmyJC18ROGR    (0)    2 :  0.080 0.042 0.803 0.075 
454 OmyJC18ROGR    (0)    2 :  0.087 0.774 0.064 0.076 
455 OmyJC18ROGR    (0)    2 :  0.345 0.150 0.152 0.353 
456 OmyJC18ROGR    (0)    2 :  0.067 0.830 0.046 0.057 
457 OmyJC18ROGR    (0)    2 :  0.429 0.135 0.060 0.376 
458 OmyJC18ROGR    (0)    2 :  0.117 0.191 0.528 0.164 
459 OmyJC18ROGR    (1)    2 :  0.445 0.041 0.094 0.420 
460 OmyJC18ROGR    (2)    2 :  0.335 0.234 0.172 0.258 
461 OmyJC18ROGR    (2)    2 :  0.244 0.436 0.106 0.214 
462 OmyJC18ROGR    (3)    2 :  0.212 0.309 0.279 0.200 
463 OmyJC18ROGR    (0)    2 :  0.083 0.720 0.113 0.084 
464 OmyJC18ROGR    (4)    2 :  0.399 0.045 0.133 0.423 
465 OmyJC18ROGR    (3)    2 :  0.277 0.148 0.225 0.351 
466 OmyJC18ROGR    (0)    2 :  0.339 0.185 0.152 0.324 
467 OmyJC18ROGR    (0)    2 :  0.389 0.104 0.133 0.375 
468 OmyJC18ROGR    (0)    2 :  0.179 0.157 0.491 0.173 
469 OmyJC18ROGR    (0)    2 :  0.078 0.813 0.031 0.079 
470 OmyJC18ROGR    (5)    2 :  0.147 0.529 0.155 0.170 
471 OmyJC18ROGR    (1)    2 :  0.313 0.222 0.117 0.348 
472 OmyJC18ROGR    (2)    2 :  0.324 0.137 0.101 0.438 
473 OmyJC18ROGR    (3)    2 :  0.335 0.066 0.264 0.335 
474 OmyJC18ROGR    (0)    2 :  0.078 0.062 0.770 0.090 
475 OmyJC18ROGR    (2)    2 :  0.177 0.452 0.175 0.195 
476 OmyJC18ROGR    (1)    2 :  0.477 0.070 0.105 0.348 
477 OmyJC18ROGR    (4)    2 :  0.204 0.248 0.395 0.153 
478 OmyJC18ROGR    (0)    2 :  0.379 0.104 0.171 0.346 
479 OmyJC18ROGR    (0)    2 :  0.418 0.054 0.099 0.428 
480 OmyJC18ROGR    (1)    2 :  0.340 0.188 0.185 0.287 
481 OmyJC18ROGR    (3)    2 :  0.324 0.124 0.269 0.283 
482 OmyJC18ROGR    (3)    2 :  0.232 0.052 0.503 0.212 
483 OmyJC18ROGR    (4)    2 :  0.251 0.063 0.374 0.312 
484 OmyJC18ROGR    (4)    2 :  0.348 0.082 0.182 0.388 
485 OmyJC18ROGR    (3)    2 :  0.168 0.491 0.154 0.187 
486 OmyJC18ROGR    (3)    2 :  0.182 0.459 0.183 0.176 
487 OmyJC18ROGR    (1)    2 :  0.211 0.180 0.400 0.208 
488 OmyJC18ROGR    (5)    2 :  0.372 0.097 0.183 0.348 
489 OmyJC18ROGR    (0)    2 :  0.407 0.062 0.157 0.373 
490 OmyJC18ROGR    (3)    2 :  0.406 0.126 0.132 0.335 
491 OmyJC18ROGR    (7)    2 :  0.092 0.109 0.710 0.089 
492 OmyJC18ROGR    (6)    2 :  0.117 0.048 0.721 0.113 
493 OmyJC18ROGR    (3)    2 :  0.408 0.158 0.099 0.335 
494 OmyJC18ROGR    (3)    2 :  0.082 0.774 0.063 0.082 
495 OmyJC18ROGR    (5)    2 :  0.244 0.357 0.169 0.230 
496 OmyJC18ROGR    (0)    2 :  0.335 0.157 0.234 0.274 
497 OmyJC18ROGR    (5)    2 :  0.174 0.038 0.638 0.150 
498 OmyJC18ROGR    (6)    2 :  0.399 0.167 0.109 0.325 
499 OmyJC18ROGR    (0)    2 :  0.467 0.069 0.104 0.360 
500 OmyJC18ROGR    (1)    2 :  0.170 0.080 0.558 0.193 
501 OmyJC18ROGR    (4)    2 :  0.182 0.474 0.127 0.218 
502 OmyJC18ROGR    (2)    2 :  0.195 0.281 0.301 0.223 
503 OmyJC18ROGR    (5)    2 :  0.243 0.089 0.337 0.331 
504 OmyJC18ROGR    (2)    2 :  0.270 0.288 0.215 0.228 
505 OmyJC18ROGR    (0)    2 :  0.207 0.333 0.231 0.229 
506 OmyJC18ROGR    (8)    2 :  0.243 0.102 0.418 0.238 
507 OmyJC18ROGR    (0)    2 :  0.225 0.206 0.354 0.216 
508 OmyJC18ROGR    (0)    2 :  0.159 0.226 0.432 0.183 
509 OmyJC18ROGR    (1)    2 :  0.041 0.887 0.034 0.039 
510 OmyJC18ROGR    (1)    2 :  0.367 0.135 0.142 0.356 
511 OmyJC18ROGR    (5)    2 :  0.253 0.222 0.276 0.249 
512 OmyJC18ROGR    (2)    2 :  0.073 0.759 0.100 0.069 
513 OmyJC18ROGR    (9)    2 :  0.190 0.364 0.256 0.190 
514 OmyJC18ROGR    (4)    2 :  0.152 0.436 0.253 0.159 
515 OmyJC18ROGR    (1)    2 :  0.172 0.132 0.491 0.205 
516 OmyJC18ROGR    (3)    2 :  0.345 0.209 0.133 0.314 
517 OmyJC18ROGR    (3)    2 :  0.184 0.513 0.142 0.160 
518 OmyJC18ROGR    (0)    2 :  0.201 0.102 0.495 0.202 
519 OmyJC18ROGR    (9)    2 :  0.341 0.102 0.227 0.330 
520 OmyJC18ROGR    (6)    2 :  0.368 0.152 0.137 0.343 
521 OmyJC18ROGR    (2)    2 :  0.284 0.169 0.291 0.255 
522 OmyJC18ROGR    (1)    2 :  0.358 0.150 0.107 0.385 
523 OmyJC18ROGR    (4)    2 :  0.299 0.117 0.243 0.341 
524 OmyJC18ROGR    (0)    2 :  0.384 0.108 0.069 0.439 
525 OmyJC18ROGR    (2)    2 :  0.301 0.115 0.364 0.221 
526 OmyJC18ROGR    (3)    2 :  0.213 0.134 0.487 0.166 
527 OmyJC18ROGR    (0)    2 :  0.390 0.077 0.163 0.370 
528 OmyJC18ROGR    (0)    2 :  0.330 0.063 0.314 0.293 
529 OmyJC18ROGR    (1)    2 :  0.400 0.079 0.091 0.430 
530 OmyJC18ROGR    (0)    2 :  0.262 0.068 0.373 0.297 
531 OmyJC18ROGR    (0)    2 :  0.355 0.237 0.073 0.336 
532 OmyJC18ROGR    (2)    2 :  0.390 0.048 0.255 0.307 
533 OmyJC18ROGR    (2)    2 :  0.463 0.029 0.098 0.410 
534 OmyJC18ROGR    (2)    2 :  0.335 0.100 0.205 0.359 
535 OmyJC18ROGR    (0)    2 :  0.383 0.092 0.142 0.383 
536 OmyJC18ROGR    (0)    2 :  0.347 0.068 0.191 0.395 
537 OmyJC18ROGR    (0)    2 :  0.392 0.037 0.223 0.348 
538 OmyJC18ROGR    (0)    2 :  0.379 0.104 0.166 0.351 
539 OmyJC18ROGR    (0)    2 :  0.371 0.075 0.165 0.388 
540 OmyJC18ROGR    (8)    2 :  0.119 0.109 0.658 0.114 
541 OmyJC18ROGR    (1)    2 :  0.361 0.124 0.144 0.371 
542 OmyJC18ROGR    (1)    2 :  0.119 0.348 0.348 0.184 
543 OmyJC18ROGR    (0)    2 :  0.170 0.129 0.471 0.230 
544 OmyJC18ROGR    (2)    2 :  0.366 0.081 0.205 0.348 
545 OmyJC18ROGR    (1)    2 :  0.179 0.547 0.080 0.194 
546 OmyJC18ROGR    (9)    2 :  0.339 0.051 0.236 0.374 
547 OmyJC18ROGR    (0)    2 :  0.341 0.186 0.079 0.394 
548 OmyJC18ROGR    (0)    2 :  0.236 0.257 0.313 0.194 
549 OmyJC18ROGR    (0)    2 :  0.307 0.157 0.216 0.320 
550 OmyJC18ROGR    (1)    2 :  0.165 0.536 0.082 0.217 
551 OmyJC18ROGR    (1)    2 :  0.305 0.106 0.353 0.236 
552 OmyJC18ROGR    (2)    2 :  0.372 0.146 0.095 0.387 
553 OmyJC18ROGR   (10)    2 :  0.310 0.092 0.261 0.338 
554 OmyJC18ROGR    (2)    2 :  0.287 0.084 0.349 0.281 
555 OmyJC18ROGR    (4)    2 :  0.297 0.084 0.347 0.272 
556 OmyJC18ROGR    (0)    2 :  0.236 0.148 0.357 0.260 
557 OmyJC18ROGR    (2)    2 :  0.291 0.267 0.140 0.301 
558 OmyJC18ROGR    (0)    2 :  0.301 0.343 0.074 0.282 
559 OmyJC18ROGR    (0)    2 :  0.157 0.088 0.605 0.149 
560 OmyJC18ROGR    (8)    2 :  0.280 0.186 0.294 0.239 
561 OmyJC18ROGR    (0)    2 :  0.399 0.044 0.080 0.477 
562 OmyJC18ROGR    (8)    2 :  0.237 0.176 0.334 0.253 
563 OmyJC18ROGR    (2)    2 :  0.328 0.099 0.238 0.335 
564 OmyJC18ROGR    (4)    2 :  0.358 0.128 0.147 0.367 
565 OmyJC18ROGR    (3)    2 :  0.249 0.200 0.270 0.280 
566 OmyJC18ROGR    (1)    2 :  0.286 0.226 0.242 0.246 
567 OmyJC18ROGR    (0)    2 :  0.287 0.087 0.308 0.318 
568 OmyJC18ROGR    (5)    2 :  0.311 0.228 0.194 0.268 
569 OmyJC18ROGR    (2)    2 :  0.141 0.055 0.651 0.153 
570 OmyJC18ROGR    (0)    2 :  0.342 0.098 0.112 0.448 
571 OmyJC18ROGR    (2)    2 :  0.403 0.103 0.098 0.396 
572 OmyJC18ROGR    (6)    2 :  0.258 0.096 0.411 0.236 
573 OmyJC18ROGR    (5)    2 :  0.186 0.487 0.142 0.185 
574 OmyJC18ROGR    (8)    2 :  0.299 0.239 0.148 0.314 
575 OmyJC18ROGR    (3)    2 :  0.310 0.061 0.238 0.390 
576 OmyJC18ROGR    (0)    2 :  0.150 0.166 0.528 0.156 
577 OmyJC18ROGR    (0)    2 :  0.057 0.849 0.034 0.061 
578 OmyJC18ROGR    (1)    2 :  0.447 0.083 0.147 0.323 
579 OmyJC18ROGR    (0)    2 :  0.208 0.610 0.046 0.136 
580 OmyJC18ROGR    (0)    2 :  0.267 0.051 0.380 0.303 
581 OmyJC18ROGR    (6)    2 :  0.221 0.099 0.468 0.212 
582 OmyJC18ROGR    (7)    2 :  0.376 0.057 0.170 0.397 
583 OmyJC18ROGR    (3)    2 :  0.365 0.074 0.182 0.378 
584 OmyJC18ROGR    (5)    2 :  0.322 0.103 0.234 0.341 
585 OmyJC18ROGR    (1)    2 :  0.415 0.175 0.080 0.330 
586 OmyJC18ROGR    (2)    2 :  0.344 0.046 0.264 0.346 
587 OmyJC18ROGR    (0)    2 :  0.040 0.888 0.032 0.040 
588 OmyJC18ROGR    (0)    2 :  0.262 0.273 0.151 0.314 
589 OmyJC18ROGR    (1)    2 :  0.272 0.132 0.309 0.287 
590 OmyJC18ROGR    (2)    2 :  0.426 0.022 0.088 0.463 
591 OmyJC18ROGR    (0)    2 :  0.386 0.086 0.206 0.321 
592 OmyJC18ROGR    (4)    2 :  0.294 0.087 0.281 0.338 
593 OmyJC18ROGR    (0)    2 :  0.306 0.214 0.179 0.300 
594 OmyJC18ROGR    (1)    2 :  0.411 0.066 0.115 0.408 
595 OmyJC18ROGR    (0)    2 :  0.146 0.262 0.444 0.148 
596 OmyJC18ROGR    (0)    2 :  0.319 0.139 0.256 0.286 
597 OmyJC18ROGR    (0)    2 :  0.167 0.181 0.457 0.195 
598 OmyJC18ROGR    (0)    2 :  0.307 0.094 0.275 0.324 
599 OmyJC18ROGR    (0)    2 :  0.308 0.198 0.116 0.378 
600 OmyJC18ROGR    (0)    2 :  0.391 0.119 0.153 0.337 
601 OmyJC18ROGR    (0)    2 :  0.217 0.041 0.530 0.212 
602 OmyJC18ROGR    (0)    2 :  0.219 0.275 0.239 0.267 
603 OmyJC18ROGR    (0)    2 :  0.439 0.063 0.157 0.340 
604 OmyJC18ROGR    (0)    2 :  0.397 0.071 0.122 0.409 
605 OmyJC18ROGR    (0)    2 :  0.380 0.075 0.319 0.226 
606 OmyJC18ROGR    (0)    2 :  0.314 0.175 0.207 0.304 
607 OmyJC18ROGR    (0)    2 :  0.404 0.088 0.068 0.440 
608 OmyJC18ROGR    (0)    2 :  0.468 0.051 0.118 0.363 
609 OmyJC18ROGR    (0)    2 :  0.146 0.090 0.619 0.146 
610 OmyJC18ROGR    (6)    2 :  0.110 0.726 0.057 0.107 
611 OmyJC18ROGR    (0)    2 :  0.238 0.310 0.243 0.209 
612 OmyJC18ROGR    (3)    2 :  0.359 0.195 0.124 0.321 
613 OmyJC18ROGR    (0)    2 :  0.351 0.182 0.196 0.272 
614 OmyJC18ROGR    (0)    2 :  0.213 0.306 0.258 0.223 
615 OmyJC18ROGR    (0)    2 :  0.469 0.041 0.087 0.403 
616 OmyJC18ROGR    (0)    2 :  0.070 0.085 0.770 0.075 
617 OmyJC18ROGR    (0)    2 :  0.368 0.148 0.184 0.300 
618 OmyJC18ROGR    (0)    2 :  0.321 0.246 0.055 0.377 
619 OmyJC18ROGR    (0)    2 :  0.330 0.068 0.254 0.348 
620 OmyJC18ROGR    (0)    2 :  0.094 0.325 0.491 0.090 
621 OmyJC18ROGR    (2)    2 :  0.128 0.109 0.633 0.130 
622 OmyJC18ROGR    (3)    2 :  0.205 0.186 0.406 0.203 
623 OmyJC18ROGR    (1)    2 :  0.354 0.168 0.058 0.420 
624 OmyJC18ROGR    (2)    2 :  0.251 0.137 0.282 0.330 
625 OmyJC18ROGR    (1)    2 :  0.254 0.299 0.122 0.326 
626 OmyJC18ROGR    (9)    2 :  0.231 0.059 0.448 0.262 
627 OmyJC18ROGR    (0)    2 :  0.266 0.190 0.165 0.379 
628 OmyJC18ROGR    (0)    2 :  0.032 0.901 0.034 0.033 
629 OmyJC18ROGR    (2)    2 :  0.316 0.224 0.134 0.326 
630 OmyJC18ROGR    (1)    2 :  0.084 0.039 0.790 0.087 
631 OmyJC18ROGR    (4)    2 :  0.456 0.045 0.147 0.351 
632 OmyJC18ROGR    (0)    2 :  0.170 0.104 0.569 0.158 
633 OmyJC18ROGR    (7)    2 :  0.213 0.094 0.447 0.247 
634 OmyJC18ROGR    (2)    2 :  0.282 0.376 0.073 0.269 
635 OmyJC18ROGR    (0)    2 :  0.135 0.045 0.697 0.123 
636 OmyJC18ROGR    (0)    2 :  0.149 0.244 0.499 0.109 
637 OmyJC18ROGR    (0)    2 :  0.299 0.211 0.129 0.361 
638 OmyJC18ROGR    (0)    2 :  0.104 0.102 0.701 0.092 
639 OmyJC18ROGR    (1)    2 :  0.295 0.157 0.256 0.291 
640 OmyJC18ROGR    (2)    2 :  0.270 0.424 0.066 0.240 
641 OmyJC18ROGR    (1)    2 :  0.457 0.132 0.078 0.333 
642 OmyJC18ROGR    (3)    2 :  0.355 0.246 0.074 0.325 
643 OmyJC18ROGR    (1)    2 :  0.341 0.093 0.295 0.271 
644 OmyJC18ROGR   (10)    2 :  0.482 0.046 0.101 0.371 
645 OmyJC18ROGR    (6)    2 :  0.326 0.219 0.120 0.335 
646 OmyJC18ROGR    (0)    2 :  0.306 0.069 0.213 0.411 
647 OmyJC18ROGR    (2)    2 :  0.367 0.201 0.108 0.325 
648 OmyJC18ROGR    (0)    2 :  0.230 0.050 0.545 0.174 
649 OmyJC18ROGR    (0)    2 :  0.421 0.071 0.086 0.423 
650 OmyJC18ROGR    (1)    2 :  0.277 0.051 0.261 0.410 
651 OmyJC18ROGR    (6)    2 :  0.069 0.793 0.085 0.053 
652 OmyJC18ROGR    (1)    2 :  0.360 0.185 0.151 0.304 
653 OmyJC18ROGR    (4)    2 :  0.250 0.086 0.376 0.288 
654 OmyJC18ROGR    (1)    2 :  0.264 0.154 0.293 0.290 
655 OmyJC18ROGR    (4)    2 :  0.249 0.397 0.094 0.260 
656 OmyJC18ROGR    (0)    2 :  0.439 0.073 0.095 0.393 
657 OmyJC18ROGR    (0)    2 :  0.424 0.110 0.156 0.311 
658 OmyJC18ROGR    (0)    2 :  0.144 0.065 0.628 0.162 
659 OmyJC18ROGR    (7)    2 :  0.406 0.029 0.132 0.432 
660 OmyJC18ROGR    (4)    2 :  0.412 0.125 0.100 0.363 
661 OmyJC18ROGR    (3)    2 :  0.383 0.046 0.101 0.470 
662 OmyJC18ROGR    (2)    2 :  0.424 0.083 0.084 0.410 
663 OmyJC18ROGR    (2)    2 :  0.206 0.343 0.273 0.178 
664 OmyJC18ROGR    (0)    2 :  0.231 0.050 0.510 0.209 
665 OmyJC18ROGR    (1)    2 :  0.359 0.173 0.142 0.326 
666 OmyJC18ROGR    (0)    2 :  0.076 0.761 0.094 0.069 
667 OmyJC18ROGR    (0)    2 :  0.222 0.452 0.114 0.211 
668 OmyJC18ROGR    (1)    2 :  0.276 0.287 0.154 0.283 
669 OmyJC18ROGR    (5)    2 :  0.393 0.194 0.101 0.313 
670 OmyJC18ROGR   (10)    2 :  0.419 0.052 0.116 0.413 
671 OmyJC18ROGR    (3)    2 :  0.479 0.077 0.138 0.306 
672 OmyJC18ROGR    (0)    2 :  0.346 0.041 0.298 0.315 
673 OmyJC18ROGR    (6)    2 :  0.062 0.065 0.803 0.071 
674 OmyJC18ROGR    (0)    2 :  0.233 0.106 0.318 0.343 
675 OmyJC18ROGR    (0)    2 :  0.196 0.045 0.593 0.166 
676 OmyJC18ROGR    (1)    2 :  0.392 0.096 0.153 0.359 
677 OmyJC18ROGR    (4)    2 :  0.277 0.326 0.081 0.316 
