

----------------------------------------------------
STRUCTURE by Pritchard, Stephens and Donnelly (2000)
     and Falush, Stephens and Pritchard (2003)
       Code by Pritchard, Falush and Hubisz
             Version 2.3.4 (Jul 2012)
----------------------------------------------------



Command line arguments:   bin/structure -m "/Users/ddayan/FRA/half_pounder_2023/structure/halfpounder_p2/10k_20k_adm_corr_2/mainparams" -e "/Users/ddayan/FRA/half_pounder_2023/structure/halfpounder_p2/10k_20k_adm_corr_2/extraparams" 
Input File:    /Users/ddayan/FRA/half_pounder_2023/structure/halfpounder_p2/project_data

Run parameters:
   1000 individuals
   233 loci
   4 populations assumed
   10000 Burn-in period
   20000 Reps


--------------------------------------------
Proportion of membership of each pre-defined
 population in each of the 4 clusters

Given    Inferred Clusters              Number of
 Pop       1      2      3      4      Individuals

  1:     0.275  0.215  0.248  0.261      275
  2:     0.250  0.260  0.234  0.256      643
  3:     0.269  0.428  0.088  0.216       42
  4:     0.290  0.310  0.088  0.312       40
--------------------------------------------

Allele-freq. divergence among pops (Net nucleotide distance),
computed using point estimates of P.

      1       2       3       4      
 1      -    0.0038  0.0099  0.0007  
 2   0.0038     -    0.0123  0.0031  
 3   0.0099  0.0123     -    0.0090  
 4   0.0007  0.0031  0.0090     -    

Average distances (expected heterozygosity) between individuals in same cluster:
cluster  1  : 0.3117 
cluster  2  : 0.3068 
cluster  3  : 0.2832 
cluster  4  : 0.3154 

--------------------------------------------
Estimated Ln Prob of Data   = -217326.5
Mean value of ln likelihood = -215010.8
Variance of ln likelihood   = 4631.3
Mean value of alpha         = 0.3395

Mean value of Fst_1         = 0.0148
Mean value of Fst_2         = 0.0260
Mean value of Fst_3         = 0.0733
Mean value of Fst_4         = 0.0068


Inferred ancestry of individuals:
        Label (%Miss) Pop:  Inferred clusters
  1 OmyAC19ROGR    (0)    1 :  0.381 0.207 0.051 0.360 
  2 OmyAC19ROGR    (0)    1 :  0.410 0.073 0.146 0.371 
  3 OmyAC19ROGR    (0)    1 :  0.292 0.316 0.092 0.299 
  4 OmyAC19ROGR    (0)    1 :  0.718 0.086 0.043 0.154 
  5 OmyAC19ROGR    (1)    1 :  0.036 0.036 0.880 0.049 
  6 OmyAC19ROGR    (0)    1 :  0.169 0.354 0.374 0.103 
  7 OmyAC19ROGR    (0)    1 :  0.149 0.326 0.308 0.216 
  8 OmyAC19ROGR    (0)    1 :  0.119 0.629 0.036 0.216 
  9 OmyAC19ROGR    (0)    1 :  0.178 0.168 0.485 0.169 
 10 OmyAC19ROGR    (0)    1 :  0.196 0.081 0.406 0.316 
 11 OmyAC19ROGR    (0)    1 :  0.179 0.604 0.083 0.134 
 12 OmyAC19ROGR    (0)    1 :  0.240 0.146 0.260 0.354 
 13 OmyAC19ROGR    (0)    1 :  0.147 0.478 0.048 0.327 
 14 OmyAC19ROGR    (0)    1 :  0.122 0.287 0.227 0.364 
 15 OmyAC19ROGR    (0)    1 :  0.144 0.104 0.478 0.274 
 16 OmyAC19ROGR    (0)    1 :  0.277 0.360 0.116 0.247 
 17 OmyAC19ROGR    (0)    1 :  0.415 0.048 0.167 0.370 
 18 OmyAC19ROGR    (3)    1 :  0.323 0.222 0.031 0.423 
 19 OmyAC19ROGR    (0)    1 :  0.072 0.774 0.061 0.092 
 20 OmyAC19ROGR    (0)    1 :  0.255 0.052 0.368 0.325 
 21 OmyAC19ROGR    (0)    1 :  0.287 0.084 0.403 0.226 
 22 OmyAC19ROGR    (0)    1 :  0.149 0.590 0.098 0.164 
 23 OmyAC19ROGR    (0)    1 :  0.147 0.207 0.409 0.238 
 24 OmyAC19ROGR    (1)    1 :  0.473 0.219 0.057 0.251 
 25 OmyAC19ROGR    (0)    1 :  0.092 0.235 0.518 0.154 
 26 OmyAC19ROGR    (0)    1 :  0.152 0.404 0.143 0.301 
 27 OmyAC19ROGR    (2)    1 :  0.129 0.383 0.082 0.406 
 28 OmyAC19ROGR    (0)    1 :  0.577 0.124 0.090 0.209 
 29 OmyAC19ROGR    (0)    1 :  0.388 0.095 0.115 0.402 
 30 OmyAC19ROGR    (0)    1 :  0.126 0.161 0.532 0.182 
 31 OmyAC19ROGR    (0)    1 :  0.331 0.389 0.104 0.176 
 32 OmyAC19ROGR    (0)    1 :  0.390 0.109 0.198 0.303 
 33 OmyAC19ROGR    (0)    1 :  0.514 0.157 0.125 0.203 
 34 OmyAC19ROGR    (0)    1 :  0.174 0.150 0.505 0.171 
 35 OmyAC19ROGR    (0)    1 :  0.512 0.117 0.096 0.275 
 36 OmyAC19ROGR    (0)    1 :  0.110 0.594 0.078 0.218 
 37 OmyAC19ROGR    (0)    1 :  0.100 0.558 0.245 0.096 
 38 OmyAC19ROGR    (0)    1 :  0.084 0.167 0.622 0.126 
 39 OmyAC19ROGR    (0)    1 :  0.340 0.079 0.103 0.477 
 40 OmyAC19ROGR    (0)    1 :  0.231 0.102 0.437 0.230 
 41 OmyAC19ROGR    (0)    1 :  0.455 0.128 0.073 0.343 
 42 OmyAC19ROGR    (0)    1 :  0.096 0.077 0.748 0.079 
 43 OmyAC19ROGR    (0)    1 :  0.292 0.088 0.081 0.539 
 44 OmyAC19ROGR    (8)    1 :  0.490 0.216 0.076 0.218 
 45 OmyAC19ROGR    (2)    1 :  0.178 0.231 0.451 0.140 
 46 OmyAC19ROGR    (0)    1 :  0.425 0.284 0.124 0.167 
 47 OmyAC19ROGR    (0)    1 :  0.142 0.668 0.055 0.135 
 48 OmyAC19ROGR    (0)    1 :  0.273 0.207 0.054 0.466 
 49 OmyAC19ROGR    (0)    1 :  0.307 0.284 0.060 0.349 
 50 OmyAC19ROGR    (0)    1 :  0.310 0.049 0.043 0.599 
 51 OmyAC19ROGR    (2)    1 :  0.081 0.084 0.740 0.095 
 52 OmyAC19ROGR    (0)    1 :  0.060 0.058 0.799 0.083 
 53 OmyAC19ROGR    (1)    1 :  0.210 0.506 0.063 0.221 
 54 OmyAC19ROGR    (0)    1 :  0.400 0.158 0.124 0.319 
 55 OmyAC19ROGR    (4)    1 :  0.186 0.378 0.108 0.328 
 56 OmyAC19ROGR    (0)    1 :  0.163 0.444 0.252 0.142 
 57 OmyAC19ROGR    (0)    1 :  0.065 0.829 0.042 0.064 
 58 OmyAC19ROGR    (0)    1 :  0.050 0.306 0.583 0.061 
 59 OmyAC19ROGR    (0)    1 :  0.155 0.563 0.061 0.221 
 60 OmyAC19ROGR    (0)    1 :  0.115 0.622 0.158 0.106 
 61 OmyAC19ROGR    (0)    1 :  0.215 0.129 0.104 0.553 
 62 OmyAC19ROGR    (0)    1 :  0.164 0.345 0.101 0.389 
 63 OmyAC19ROGR    (0)    1 :  0.309 0.233 0.222 0.237 
 64 OmyAC19ROGR    (2)    1 :  0.538 0.101 0.104 0.258 
 65 OmyAC19ROGR    (0)    1 :  0.317 0.304 0.067 0.313 
 66 OmyAC19ROGR    (5)    1 :  0.133 0.226 0.311 0.329 
 67 OmyAC19ROGR    (0)    1 :  0.166 0.673 0.058 0.103 
 68 OmyAC19ROGR    (1)    1 :  0.242 0.251 0.233 0.273 
 69 OmyAC19ROGR    (3)    1 :  0.196 0.366 0.195 0.244 
 70 OmyAC19ROGR    (0)    1 :  0.417 0.095 0.056 0.432 
 71 OmyAC19ROGR    (0)    1 :  0.214 0.436 0.084 0.265 
 72 OmyAC19ROGR    (5)    1 :  0.290 0.265 0.068 0.376 
 73 OmyAC19ROGR    (0)    1 :  0.268 0.121 0.216 0.395 
 74 OmyAC19ROGR    (0)    1 :  0.434 0.102 0.093 0.371 
 75 OmyAC19ROGR    (0)    1 :  0.508 0.124 0.168 0.200 
 76 OmyAC19ROGR    (0)    1 :  0.407 0.183 0.088 0.322 
 77 OmyAC19ROGR    (1)    1 :  0.030 0.024 0.917 0.029 
 78 OmyAC19ROGR    (0)    1 :  0.373 0.072 0.057 0.498 
 79 OmyAC19ROGR    (3)    1 :  0.322 0.147 0.110 0.421 
 80 OmyAC19ROGR    (0)    1 :  0.065 0.082 0.777 0.077 
 81 OmyAC19ROGR    (3)    1 :  0.177 0.185 0.349 0.289 
 82 OmyAC19ROGR    (1)    1 :  0.135 0.731 0.027 0.108 
 83 OmyAC19ROGR    (0)    1 :  0.499 0.176 0.059 0.266 
 84 OmyAC19ROGR    (0)    1 :  0.205 0.457 0.112 0.226 
 85 OmyAC19ROGR    (7)    1 :  0.368 0.175 0.078 0.380 
 86 OmyAC19ROGR    (0)    1 :  0.315 0.125 0.124 0.436 
 87 OmyAC19ROGR    (0)    1 :  0.632 0.154 0.062 0.152 
 88 OmyJC19ROGR    (0)    2 :  0.060 0.037 0.831 0.072 
 89 OmyJC19ROGR    (0)    2 :  0.159 0.381 0.088 0.373 
 90 OmyJC19ROGR    (0)    2 :  0.051 0.030 0.875 0.044 
 91 OmyJC19ROGR    (0)    2 :  0.194 0.464 0.021 0.320 
 92 OmyJC19ROGR    (0)    2 :  0.375 0.121 0.088 0.416 
 93 OmyJC19ROGR    (0)    2 :  0.526 0.169 0.075 0.230 
 94 OmyJC19ROGR    (0)    2 :  0.418 0.082 0.168 0.333 
 95 OmyJC19ROGR    (0)    2 :  0.375 0.141 0.213 0.272 
 96 OmyJC19ROGR    (0)    2 :  0.219 0.187 0.262 0.332 
 97 OmyJC19ROGR    (0)    2 :  0.214 0.202 0.368 0.215 
 98 OmyJC19ROGR    (0)    2 :  0.362 0.354 0.073 0.211 
 99 OmyJC19ROGR    (0)    2 :  0.312 0.389 0.085 0.213 
100 OmyJC19ROGR    (0)    2 :  0.190 0.388 0.060 0.361 
101 OmyJC19ROGR    (1)    2 :  0.146 0.165 0.549 0.140 
102 OmyJC19ROGR    (0)    2 :  0.299 0.330 0.141 0.230 
103 OmyJC19ROGR    (0)    2 :  0.237 0.163 0.352 0.249 
104 OmyJC19ROGR    (0)    2 :  0.177 0.469 0.046 0.309 
105 OmyJC19ROGR    (0)    2 :  0.352 0.196 0.302 0.150 
106 OmyJC19ROGR    (0)    2 :  0.051 0.039 0.851 0.058 
107 OmyJC19ROGR    (0)    2 :  0.135 0.524 0.251 0.089 
108 OmyJC19ROGR    (0)    2 :  0.482 0.126 0.114 0.278 
109 OmyJC19ROGR    (0)    2 :  0.191 0.295 0.183 0.331 
110 OmyJC19ROGR    (0)    2 :  0.175 0.147 0.551 0.127 
111 OmyJC19ROGR    (0)    2 :  0.125 0.677 0.070 0.128 
112 OmyJC19ROGR    (2)    2 :  0.138 0.331 0.257 0.274 
113 OmyJC19ROGR    (0)    2 :  0.110 0.116 0.534 0.240 
114 OmyJC19ROGR    (5)    2 :  0.305 0.125 0.065 0.506 
115 OmyJC19ROGR    (0)    2 :  0.630 0.079 0.052 0.239 
116 OmyJC19ROGR    (0)    2 :  0.361 0.099 0.144 0.396 
117 OmyJC19ROGR    (0)    2 :  0.299 0.210 0.164 0.327 
118 OmyJC19ROGR    (0)    2 :  0.497 0.210 0.043 0.249 
119 OmyJC19ROGR    (2)    2 :  0.480 0.147 0.051 0.322 
120 OmyJC19ROGR    (0)    2 :  0.110 0.639 0.042 0.210 
121 OmyJC19ROGR    (0)    2 :  0.201 0.588 0.043 0.168 
122 OmyJC19ROGR    (0)    2 :  0.361 0.231 0.097 0.311 
123 OmyJC19ROGR    (1)    2 :  0.481 0.199 0.035 0.285 
124 OmyJC19ROGR    (0)    2 :  0.389 0.082 0.253 0.275 
125 OmyJC19ROGR    (0)    2 :  0.272 0.165 0.131 0.431 
126 OmyJC19ROGR    (0)    2 :  0.102 0.044 0.769 0.085 
127 OmyJC19ROGR    (0)    2 :  0.184 0.488 0.058 0.270 
128 OmyJC19ROGR    (1)    2 :  0.314 0.241 0.054 0.391 
129 OmyJC19ROGR    (0)    2 :  0.203 0.091 0.329 0.376 
130 OmyJC19ROGR    (2)    2 :  0.238 0.089 0.151 0.522 
131 OmyJC19ROGR    (0)    2 :  0.202 0.506 0.098 0.194 
132 OmyJC19ROGR    (0)    2 :  0.595 0.167 0.097 0.141 
133 OmyJC19ROGR    (0)    2 :  0.630 0.119 0.041 0.210 
134 OmyJC19ROGR    (0)    2 :  0.333 0.260 0.074 0.333 
135 OmyJC19ROGR    (0)    2 :  0.106 0.691 0.083 0.120 
136 OmyJC19ROGR    (4)    2 :  0.475 0.144 0.133 0.248 
137 OmyJC19ROGR    (0)    2 :  0.189 0.277 0.226 0.308 
138 OmyJC19ROGR    (0)    2 :  0.085 0.161 0.680 0.073 
139 OmyJC19ROGR    (3)    2 :  0.151 0.342 0.045 0.462 
140 OmyJC19ROGR    (1)    2 :  0.191 0.106 0.137 0.566 
141 OmyJC19ROGR    (0)    2 :  0.227 0.110 0.199 0.464 
142 OmyJC19ROGR    (0)    2 :  0.151 0.210 0.488 0.151 
143 OmyJC19ROGR    (0)    2 :  0.517 0.124 0.162 0.197 
144 OmyJC19ROGR    (0)    2 :  0.146 0.496 0.033 0.325 
145 OmyJC19ROGR    (0)    2 :  0.264 0.247 0.054 0.435 
146 OmyJC19ROGR    (1)    2 :  0.219 0.338 0.130 0.313 
147 OmyJC19ROGR    (0)    2 :  0.147 0.520 0.234 0.099 
148 OmyJC19ROGR    (0)    2 :  0.123 0.690 0.077 0.110 
149 OmyJC19ROGR    (0)    2 :  0.320 0.351 0.055 0.274 
150 OmyJC19ROGR    (1)    2 :  0.528 0.108 0.101 0.263 
151 OmyJC19ROGR    (0)    2 :  0.215 0.099 0.157 0.528 
152 OmyJC19ROGR    (0)    2 :  0.355 0.477 0.062 0.106 
153 OmyJC19ROGR    (0)    2 :  0.199 0.574 0.119 0.108 
154 OmyJC19ROGR    (0)    2 :  0.187 0.417 0.130 0.266 
155 OmyJC19ROGR    (0)    2 :  0.289 0.089 0.080 0.543 
156 OmyJC19ROGR    (0)    2 :  0.410 0.280 0.136 0.174 
157 OmyJC19ROGR    (0)    2 :  0.329 0.138 0.272 0.261 
158 OmyJC19ROGR    (0)    2 :  0.446 0.384 0.027 0.143 
159 OmyJC19ROGR    (0)    2 :  0.602 0.150 0.057 0.192 
160 OmyJC19ROGR    (0)    2 :  0.251 0.238 0.134 0.377 
161 OmyJC19ROGR    (1)    2 :  0.142 0.703 0.043 0.112 
162 OmyJC19ROGR    (0)    2 :  0.297 0.301 0.267 0.134 
163 OmyJC19ROGR    (0)    2 :  0.168 0.558 0.136 0.139 
164 OmyJC19ROGR    (0)    2 :  0.198 0.435 0.033 0.333 
165 OmyJC19ROGR    (0)    2 :  0.454 0.273 0.045 0.227 
166 OmyJC19ROGR    (0)    2 :  0.481 0.105 0.099 0.315 
167 OmyJC19ROGR    (0)    2 :  0.280 0.330 0.177 0.213 
168 OmyJC19ROGR    (0)    2 :  0.264 0.187 0.125 0.424 
169 OmyJC19ROGR    (0)    2 :  0.045 0.030 0.882 0.044 
170 OmyJC19ROGR    (0)    2 :  0.326 0.184 0.131 0.360 
171 OmyJC19ROGR    (0)    2 :  0.442 0.220 0.070 0.268 
172 OmyJC19ROGR    (0)    2 :  0.146 0.379 0.326 0.150 
173 OmyJC19ROGR    (0)    2 :  0.063 0.047 0.829 0.061 
174 OmyJC19ROGR    (0)    2 :  0.315 0.134 0.053 0.498 
175 OmyJC19ROGR    (0)    2 :  0.547 0.096 0.057 0.301 
176 OmyJC19ROGR    (0)    2 :  0.130 0.400 0.252 0.217 
177 OmyJC19ROGR    (0)    2 :  0.172 0.732 0.027 0.069 
178 OmyJC19ROGR    (0)    2 :  0.221 0.180 0.070 0.529 
179 OmyJC19ROGR    (0)    2 :  0.364 0.130 0.072 0.434 
180 OmyJC19ROGR    (0)    2 :  0.057 0.052 0.843 0.049 
181 OmyJC19ROGR    (0)    2 :  0.418 0.113 0.116 0.353 
182 OmyJC19ROGR    (0)    2 :  0.134 0.438 0.105 0.322 
183 OmyJC19ROGR    (0)    2 :  0.301 0.348 0.077 0.274 
184 OmyJC19ROGR    (0)    2 :  0.090 0.108 0.728 0.073 
185 OmyJC19ROGR    (0)    2 :  0.170 0.118 0.028 0.684 
186 OmyJC19ROGR    (0)    2 :  0.202 0.205 0.372 0.221 
187 OmyJC19ROGR    (0)    2 :  0.655 0.068 0.069 0.208 
188 OmyJC19ROGR    (0)    2 :  0.389 0.214 0.066 0.331 
189 OmyJC19ROGR    (0)    2 :  0.303 0.190 0.329 0.178 
190 OmyJC19ROGR    (0)    2 :  0.213 0.445 0.124 0.218 
191 OmyJC19ROGR    (0)    2 :  0.571 0.155 0.103 0.171 
192 OmyJC19ROGR    (0)    2 :  0.296 0.141 0.051 0.512 
193 OmyJC19ROGR    (0)    2 :  0.126 0.488 0.262 0.124 
194 OmyJC19ROGR    (0)    2 :  0.172 0.569 0.033 0.227 
195 OmyJC19ROGR    (0)    2 :  0.090 0.042 0.785 0.084 
196 OmyJC19ROGR    (0)    2 :  0.584 0.049 0.057 0.311 
197 OmyJC19ROGR    (0)    2 :  0.331 0.242 0.075 0.352 
198 OmyJC19ROGR    (0)    2 :  0.056 0.077 0.808 0.059 
199 OmyJC19ROGR    (0)    2 :  0.190 0.316 0.038 0.456 
200 OmyJC19ROGR    (0)    2 :  0.316 0.218 0.257 0.209 
201 OmyJC19ROGR    (0)    2 :  0.213 0.416 0.039 0.332 
202 OmyJC19ROGR    (0)    2 :  0.342 0.456 0.036 0.166 
203 OmyJC19ROGR    (0)    2 :  0.624 0.127 0.055 0.195 
204 OmyJC19ROGR    (0)    2 :  0.348 0.227 0.143 0.282 
205 OmyJC19ROGR    (0)    2 :  0.247 0.345 0.190 0.218 
206 OmyJC19ROGR    (0)    2 :  0.032 0.040 0.882 0.046 
207 OmyJC19ROGR    (0)    2 :  0.097 0.314 0.452 0.138 
208 OmyJC19ROGR    (0)    2 :  0.218 0.317 0.074 0.391 
209 OmyJC19ROGR    (0)    2 :  0.135 0.227 0.385 0.253 
210 OmyJC19ROGR    (0)    2 :  0.061 0.026 0.863 0.050 
211 OmyJC19ROGR    (0)    2 :  0.167 0.382 0.161 0.290 
212 OmyJC19ROGR    (1)    2 :  0.081 0.607 0.241 0.071 
213 OmyJC19ROGR    (1)    2 :  0.325 0.101 0.142 0.432 
214 OmyJC19ROGR    (0)    2 :  0.188 0.485 0.189 0.138 
215 OmyJC19ROGR    (0)    2 :  0.500 0.126 0.040 0.333 
216 OmyJC19ROGR    (0)    2 :  0.098 0.209 0.540 0.152 
217 OmyJC19ROGR    (0)    2 :  0.138 0.099 0.608 0.155 
218 OmyJC19ROGR    (0)    2 :  0.559 0.121 0.089 0.230 
219 OmyJC19ROGR    (0)    2 :  0.144 0.332 0.286 0.238 
220 OmyJC19ROGR    (0)    2 :  0.159 0.648 0.023 0.170 
221 OmyJC19ROGR    (0)    2 :  0.163 0.511 0.212 0.113 
222 OmyJC19ROGR    (0)    2 :  0.248 0.253 0.062 0.437 
223 OmyJC19ROGR    (0)    2 :  0.234 0.372 0.165 0.229 
224 OmyJC19ROGR    (1)    2 :  0.270 0.170 0.110 0.450 
225 OmyJC19ROGR    (0)    2 :  0.044 0.140 0.774 0.042 
226 OmyJC19ROGR    (0)    2 :  0.274 0.051 0.429 0.246 
227 OmyJC19ROGR    (0)    2 :  0.066 0.037 0.852 0.045 
228 OmyJC19ROGR    (0)    2 :  0.225 0.299 0.071 0.405 
229 OmyJC19ROGR    (0)    2 :  0.541 0.219 0.059 0.181 
230 OmyJC19ROGR    (0)    2 :  0.257 0.276 0.248 0.219 
231 OmyJC19ROGR    (0)    2 :  0.193 0.395 0.176 0.237 
232 OmyJC19ROGR    (2)    2 :  0.231 0.381 0.154 0.234 
233 OmyJC19ROGR    (0)    2 :  0.206 0.349 0.264 0.181 
234 OmyJC19ROGR    (0)    2 :  0.035 0.029 0.901 0.035 
235 OmyJC19ROGR    (0)    2 :  0.084 0.089 0.713 0.114 
236 OmyJC19ROGR    (0)    2 :  0.087 0.751 0.050 0.113 
237 OmyJC19ROGR    (0)    2 :  0.088 0.555 0.144 0.212 
238 OmyJC19ROGR    (0)    2 :  0.082 0.731 0.100 0.088 
239 OmyJC19ROGR    (0)    2 :  0.130 0.355 0.083 0.432 
240 OmyJC19ROGR    (0)    2 :  0.375 0.164 0.106 0.356 
241 OmyJC19ROGR    (0)    2 :  0.317 0.113 0.285 0.284 
242 OmyJC19ROGR    (0)    2 :  0.140 0.604 0.032 0.224 
243 OmyJC19ROGR    (0)    2 :  0.396 0.216 0.078 0.310 
244 OmyJC19ROGR    (0)    2 :  0.530 0.164 0.079 0.228 
245 OmyJC19ROGR    (0)    2 :  0.049 0.036 0.865 0.049 
246 OmyJC19ROGR    (0)    2 :  0.318 0.300 0.204 0.178 
247 OmyJC19ROGR    (0)    2 :  0.148 0.070 0.690 0.092 
248 OmyJC19ROGR    (0)    2 :  0.240 0.068 0.409 0.283 
249 OmyJC19ROGR    (0)    2 :  0.574 0.076 0.117 0.233 
250 OmyJC19ROGR    (0)    2 :  0.442 0.119 0.135 0.303 
251 OmyJC19ROGR    (0)    2 :  0.527 0.082 0.105 0.285 
252 OmyJC19ROGR    (0)    2 :  0.181 0.402 0.120 0.297 
253 OmyJC19ROGR    (0)    2 :  0.292 0.083 0.150 0.475 
254 OmyJC19ROGR    (0)    2 :  0.412 0.105 0.172 0.311 
255 OmyJC19ROGR    (0)    2 :  0.340 0.316 0.098 0.246 
256 OmyJC19ROGR    (0)    2 :  0.385 0.212 0.208 0.196 
257 OmyJC19ROGR    (0)    2 :  0.629 0.082 0.115 0.175 
258 OmyAC19ROGR    (0)    1 :  0.152 0.178 0.132 0.537 
259 OmyAC19ROGR    (0)    1 :  0.123 0.163 0.440 0.274 
260 OmyAC19ROGR    (0)    1 :  0.226 0.075 0.088 0.611 
261 OmyAC19ROGR    (0)    1 :  0.448 0.069 0.146 0.337 
262 OmyAC19ROGR    (0)    1 :  0.192 0.078 0.173 0.558 
263 OmyAC19ROGR    (0)    1 :  0.394 0.299 0.118 0.189 
264 OmyAC19ROGR    (0)    1 :  0.482 0.115 0.099 0.305 
265 OmyAC19ROGR    (0)    1 :  0.626 0.086 0.074 0.213 
266 OmyAC19ROGR    (0)    1 :  0.554 0.096 0.049 0.301 
267 OmyAC19ROGR    (0)    1 :  0.424 0.063 0.324 0.189 
268 OmyAC19ROGR    (0)    1 :  0.305 0.296 0.189 0.210 
269 OmyAC19ROGR    (1)    1 :  0.361 0.095 0.244 0.300 
270 OmyAC19ROGR    (0)    1 :  0.620 0.072 0.070 0.238 
271 OmyAC19ROGR    (0)    1 :  0.257 0.122 0.444 0.177 
272 OmyAC19ROGR    (0)    1 :  0.249 0.234 0.241 0.276 
273 OmyAC19ROGR    (0)    1 :  0.282 0.179 0.046 0.494 
274 OmyAC19ROGR    (0)    1 :  0.141 0.078 0.648 0.133 
275 OmyAC19ROGR    (0)    1 :  0.075 0.663 0.105 0.156 
276 OmyAC19ROGR    (0)    1 :  0.358 0.232 0.110 0.300 
277 OmyAC19ROGR    (0)    1 :  0.227 0.139 0.222 0.412 
278 OmyAC19ROGR    (0)    1 :  0.149 0.448 0.302 0.102 
279 OmyAC19ROGR    (0)    1 :  0.087 0.350 0.232 0.331 
280 OmyAC19ROGR    (0)    1 :  0.319 0.129 0.244 0.308 
281 OmyAC19ROGR    (0)    1 :  0.507 0.137 0.089 0.267 
282 OmyAC19ROGR    (0)    1 :  0.214 0.180 0.263 0.343 
283 OmyAC19ROGR    (0)    1 :  0.388 0.232 0.152 0.228 
284 OmyAC19ROGR    (0)    1 :  0.650 0.122 0.060 0.169 
285 OmyAC19ROGR    (0)    1 :  0.423 0.199 0.083 0.295 
286 OmyAC19ROGR    (0)    1 :  0.339 0.189 0.055 0.416 
287 OmyAC19ROGR    (0)    1 :  0.027 0.019 0.921 0.032 
288 OmyAC19ROGR    (0)    1 :  0.047 0.307 0.593 0.052 
289 OmyAC19ROGR    (0)    1 :  0.410 0.166 0.170 0.254 
290 OmyAC19ROGR    (1)    1 :  0.029 0.034 0.904 0.033 
291 OmyAC19ROGR    (0)    1 :  0.264 0.107 0.438 0.190 
292 OmyAC19ROGR    (0)    1 :  0.302 0.142 0.175 0.381 
293 OmyAC19ROGR    (0)    1 :  0.217 0.493 0.095 0.195 
294 OmyAC19ROGR    (0)    1 :  0.429 0.058 0.319 0.193 
295 OmyAC19ROGR    (0)    1 :  0.255 0.042 0.052 0.652 
296 OmyAC19ROGR    (0)    1 :  0.093 0.610 0.066 0.231 
297 OmyAC19ROGR    (0)    1 :  0.219 0.048 0.608 0.125 
298 OmyAC19ROGR    (0)    1 :  0.312 0.253 0.077 0.358 
299 OmyAC19ROGR    (0)    1 :  0.345 0.172 0.254 0.229 
300 OmyAC19ROGR    (0)    1 :  0.427 0.205 0.121 0.248 
301 OmyAC19ROGR    (0)    1 :  0.056 0.038 0.845 0.061 
302 OmyAC19ROGR    (0)    1 :  0.147 0.137 0.592 0.123 
303 OmyAC19ROGR    (0)    1 :  0.371 0.151 0.143 0.335 
304 OmyAC19ROGR    (0)    1 :  0.102 0.439 0.343 0.115 
305 OmyAC19ROGR    (0)    1 :  0.577 0.151 0.074 0.198 
306 OmyAC19ROGR    (0)    1 :  0.178 0.072 0.540 0.210 
307 OmyAC19ROGR    (1)    1 :  0.437 0.281 0.069 0.213 
308 OmyAC19ROGR    (0)    1 :  0.324 0.155 0.198 0.322 
309 OmyAC19ROGR    (0)    1 :  0.092 0.045 0.768 0.095 
310 OmyAC19ROGR    (0)    1 :  0.285 0.099 0.340 0.276 
311 OmyAC19ROGR    (0)    1 :  0.073 0.086 0.639 0.202 
312 OmyAC19ROGR    (0)    1 :  0.556 0.128 0.093 0.223 
313 OmyAC19ROGR    (0)    1 :  0.301 0.316 0.106 0.277 
314 OmyAC19ROGR    (0)    1 :  0.265 0.315 0.188 0.232 
315 OmyAC19ROGR    (0)    1 :  0.432 0.085 0.197 0.286 
316 OmyAC19ROGR    (0)    1 :  0.667 0.046 0.056 0.232 
317 OmyAC19ROGR    (0)    1 :  0.118 0.654 0.064 0.164 
318 OmyAC19ROGR    (0)    1 :  0.286 0.379 0.040 0.294 
319 OmyAC19ROGR    (0)    1 :  0.393 0.238 0.041 0.328 
320 OmyAC19ROGR    (0)    1 :  0.472 0.312 0.033 0.184 
321 OmyAC19ROGR    (0)    1 :  0.331 0.183 0.048 0.438 
322 OmyAC19ROGR    (0)    1 :  0.095 0.074 0.367 0.464 
323 OmyAC19ROGR    (0)    1 :  0.206 0.158 0.105 0.531 
324 OmyAC19ROGR    (0)    1 :  0.601 0.075 0.050 0.274 
325 OmyAC19ROGR    (0)    1 :  0.305 0.107 0.295 0.294 
326 OmyAC19ROGR    (0)    1 :  0.580 0.109 0.066 0.245 
327 OmyAC19ROGR    (0)    1 :  0.603 0.086 0.055 0.256 
328 OmyAC20ROGR    (0)    1 :  0.302 0.392 0.066 0.240 
329 OmyAC20ROGR    (0)    1 :  0.300 0.287 0.203 0.210 
330 OmyAC20ROGR    (0)    1 :  0.254 0.281 0.223 0.242 
331 OmyAC20ROGR    (0)    1 :  0.174 0.106 0.623 0.096 
332 OmyAC20ROGR    (0)    1 :  0.363 0.151 0.258 0.228 
333 OmyAC20ROGR    (0)    1 :  0.494 0.080 0.277 0.148 
334 OmyAC20ROGR    (0)    1 :  0.543 0.089 0.105 0.263 
335 OmyAC20ROGR    (0)    1 :  0.366 0.125 0.058 0.450 
336 OmyAC20ROGR    (0)    1 :  0.331 0.158 0.216 0.295 
337 OmyAC20ROGR    (0)    1 :  0.130 0.136 0.533 0.200 
338 OmyAC20ROGR    (0)    1 :  0.428 0.093 0.148 0.331 
339 OmyAC20ROGR    (0)    1 :  0.251 0.230 0.129 0.390 
340 OmyAC20ROGR    (0)    1 :  0.479 0.205 0.105 0.211 
341 OmyAC20ROGR    (0)    1 :  0.137 0.559 0.093 0.212 
342 OmyAC20ROGR    (0)    1 :  0.239 0.250 0.237 0.273 
343 OmyAC20ROGR    (0)    1 :  0.200 0.594 0.068 0.139 
344 OmyAC20ROGR    (0)    1 :  0.246 0.216 0.338 0.201 
345 OmyAC20ROGR    (1)    1 :  0.338 0.055 0.189 0.418 
346 OmyAC20ROGR    (0)    1 :  0.398 0.079 0.307 0.216 
347 OmyAC20ROGR    (0)    1 :  0.185 0.250 0.365 0.200 
348 OmyAC20ROGR    (0)    1 :  0.245 0.415 0.187 0.153 
349 OmyAC20ROGR    (0)    1 :  0.336 0.395 0.056 0.213 
350 OmyAC20ROGR    (0)    1 :  0.091 0.714 0.099 0.097 
351 OmyAC20ROGR    (0)    1 :  0.443 0.114 0.099 0.344 
352 OmyAC20ROGR    (0)    1 :  0.271 0.158 0.073 0.498 
353 OmyAC20ROGR    (0)    1 :  0.480 0.108 0.137 0.275 
354 OmyAC20ROGR    (0)    1 :  0.116 0.321 0.384 0.179 
355 OmyAC20ROGR    (0)    1 :  0.116 0.633 0.166 0.085 
356 OmyAC20ROGR    (0)    1 :  0.327 0.118 0.315 0.239 
357 OmyAC20ROGR    (0)    1 :  0.382 0.228 0.097 0.293 
358 OmyAC20ROGR    (0)    1 :  0.279 0.237 0.070 0.413 
359 OmyAC20ROGR    (0)    1 :  0.085 0.230 0.458 0.227 
360 OmyAC20ROGR    (0)    1 :  0.295 0.128 0.226 0.351 
361 OmyAC20ROGR    (0)    1 :  0.187 0.484 0.051 0.278 
362 OmyAC20ROGR    (0)    1 :  0.278 0.151 0.166 0.405 
363 OmyAC20ROGR    (0)    1 :  0.137 0.349 0.416 0.098 
364 OmyAC20ROGR    (1)    1 :  0.364 0.239 0.088 0.309 
365 OmyAC20ROGR    (0)    1 :  0.399 0.174 0.059 0.368 
366 OmyAC20ROGR    (0)    1 :  0.562 0.075 0.039 0.325 
367 OmyAC20ROGR    (0)    1 :  0.230 0.090 0.108 0.572 
368 OmyAC20ROGR    (0)    1 :  0.212 0.226 0.071 0.492 
369 OmyAC20ROGR    (0)    1 :  0.126 0.323 0.360 0.192 
370 OmyAC20ROGR    (0)    1 :  0.069 0.060 0.707 0.164 
371 OmyAC20ROGR    (0)    1 :  0.069 0.064 0.803 0.065 
372 OmyAC20ROGR    (2)    1 :  0.049 0.041 0.853 0.057 
373 OmyAC20ROGR    (0)    1 :  0.083 0.164 0.650 0.102 
374 OmyAC20ROGR    (0)    1 :  0.290 0.152 0.043 0.515 
375 OmyAC20ROGR    (0)    1 :  0.406 0.173 0.173 0.247 
376 OmyAC20ROGR    (0)    1 :  0.231 0.242 0.259 0.267 
377 OmyAC20ROGR    (0)    1 :  0.428 0.206 0.053 0.312 
378 OmyAC20ROGR    (0)    1 :  0.338 0.308 0.043 0.311 
379 OmyAC20ROGR    (0)    1 :  0.188 0.152 0.509 0.151 
380 OmyAC20ROGR    (0)    1 :  0.637 0.050 0.049 0.263 
381 OmyAC20ROGR    (0)    1 :  0.292 0.161 0.184 0.363 
382 OmyAC20ROGR    (0)    1 :  0.070 0.061 0.814 0.056 
383 OmyAC20ROGR    (0)    1 :  0.496 0.051 0.150 0.303 
384 OmyAC20ROGR    (0)    1 :  0.197 0.140 0.464 0.199 
385 OmyAC20ROGR    (0)    1 :  0.186 0.204 0.266 0.343 
386 OmyAC20ROGR    (0)    1 :  0.315 0.102 0.334 0.249 
387 OmyAC20ROGR    (0)    1 :  0.234 0.081 0.516 0.169 
388 OmyAC20ROGR    (0)    1 :  0.201 0.133 0.516 0.151 
389 OmyAC20ROGR    (0)    1 :  0.661 0.081 0.073 0.185 
390 OmyAC20ROGR    (0)    1 :  0.104 0.732 0.026 0.138 
391 OmyAC20ROGR    (0)    1 :  0.095 0.246 0.585 0.074 
392 OmyAC20ROGR    (0)    1 :  0.174 0.182 0.453 0.190 
393 OmyAC20ROGR    (0)    1 :  0.281 0.363 0.134 0.222 
394 OmyAC20ROGR    (0)    1 :  0.148 0.224 0.197 0.431 
395 OmyAC20ROGR    (0)    1 :  0.214 0.323 0.130 0.332 
396 OmyAC20ROGR    (0)    1 :  0.284 0.276 0.132 0.309 
397 OmyAC20ROGR    (0)    1 :  0.279 0.075 0.267 0.380 
398 OmyAC20ROGR    (0)    1 :  0.149 0.062 0.641 0.148 
399 OmyAC20ROGR    (0)    1 :  0.191 0.056 0.230 0.524 
400 OmyAC20ROGR    (0)    1 :  0.489 0.065 0.158 0.288 
401 OmyAC20ROGR    (0)    1 :  0.057 0.103 0.731 0.109 
402 OmyAC20ROGR    (0)    1 :  0.236 0.541 0.032 0.190 
403 OmyAC20ROGR    (0)    1 :  0.211 0.256 0.171 0.363 
404 OmyAC20ROGR    (0)    1 :  0.632 0.152 0.034 0.181 
405 OmyAC20ROGR    (0)    1 :  0.096 0.237 0.465 0.203 
406 OmyAC20ROGR    (0)    1 :  0.252 0.286 0.083 0.379 
407 OmyAC20ROGR    (0)    1 :  0.366 0.052 0.067 0.514 
408 OmyAC20ROGR    (0)    1 :  0.086 0.678 0.159 0.077 
409 OmyAC20ROGR    (0)    1 :  0.577 0.113 0.064 0.246 
410 OmyAC20ROGR    (0)    1 :  0.068 0.036 0.831 0.065 
411 OmyAC20ROGR    (0)    1 :  0.131 0.086 0.671 0.112 
412 OmyAC20ROGR    (0)    1 :  0.329 0.191 0.330 0.151 
413 OmyAC20ROGR    (0)    1 :  0.457 0.074 0.160 0.309 
414 OmyAC20ROGR    (0)    1 :  0.170 0.144 0.426 0.259 
415 OmyAC20ROGR    (0)    1 :  0.260 0.145 0.068 0.527 
416 OmyAC20ROGR    (0)    1 :  0.631 0.106 0.080 0.183 
417 OmyAC20ROGR    (0)    1 :  0.541 0.130 0.040 0.289 
418 OmyAC20ROGR    (0)    1 :  0.329 0.146 0.260 0.265 
419 OmyAC20ROGR    (0)    1 :  0.117 0.184 0.531 0.167 
420 OmyAC20ROGR    (0)    1 :  0.070 0.671 0.069 0.190 
421 OmyAC20ROGR    (0)    1 :  0.447 0.076 0.149 0.328 
422 OmyAC20ROGR    (0)    1 :  0.043 0.037 0.864 0.057 
423 OmyAC20ROGR    (0)    1 :  0.421 0.060 0.071 0.448 
424 OmyAC20ROGR    (0)    1 :  0.106 0.525 0.050 0.318 
425 OmyAC20ROGR    (0)    1 :  0.053 0.047 0.849 0.051 
426 OmyAC20ROGR    (0)    1 :  0.653 0.072 0.087 0.188 
427 OmyAC20ROGR    (0)    1 :  0.411 0.106 0.103 0.380 
428 OmyAC20ROGR    (0)    1 :  0.065 0.046 0.818 0.072 
429 OmyAC20ROGR    (0)    1 :  0.225 0.557 0.049 0.170 
430 OmyAC20ROGR    (0)    1 :  0.207 0.184 0.128 0.480 
431 OmyAC20ROGR    (0)    1 :  0.176 0.082 0.572 0.171 
432 OmyAC20ROGR    (0)    1 :  0.043 0.041 0.869 0.047 
433 OmyAC20ROGR    (0)    1 :  0.045 0.161 0.725 0.069 
434 OmyAC20ROGR    (0)    1 :  0.229 0.102 0.416 0.253 
435 OmyAC20ROGR    (0)    1 :  0.507 0.090 0.071 0.332 
436 OmyAC20ROGR    (0)    1 :  0.466 0.055 0.107 0.372 
437 OmyAC20ROGR    (0)    1 :  0.090 0.153 0.676 0.081 
438 OmyAC20ROGR    (0)    1 :  0.145 0.130 0.436 0.289 
439 OmyAC20ROGR    (0)    1 :  0.218 0.050 0.116 0.616 
440 OmyAC20ROGR    (0)    1 :  0.162 0.074 0.644 0.120 
441 OmyAC20ROGR    (0)    1 :  0.127 0.420 0.058 0.396 
442 OmyAC20ROGR    (0)    1 :  0.216 0.198 0.138 0.448 
443 OmyAC20ROGR    (0)    1 :  0.163 0.100 0.081 0.657 
444 OmyAC20ROGR    (0)    1 :  0.426 0.071 0.336 0.166 
445 OmyAC20ROGR    (0)    1 :  0.139 0.253 0.216 0.392 
446 OmyJC18ROGR    (0)    2 :  0.215 0.267 0.353 0.165 
447 OmyJC18ROGR    (0)    2 :  0.362 0.237 0.164 0.238 
448 OmyJC18ROGR    (0)    2 :  0.226 0.134 0.160 0.480 
449 OmyJC18ROGR    (0)    2 :  0.058 0.267 0.598 0.077 
450 OmyJC18ROGR    (0)    2 :  0.115 0.099 0.653 0.133 
451 OmyJC18ROGR    (0)    2 :  0.068 0.039 0.814 0.079 
452 OmyJC18ROGR    (0)    2 :  0.214 0.126 0.386 0.273 
453 OmyJC18ROGR    (0)    2 :  0.067 0.810 0.042 0.081 
454 OmyJC18ROGR    (0)    2 :  0.064 0.060 0.805 0.071 
455 OmyJC18ROGR    (0)    2 :  0.505 0.146 0.137 0.212 
456 OmyJC18ROGR    (0)    2 :  0.055 0.046 0.823 0.077 
457 OmyJC18ROGR    (0)    2 :  0.589 0.059 0.139 0.213 
458 OmyJC18ROGR    (0)    2 :  0.139 0.561 0.185 0.115 
459 OmyJC18ROGR    (1)    2 :  0.619 0.095 0.034 0.253 
460 OmyJC18ROGR    (2)    2 :  0.189 0.191 0.208 0.412 
461 OmyJC18ROGR    (2)    2 :  0.218 0.091 0.437 0.254 
462 OmyJC18ROGR    (3)    2 :  0.123 0.295 0.287 0.296 
463 OmyJC18ROGR    (0)    2 :  0.064 0.105 0.730 0.100 
464 OmyJC18ROGR    (4)    2 :  0.561 0.119 0.036 0.284 
465 OmyJC18ROGR    (3)    2 :  0.288 0.240 0.139 0.333 
466 OmyJC18ROGR    (0)    2 :  0.270 0.145 0.168 0.417 
467 OmyJC18ROGR    (0)    2 :  0.452 0.139 0.099 0.309 
468 OmyJC18ROGR    (0)    2 :  0.162 0.493 0.152 0.193 
469 OmyJC18ROGR    (0)    2 :  0.066 0.030 0.832 0.072 
470 OmyJC18ROGR    (5)    2 :  0.162 0.147 0.520 0.171 
471 OmyJC18ROGR    (1)    2 :  0.209 0.146 0.200 0.445 
472 OmyJC18ROGR    (2)    2 :  0.287 0.093 0.114 0.506 
473 OmyJC18ROGR    (3)    2 :  0.355 0.252 0.057 0.336 
474 OmyJC18ROGR    (0)    2 :  0.086 0.784 0.054 0.076 
475 OmyJC18ROGR    (2)    2 :  0.149 0.167 0.490 0.193 
476 OmyJC18ROGR    (1)    2 :  0.237 0.084 0.055 0.624 
477 OmyJC18ROGR    (4)    2 :  0.102 0.444 0.234 0.221 
478 OmyJC18ROGR    (0)    2 :  0.470 0.151 0.099 0.280 
479 OmyJC18ROGR    (0)    2 :  0.347 0.108 0.047 0.498 
480 OmyJC18ROGR    (1)    2 :  0.424 0.179 0.164 0.233 
481 OmyJC18ROGR    (3)    2 :  0.206 0.276 0.114 0.405 
482 OmyJC18ROGR    (3)    2 :  0.165 0.544 0.044 0.247 
483 OmyJC18ROGR    (4)    2 :  0.184 0.349 0.056 0.410 
484 OmyJC18ROGR    (4)    2 :  0.275 0.187 0.071 0.466 
485 OmyJC18ROGR    (3)    2 :  0.170 0.180 0.484 0.166 
486 OmyJC18ROGR    (3)    2 :  0.151 0.178 0.462 0.208 
487 OmyJC18ROGR    (1)    2 :  0.269 0.417 0.158 0.156 
488 OmyJC18ROGR    (5)    2 :  0.392 0.165 0.088 0.356 
489 OmyJC18ROGR    (0)    2 :  0.220 0.157 0.059 0.564 
490 OmyJC18ROGR    (3)    2 :  0.173 0.134 0.121 0.572 
491 OmyJC18ROGR    (7)    2 :  0.070 0.733 0.101 0.095 
492 OmyJC18ROGR    (6)    2 :  0.103 0.771 0.039 0.086 
493 OmyJC18ROGR    (3)    2 :  0.385 0.087 0.172 0.355 
494 OmyJC18ROGR    (3)    2 :  0.070 0.054 0.798 0.077 
495 OmyJC18ROGR    (5)    2 :  0.320 0.152 0.367 0.161 
496 OmyJC18ROGR    (0)    2 :  0.317 0.205 0.158 0.320 
497 OmyJC18ROGR    (5)    2 :  0.118 0.669 0.037 0.176 
498 OmyJC18ROGR    (6)    2 :  0.180 0.106 0.147 0.566 
499 OmyJC18ROGR    (0)    2 :  0.349 0.103 0.062 0.486 
500 OmyJC18ROGR    (1)    2 :  0.179 0.547 0.080 0.194 
501 OmyJC18ROGR    (4)    2 :  0.139 0.114 0.476 0.271 
502 OmyJC18ROGR    (2)    2 :  0.148 0.309 0.267 0.276 
503 OmyJC18ROGR    (5)    2 :  0.225 0.335 0.077 0.363 
504 OmyJC18ROGR    (2)    2 :  0.104 0.170 0.264 0.462 
505 OmyJC18ROGR    (0)    2 :  0.232 0.200 0.343 0.225 
506 OmyJC18ROGR    (8)    2 :  0.186 0.431 0.097 0.286 
507 OmyJC18ROGR    (0)    2 :  0.182 0.349 0.180 0.288 
508 OmyJC18ROGR    (0)    2 :  0.165 0.428 0.220 0.188 
509 OmyJC18ROGR    (1)    2 :  0.033 0.037 0.896 0.035 
510 OmyJC18ROGR    (1)    2 :  0.280 0.153 0.138 0.430 
511 OmyJC18ROGR    (5)    2 :  0.268 0.256 0.210 0.266 
512 OmyJC18ROGR    (2)    2 :  0.068 0.099 0.764 0.068 
513 OmyJC18ROGR    (9)    2 :  0.238 0.250 0.354 0.158 
514 OmyJC18ROGR    (4)    2 :  0.172 0.248 0.446 0.134 
515 OmyJC18ROGR    (1)    2 :  0.227 0.493 0.123 0.157 
516 OmyJC18ROGR    (3)    2 :  0.348 0.150 0.211 0.291 
517 OmyJC18ROGR    (3)    2 :  0.115 0.155 0.538 0.193 
518 OmyJC18ROGR    (0)    2 :  0.132 0.510 0.097 0.262 
519 OmyJC18ROGR    (9)    2 :  0.439 0.239 0.100 0.222 
520 OmyJC18ROGR    (6)    2 :  0.151 0.130 0.140 0.579 
521 OmyJC18ROGR    (2)    2 :  0.221 0.301 0.161 0.318 
522 OmyJC18ROGR    (1)    2 :  0.236 0.098 0.139 0.528 
523 OmyJC18ROGR    (4)    2 :  0.285 0.235 0.121 0.359 
524 OmyJC18ROGR    (0)    2 :  0.417 0.064 0.108 0.410 
525 OmyJC18ROGR    (2)    2 :  0.271 0.375 0.097 0.257 
526 OmyJC18ROGR    (3)    2 :  0.195 0.515 0.114 0.177 
527 OmyJC18ROGR    (0)    2 :  0.333 0.174 0.071 0.421 
528 OmyJC18ROGR    (0)    2 :  0.359 0.306 0.058 0.276 
529 OmyJC18ROGR    (1)    2 :  0.404 0.088 0.085 0.424 
530 OmyJC18ROGR    (0)    2 :  0.255 0.404 0.061 0.281 
531 OmyJC18ROGR    (0)    2 :  0.387 0.068 0.246 0.299 
532 OmyJC18ROGR    (2)    2 :  0.382 0.256 0.044 0.318 
533 OmyJC18ROGR    (2)    2 :  0.532 0.083 0.029 0.356 
534 OmyJC18ROGR    (2)    2 :  0.329 0.178 0.091 0.402 
535 OmyJC18ROGR    (0)    2 :  0.293 0.159 0.081 0.467 
536 OmyJC18ROGR    (0)    2 :  0.412 0.187 0.062 0.339 
537 OmyJC18ROGR    (0)    2 :  0.347 0.267 0.036 0.350 
538 OmyJC18ROGR    (0)    2 :  0.389 0.165 0.105 0.341 
539 OmyJC18ROGR    (0)    2 :  0.390 0.160 0.074 0.376 
540 OmyJC18ROGR    (8)    2 :  0.091 0.695 0.092 0.122 
541 OmyJC18ROGR    (1)    2 :  0.545 0.142 0.138 0.175 
542 OmyJC18ROGR    (1)    2 :  0.173 0.350 0.323 0.154 
543 OmyJC18ROGR    (0)    2 :  0.171 0.508 0.125 0.196 
544 OmyJC18ROGR    (2)    2 :  0.497 0.191 0.075 0.237 
545 OmyJC18ROGR    (1)    2 :  0.129 0.075 0.552 0.244 
546 OmyJC18ROGR    (9)    2 :  0.335 0.245 0.041 0.379 
547 OmyJC18ROGR    (0)    2 :  0.450 0.079 0.175 0.296 
548 OmyJC18ROGR    (0)    2 :  0.166 0.352 0.257 0.226 
549 OmyJC18ROGR    (0)    2 :  0.393 0.215 0.143 0.250 
550 OmyJC18ROGR    (1)    2 :  0.234 0.081 0.584 0.101 
551 OmyJC18ROGR    (1)    2 :  0.286 0.369 0.086 0.260 
552 OmyJC18ROGR    (2)    2 :  0.505 0.087 0.154 0.254 
553 OmyJC18ROGR   (10)    2 :  0.410 0.281 0.083 0.226 
554 OmyJC18ROGR    (2)    2 :  0.248 0.364 0.078 0.311 
555 OmyJC18ROGR    (4)    2 :  0.264 0.366 0.066 0.305 
556 OmyJC18ROGR    (0)    2 :  0.357 0.318 0.145 0.180 
557 OmyJC18ROGR    (2)    2 :  0.174 0.149 0.274 0.403 
558 OmyJC18ROGR    (0)    2 :  0.298 0.065 0.342 0.295 
559 OmyJC18ROGR    (0)    2 :  0.106 0.599 0.088 0.207 
560 OmyJC18ROGR    (8)    2 :  0.149 0.321 0.202 0.328 
561 OmyJC18ROGR    (0)    2 :  0.564 0.087 0.040 0.309 
562 OmyJC18ROGR    (8)    2 :  0.330 0.313 0.166 0.191 
563 OmyJC18ROGR    (2)    2 :  0.168 0.241 0.096 0.495 
564 OmyJC18ROGR    (4)    2 :  0.555 0.149 0.120 0.176 
565 OmyJC18ROGR    (3)    2 :  0.285 0.278 0.194 0.243 
566 OmyJC18ROGR    (1)    2 :  0.149 0.212 0.216 0.423 
567 OmyJC18ROGR    (0)    2 :  0.110 0.404 0.085 0.400 
568 OmyJC18ROGR    (5)    2 :  0.374 0.218 0.211 0.197 
569 OmyJC18ROGR    (2)    2 :  0.093 0.668 0.052 0.187 
570 OmyJC18ROGR    (0)    2 :  0.264 0.117 0.089 0.530 
571 OmyJC18ROGR    (2)    2 :  0.263 0.112 0.100 0.525 
572 OmyJC18ROGR    (6)    2 :  0.227 0.404 0.092 0.278 
573 OmyJC18ROGR    (5)    2 :  0.165 0.147 0.490 0.198 
574 OmyJC18ROGR    (8)    2 :  0.276 0.139 0.212 0.373 
575 OmyJC18ROGR    (3)    2 :  0.332 0.217 0.052 0.399 
576 OmyJC18ROGR    (0)    2 :  0.169 0.541 0.148 0.142 
577 OmyJC18ROGR    (0)    2 :  0.063 0.034 0.858 0.046 
578 OmyJC18ROGR    (1)    2 :  0.219 0.167 0.076 0.538 
579 OmyJC18ROGR    (0)    2 :  0.145 0.042 0.634 0.178 
580 OmyJC18ROGR    (0)    2 :  0.304 0.360 0.051 0.286 
581 OmyJC18ROGR    (6)    2 :  0.186 0.496 0.087 0.230 
582 OmyJC18ROGR    (7)    2 :  0.496 0.178 0.054 0.271 
583 OmyJC18ROGR    (3)    2 :  0.450 0.204 0.078 0.267 
584 OmyJC18ROGR    (5)    2 :  0.333 0.255 0.091 0.322 
585 OmyJC18ROGR    (1)    2 :  0.254 0.095 0.149 0.502 
586 OmyJC18ROGR    (2)    2 :  0.277 0.241 0.036 0.446 
587 OmyJC18ROGR    (0)    2 :  0.033 0.025 0.913 0.029 
588 OmyJC18ROGR    (0)    2 :  0.122 0.192 0.264 0.422 
589 OmyJC18ROGR    (1)    2 :  0.313 0.373 0.121 0.194 
590 OmyJC18ROGR    (2)    2 :  0.435 0.081 0.023 0.461 
591 OmyJC18ROGR    (0)    2 :  0.495 0.205 0.070 0.231 
592 OmyJC18ROGR    (4)    2 :  0.204 0.252 0.080 0.464 
593 OmyJC18ROGR    (0)    2 :  0.276 0.181 0.202 0.341 
594 OmyJC18ROGR    (1)    2 :  0.280 0.114 0.064 0.542 
595 OmyJC18ROGR    (0)    2 :  0.152 0.466 0.265 0.116 
596 OmyJC18ROGR    (0)    2 :  0.310 0.285 0.127 0.277 
597 OmyJC18ROGR    (0)    2 :  0.154 0.446 0.175 0.225 
598 OmyJC18ROGR    (0)    2 :  0.251 0.278 0.088 0.382 
599 OmyJC18ROGR    (0)    2 :  0.520 0.109 0.175 0.195 
600 OmyJC18ROGR    (0)    2 :  0.281 0.179 0.114 0.427 
601 OmyJC18ROGR    (0)    2 :  0.211 0.539 0.041 0.209 
602 OmyJC18ROGR    (0)    2 :  0.342 0.236 0.262 0.161 
603 OmyJC18ROGR    (0)    2 :  0.188 0.167 0.059 0.586 
604 OmyJC18ROGR    (0)    2 :  0.625 0.125 0.056 0.195 
605 OmyJC18ROGR    (0)    2 :  0.303 0.333 0.071 0.293 
606 OmyJC18ROGR    (0)    2 :  0.212 0.220 0.155 0.413 
607 OmyJC18ROGR    (0)    2 :  0.698 0.055 0.062 0.185 
608 OmyJC18ROGR    (0)    2 :  0.444 0.112 0.054 0.391 
609 OmyJC18ROGR    (0)    2 :  0.139 0.676 0.078 0.108 
610 OmyJC18ROGR    (6)    2 :  0.100 0.053 0.761 0.086 
611 OmyJC18ROGR    (0)    2 :  0.191 0.249 0.295 0.264 
612 OmyJC18ROGR    (3)    2 :  0.282 0.133 0.177 0.409 
613 OmyJC18ROGR    (0)    2 :  0.321 0.203 0.158 0.318 
614 OmyJC18ROGR    (0)    2 :  0.208 0.255 0.299 0.238 
615 OmyJC18ROGR    (0)    2 :  0.617 0.064 0.033 0.286 
616 OmyJC18ROGR    (0)    2 :  0.058 0.778 0.085 0.080 
617 OmyJC18ROGR    (0)    2 :  0.285 0.185 0.135 0.395 
618 OmyJC18ROGR    (0)    2 :  0.393 0.057 0.232 0.318 
619 OmyJC18ROGR    (0)    2 :  0.289 0.270 0.065 0.376 
620 OmyJC18ROGR    (0)    2 :  0.093 0.502 0.316 0.088 
621 OmyJC18ROGR    (2)    2 :  0.161 0.628 0.106 0.105 
622 OmyJC18ROGR    (3)    2 :  0.293 0.380 0.162 0.165 
623 OmyJC18ROGR    (1)    2 :  0.522 0.056 0.143 0.279 
624 OmyJC18ROGR    (2)    2 :  0.387 0.286 0.130 0.197 
625 OmyJC18ROGR    (1)    2 :  0.283 0.116 0.300 0.301 
626 OmyJC18ROGR    (9)    2 :  0.172 0.454 0.053 0.321 
627 OmyJC18ROGR    (0)    2 :  0.287 0.156 0.181 0.375 
628 OmyJC18ROGR    (0)    2 :  0.028 0.032 0.912 0.028 
629 OmyJC18ROGR    (2)    2 :  0.583 0.111 0.195 0.112 
630 OmyJC18ROGR    (1)    2 :  0.090 0.812 0.032 0.067 
631 OmyJC18ROGR    (4)    2 :  0.379 0.133 0.040 0.449 
632 OmyJC18ROGR    (0)    2 :  0.117 0.601 0.105 0.176 
633 OmyJC18ROGR    (7)    2 :  0.175 0.468 0.077 0.280 
634 OmyJC18ROGR    (2)    2 :  0.343 0.073 0.401 0.183 
635 OmyJC18ROGR    (0)    2 :  0.099 0.762 0.036 0.103 
636 OmyJC18ROGR    (0)    2 :  0.068 0.579 0.239 0.114 
637 OmyJC18ROGR    (0)    2 :  0.260 0.121 0.210 0.408 
638 OmyJC18ROGR    (0)    2 :  0.087 0.734 0.079 0.101 
639 OmyJC18ROGR    (1)    2 :  0.188 0.293 0.134 0.385 
640 OmyJC18ROGR    (2)    2 :  0.272 0.067 0.429 0.232 
641 OmyJC18ROGR    (1)    2 :  0.181 0.085 0.107 0.627 
642 OmyJC18ROGR    (3)    2 :  0.479 0.066 0.245 0.210 
643 OmyJC18ROGR    (1)    2 :  0.179 0.331 0.091 0.399 
644 OmyJC18ROGR   (10)    2 :  0.523 0.087 0.036 0.354 
645 OmyJC18ROGR    (6)    2 :  0.345 0.135 0.230 0.291 
646 OmyJC18ROGR    (0)    2 :  0.549 0.207 0.064 0.181 
647 OmyJC18ROGR    (2)    2 :  0.371 0.099 0.194 0.336 
648 OmyJC18ROGR    (0)    2 :  0.178 0.578 0.040 0.204 
649 OmyJC18ROGR    (0)    2 :  0.545 0.088 0.064 0.303 
650 OmyJC18ROGR    (1)    2 :  0.389 0.260 0.041 0.310 
651 OmyJC18ROGR    (6)    2 :  0.038 0.067 0.817 0.079 
652 OmyJC18ROGR    (1)    2 :  0.373 0.173 0.184 0.270 
653 OmyJC18ROGR    (4)    2 :  0.173 0.405 0.082 0.340 
654 OmyJC18ROGR    (1)    2 :  0.222 0.318 0.147 0.313 
655 OmyJC18ROGR    (4)    2 :  0.209 0.090 0.400 0.300 
656 OmyJC18ROGR    (0)    2 :  0.267 0.103 0.063 0.566 
657 OmyJC18ROGR    (0)    2 :  0.290 0.138 0.091 0.482 
658 OmyJC18ROGR    (0)    2 :  0.166 0.626 0.060 0.148 
659 OmyJC18ROGR    (7)    2 :  0.399 0.109 0.026 0.466 
660 OmyJC18ROGR    (4)    2 :  0.576 0.102 0.121 0.201 
661 OmyJC18ROGR    (3)    2 :  0.728 0.084 0.042 0.146 
662 OmyJC18ROGR    (2)    2 :  0.533 0.074 0.076 0.316 
663 OmyJC18ROGR    (2)    2 :  0.185 0.297 0.337 0.181 
664 OmyJC18ROGR    (0)    2 :  0.256 0.520 0.045 0.179 
665 OmyJC18ROGR    (1)    2 :  0.430 0.138 0.172 0.260 
666 OmyJC18ROGR    (0)    2 :  0.061 0.088 0.778 0.074 
667 OmyJC18ROGR    (0)    2 :  0.208 0.129 0.448 0.214 
668 OmyJC18ROGR    (1)    2 :  0.327 0.158 0.292 0.223 
669 OmyJC18ROGR    (5)    2 :  0.233 0.112 0.210 0.445 
670 OmyJC18ROGR   (10)    2 :  0.532 0.110 0.047 0.311 
671 OmyJC18ROGR    (3)    2 :  0.375 0.156 0.072 0.396 
672 OmyJC18ROGR    (0)    2 :  0.286 0.290 0.035 0.388 
673 OmyJC18ROGR    (6)    2 :  0.061 0.805 0.069 0.066 
674 OmyJC18ROGR    (0)    2 :  0.220 0.346 0.102 0.332 
675 OmyJC18ROGR    (0)    2 :  0.149 0.597 0.036 0.218 
676 OmyJC18ROGR    (1)    2 :  0.317 0.156 0.089 0.439 
677 OmyJC18ROGR    (4)    2 :  0.284 0.063 0.310 0.343 
