

----------------------------------------------------
STRUCTURE by Pritchard, Stephens and Donnelly (2000)
     and Falush, Stephens and Pritchard (2003)
       Code by Pritchard, Falush and Hubisz
             Version 2.3.4 (Jul 2012)
----------------------------------------------------



Command line arguments:   bin/structure -m "/Users/ddayan/FRA/half_pounder_2023/structure/halfpounder_p2/10k_20k_adm_corr_2/mainparams" -e "/Users/ddayan/FRA/half_pounder_2023/structure/halfpounder_p2/10k_20k_adm_corr_2/extraparams" 
Input File:    /Users/ddayan/FRA/half_pounder_2023/structure/halfpounder_p2/project_data

Run parameters:
   1000 individuals
   233 loci
   5 populations assumed
   10000 Burn-in period
   20000 Reps


--------------------------------------------
Proportion of membership of each pre-defined
 population in each of the 5 clusters

Given    Inferred Clusters                     Number of
 Pop       1      2      3      4      5      Individuals

  1:     0.205  0.211  0.211  0.168  0.206      275
  2:     0.200  0.192  0.199  0.207  0.202      643
  3:     0.158  0.246  0.066  0.361  0.168       42
  4:     0.236  0.235  0.063  0.238  0.229       40
--------------------------------------------

Allele-freq. divergence among pops (Net nucleotide distance),
computed using point estimates of P.

      1       2       3       4       5      
 1      -    0.0014  0.0095  0.0038  0.0002  
 2   0.0014     -    0.0112  0.0045  0.0012  
 3   0.0095  0.0112     -    0.0139  0.0097  
 4   0.0038  0.0045  0.0139     -    0.0037  
 5   0.0002  0.0012  0.0097  0.0037     -    

Average distances (expected heterozygosity) between individuals in same cluster:
cluster  1  : 0.3142 
cluster  2  : 0.3097 
cluster  3  : 0.2801 
cluster  4  : 0.3049 
cluster  5  : 0.3143 

--------------------------------------------
Estimated Ln Prob of Data   = -217346.5
Mean value of ln likelihood = -214761.9
Variance of ln likelihood   = 5169.1
Mean value of alpha         = 0.2655

Mean value of Fst_1         = 0.0118
Mean value of Fst_2         = 0.0188
Mean value of Fst_3         = 0.0797
Mean value of Fst_4         = 0.0305
Mean value of Fst_5         = 0.0111


Inferred ancestry of individuals:
        Label (%Miss) Pop:  Inferred clusters
  1 OmyAC19ROGR    (0)    1 :  0.333 0.175 0.037 0.135 0.319 
  2 OmyAC19ROGR    (0)    1 :  0.307 0.277 0.115 0.058 0.243 
  3 OmyAC19ROGR    (0)    1 :  0.304 0.148 0.060 0.183 0.305 
  4 OmyAC19ROGR    (0)    1 :  0.099 0.623 0.027 0.045 0.205 
  5 OmyAC19ROGR    (1)    1 :  0.046 0.022 0.859 0.037 0.036 
  6 OmyAC19ROGR    (0)    1 :  0.095 0.135 0.355 0.284 0.131 
  7 OmyAC19ROGR    (0)    1 :  0.234 0.092 0.252 0.247 0.176 
  8 OmyAC19ROGR    (0)    1 :  0.122 0.085 0.025 0.612 0.156 
  9 OmyAC19ROGR    (0)    1 :  0.153 0.128 0.420 0.110 0.189 
 10 OmyAC19ROGR    (0)    1 :  0.265 0.135 0.324 0.061 0.215 
 11 OmyAC19ROGR    (0)    1 :  0.086 0.224 0.068 0.499 0.123 
 12 OmyAC19ROGR    (0)    1 :  0.240 0.131 0.199 0.100 0.331 
 13 OmyAC19ROGR    (0)    1 :  0.270 0.127 0.035 0.388 0.181 
 14 OmyAC19ROGR    (0)    1 :  0.339 0.153 0.176 0.184 0.148 
 15 OmyAC19ROGR    (0)    1 :  0.248 0.107 0.392 0.078 0.175 
 16 OmyAC19ROGR    (0)    1 :  0.175 0.228 0.081 0.355 0.161 
 17 OmyAC19ROGR    (0)    1 :  0.247 0.314 0.118 0.032 0.289 
 18 OmyAC19ROGR    (3)    1 :  0.300 0.131 0.020 0.148 0.401 
 19 OmyAC19ROGR    (0)    1 :  0.094 0.071 0.050 0.707 0.079 
 20 OmyAC19ROGR    (0)    1 :  0.161 0.239 0.336 0.034 0.231 
 21 OmyAC19ROGR    (0)    1 :  0.195 0.215 0.317 0.067 0.206 
 22 OmyAC19ROGR    (0)    1 :  0.165 0.110 0.081 0.492 0.152 
 23 OmyAC19ROGR    (0)    1 :  0.275 0.070 0.315 0.150 0.191 
 24 OmyAC19ROGR    (1)    1 :  0.178 0.222 0.042 0.178 0.380 
 25 OmyAC19ROGR    (0)    1 :  0.173 0.070 0.447 0.188 0.124 
 26 OmyAC19ROGR    (0)    1 :  0.227 0.118 0.113 0.313 0.228 
 27 OmyAC19ROGR    (2)    1 :  0.305 0.086 0.057 0.291 0.262 
 28 OmyAC19ROGR    (0)    1 :  0.202 0.419 0.069 0.103 0.206 
 29 OmyAC19ROGR    (0)    1 :  0.351 0.249 0.078 0.070 0.252 
 30 OmyAC19ROGR    (0)    1 :  0.174 0.070 0.449 0.136 0.170 
 31 OmyAC19ROGR    (0)    1 :  0.167 0.272 0.072 0.274 0.214 
 32 OmyAC19ROGR    (0)    1 :  0.241 0.226 0.162 0.082 0.289 
 33 OmyAC19ROGR    (0)    1 :  0.138 0.462 0.097 0.104 0.200 
 34 OmyAC19ROGR    (0)    1 :  0.150 0.158 0.436 0.122 0.133 
 35 OmyAC19ROGR    (0)    1 :  0.182 0.383 0.080 0.066 0.290 
 36 OmyAC19ROGR    (0)    1 :  0.190 0.088 0.054 0.507 0.161 
 37 OmyAC19ROGR    (0)    1 :  0.075 0.068 0.197 0.583 0.077 
 38 OmyAC19ROGR    (0)    1 :  0.146 0.060 0.545 0.143 0.107 
 39 OmyAC19ROGR    (0)    1 :  0.445 0.119 0.070 0.044 0.322 
 40 OmyAC19ROGR    (0)    1 :  0.179 0.159 0.382 0.076 0.203 
 41 OmyAC19ROGR    (0)    1 :  0.290 0.223 0.061 0.110 0.316 
 42 OmyAC19ROGR    (0)    1 :  0.066 0.076 0.722 0.061 0.076 
 43 OmyAC19ROGR    (0)    1 :  0.291 0.099 0.051 0.047 0.511 
 44 OmyAC19ROGR    (8)    1 :  0.156 0.409 0.058 0.149 0.229 
 45 OmyAC19ROGR    (2)    1 :  0.103 0.160 0.428 0.202 0.106 
 46 OmyAC19ROGR    (0)    1 :  0.100 0.474 0.092 0.202 0.133 
 47 OmyAC19ROGR    (0)    1 :  0.108 0.123 0.041 0.609 0.119 
 48 OmyAC19ROGR    (0)    1 :  0.337 0.135 0.035 0.133 0.360 
 49 OmyAC19ROGR    (0)    1 :  0.242 0.299 0.050 0.237 0.171 
 50 OmyAC19ROGR    (0)    1 :  0.409 0.177 0.037 0.039 0.338 
 51 OmyAC19ROGR    (2)    1 :  0.064 0.080 0.719 0.059 0.078 
 52 OmyAC19ROGR    (0)    1 :  0.066 0.051 0.781 0.052 0.049 
 53 OmyAC19ROGR    (1)    1 :  0.169 0.172 0.044 0.434 0.181 
 54 OmyAC19ROGR    (0)    1 :  0.251 0.286 0.085 0.131 0.247 
 55 OmyAC19ROGR    (4)    1 :  0.241 0.097 0.067 0.323 0.272 
 56 OmyAC19ROGR    (0)    1 :  0.136 0.209 0.194 0.348 0.112 
 57 OmyAC19ROGR    (0)    1 :  0.057 0.050 0.026 0.816 0.051 
 58 OmyAC19ROGR    (0)    1 :  0.072 0.039 0.532 0.287 0.068 
 59 OmyAC19ROGR    (0)    1 :  0.162 0.093 0.043 0.516 0.185 
 60 OmyAC19ROGR    (0)    1 :  0.133 0.102 0.135 0.518 0.112 
 61 OmyAC19ROGR    (0)    1 :  0.458 0.133 0.071 0.071 0.268 
 62 OmyAC19ROGR    (0)    1 :  0.326 0.093 0.070 0.273 0.238 
 63 OmyAC19ROGR    (0)    1 :  0.175 0.347 0.184 0.148 0.146 
 64 OmyAC19ROGR    (2)    1 :  0.163 0.474 0.073 0.066 0.224 
 65 OmyAC19ROGR    (0)    1 :  0.230 0.151 0.042 0.264 0.314 
 66 OmyAC19ROGR    (5)    1 :  0.315 0.091 0.222 0.168 0.204 
 67 OmyAC19ROGR    (0)    1 :  0.082 0.229 0.042 0.579 0.068 
 68 OmyAC19ROGR    (1)    1 :  0.230 0.122 0.178 0.168 0.303 
 69 OmyAC19ROGR    (3)    1 :  0.214 0.143 0.169 0.307 0.168 
 70 OmyAC19ROGR    (0)    1 :  0.262 0.232 0.039 0.061 0.406 
 71 OmyAC19ROGR    (0)    1 :  0.253 0.210 0.060 0.264 0.213 
 72 OmyAC19ROGR    (5)    1 :  0.306 0.178 0.053 0.200 0.264 
 73 OmyAC19ROGR    (0)    1 :  0.378 0.119 0.149 0.065 0.289 
 74 OmyAC19ROGR    (0)    1 :  0.227 0.229 0.080 0.069 0.395 
 75 OmyAC19ROGR    (0)    1 :  0.169 0.429 0.121 0.087 0.195 
 76 OmyAC19ROGR    (0)    1 :  0.202 0.343 0.063 0.149 0.242 
 77 OmyAC19ROGR    (1)    1 :  0.023 0.021 0.906 0.019 0.031 
 78 OmyAC19ROGR    (0)    1 :  0.347 0.199 0.039 0.054 0.361 
 79 OmyAC19ROGR    (3)    1 :  0.237 0.277 0.081 0.093 0.313 
 80 OmyAC19ROGR    (0)    1 :  0.069 0.059 0.758 0.059 0.055 
 81 OmyAC19ROGR    (3)    1 :  0.250 0.164 0.267 0.137 0.180 
 82 OmyAC19ROGR    (1)    1 :  0.079 0.112 0.019 0.712 0.078 
 83 OmyAC19ROGR    (0)    1 :  0.199 0.395 0.045 0.145 0.216 
 84 OmyAC19ROGR    (0)    1 :  0.162 0.221 0.075 0.328 0.214 
 85 OmyAC19ROGR    (7)    1 :  0.301 0.262 0.061 0.099 0.276 
 86 OmyAC19ROGR    (0)    1 :  0.314 0.333 0.082 0.077 0.194 
 87 OmyAC19ROGR    (0)    1 :  0.088 0.621 0.041 0.098 0.152 
 88 OmyJC19ROGR    (0)    2 :  0.061 0.038 0.811 0.031 0.059 
 89 OmyJC19ROGR    (0)    2 :  0.285 0.080 0.070 0.295 0.270 
 90 OmyJC19ROGR    (0)    2 :  0.042 0.046 0.843 0.026 0.043 
 91 OmyJC19ROGR    (0)    2 :  0.184 0.238 0.019 0.412 0.147 
 92 OmyJC19ROGR    (0)    2 :  0.265 0.342 0.064 0.082 0.247 
 93 OmyJC19ROGR    (0)    2 :  0.205 0.301 0.054 0.114 0.327 
 94 OmyJC19ROGR    (0)    2 :  0.252 0.265 0.111 0.055 0.317 
 95 OmyJC19ROGR    (0)    2 :  0.182 0.273 0.168 0.102 0.276 
 96 OmyJC19ROGR    (0)    2 :  0.343 0.148 0.194 0.112 0.203 
 97 OmyJC19ROGR    (0)    2 :  0.204 0.181 0.289 0.110 0.217 
 98 OmyJC19ROGR    (0)    2 :  0.163 0.293 0.052 0.269 0.223 
 99 OmyJC19ROGR    (0)    2 :  0.121 0.404 0.059 0.279 0.138 
100 OmyJC19ROGR    (0)    2 :  0.305 0.076 0.037 0.176 0.407 
101 OmyJC19ROGR    (1)    2 :  0.123 0.082 0.500 0.164 0.131 
102 OmyJC19ROGR    (0)    2 :  0.129 0.251 0.102 0.294 0.224 
103 OmyJC19ROGR    (0)    2 :  0.224 0.168 0.294 0.116 0.198 
104 OmyJC19ROGR    (0)    2 :  0.195 0.106 0.033 0.456 0.211 
105 OmyJC19ROGR    (0)    2 :  0.080 0.383 0.253 0.152 0.131 
106 OmyJC19ROGR    (0)    2 :  0.046 0.033 0.845 0.035 0.042 
107 OmyJC19ROGR    (0)    2 :  0.072 0.145 0.182 0.530 0.072 
108 OmyJC19ROGR    (0)    2 :  0.218 0.449 0.072 0.066 0.195 
109 OmyJC19ROGR    (0)    2 :  0.249 0.089 0.138 0.230 0.294 
110 OmyJC19ROGR    (0)    2 :  0.117 0.125 0.500 0.123 0.136 
111 OmyJC19ROGR    (0)    2 :  0.092 0.130 0.056 0.626 0.096 
112 OmyJC19ROGR    (2)    2 :  0.231 0.092 0.178 0.235 0.265 
113 OmyJC19ROGR    (0)    2 :  0.204 0.082 0.455 0.076 0.183 
114 OmyJC19ROGR    (5)    2 :  0.349 0.092 0.043 0.067 0.449 
115 OmyJC19ROGR    (0)    2 :  0.179 0.424 0.037 0.059 0.301 
116 OmyJC19ROGR    (0)    2 :  0.283 0.193 0.096 0.067 0.362 
117 OmyJC19ROGR    (0)    2 :  0.311 0.240 0.113 0.169 0.167 
118 OmyJC19ROGR    (0)    2 :  0.142 0.525 0.030 0.129 0.174 
119 OmyJC19ROGR    (2)    2 :  0.205 0.459 0.040 0.095 0.202 
120 OmyJC19ROGR    (0)    2 :  0.124 0.077 0.037 0.636 0.127 
121 OmyJC19ROGR    (0)    2 :  0.161 0.192 0.035 0.458 0.154 
122 OmyJC19ROGR    (0)    2 :  0.246 0.207 0.077 0.189 0.280 
123 OmyJC19ROGR    (1)    2 :  0.163 0.501 0.022 0.147 0.166 
124 OmyJC19ROGR    (0)    2 :  0.186 0.204 0.205 0.070 0.335 
125 OmyJC19ROGR    (0)    2 :  0.373 0.088 0.083 0.087 0.370 
126 OmyJC19ROGR    (0)    2 :  0.086 0.085 0.704 0.032 0.093 
127 OmyJC19ROGR    (0)    2 :  0.228 0.205 0.040 0.356 0.172 
128 OmyJC19ROGR    (1)    2 :  0.316 0.265 0.040 0.157 0.223 
129 OmyJC19ROGR    (0)    2 :  0.341 0.128 0.202 0.061 0.269 
130 OmyJC19ROGR    (2)    2 :  0.338 0.100 0.126 0.050 0.386 
131 OmyJC19ROGR    (0)    2 :  0.193 0.097 0.061 0.427 0.222 
132 OmyJC19ROGR    (0)    2 :  0.103 0.526 0.067 0.159 0.145 
133 OmyJC19ROGR    (0)    2 :  0.144 0.466 0.029 0.104 0.257 
134 OmyJC19ROGR    (0)    2 :  0.214 0.382 0.054 0.189 0.160 
135 OmyJC19ROGR    (0)    2 :  0.116 0.079 0.069 0.626 0.110 
136 OmyJC19ROGR    (4)    2 :  0.162 0.416 0.104 0.095 0.224 
137 OmyJC19ROGR    (0)    2 :  0.265 0.134 0.176 0.220 0.205 
138 OmyJC19ROGR    (0)    2 :  0.067 0.060 0.646 0.142 0.086 
139 OmyJC19ROGR    (3)    2 :  0.356 0.100 0.034 0.219 0.291 
140 OmyJC19ROGR    (1)    2 :  0.412 0.103 0.102 0.076 0.307 
141 OmyJC19ROGR    (0)    2 :  0.340 0.105 0.120 0.087 0.349 
142 OmyJC19ROGR    (0)    2 :  0.150 0.120 0.418 0.154 0.157 
143 OmyJC19ROGR    (0)    2 :  0.170 0.373 0.130 0.104 0.223 
144 OmyJC19ROGR    (0)    2 :  0.321 0.073 0.023 0.368 0.215 
145 OmyJC19ROGR    (0)    2 :  0.381 0.134 0.040 0.146 0.299 
146 OmyJC19ROGR    (1)    2 :  0.248 0.178 0.105 0.266 0.203 
147 OmyJC19ROGR    (0)    2 :  0.097 0.123 0.187 0.513 0.081 
148 OmyJC19ROGR    (0)    2 :  0.100 0.152 0.055 0.593 0.100 
149 OmyJC19ROGR    (0)    2 :  0.151 0.520 0.041 0.176 0.112 
150 OmyJC19ROGR    (1)    2 :  0.153 0.472 0.070 0.086 0.218 
151 OmyJC19ROGR    (0)    2 :  0.404 0.146 0.100 0.050 0.301 
152 OmyJC19ROGR    (0)    2 :  0.078 0.441 0.040 0.362 0.080 
153 OmyJC19ROGR    (0)    2 :  0.108 0.274 0.080 0.446 0.093 
154 OmyJC19ROGR    (0)    2 :  0.218 0.185 0.084 0.312 0.200 
155 OmyJC19ROGR    (0)    2 :  0.523 0.161 0.050 0.060 0.207 
156 OmyJC19ROGR    (0)    2 :  0.172 0.238 0.095 0.208 0.288 
157 OmyJC19ROGR    (0)    2 :  0.271 0.195 0.223 0.097 0.215 
158 OmyJC19ROGR    (0)    2 :  0.102 0.586 0.018 0.198 0.097 
159 OmyJC19ROGR    (0)    2 :  0.194 0.344 0.044 0.139 0.278 
160 OmyJC19ROGR    (0)    2 :  0.237 0.126 0.099 0.162 0.376 
161 OmyJC19ROGR    (1)    2 :  0.091 0.096 0.031 0.678 0.104 
162 OmyJC19ROGR    (0)    2 :  0.107 0.269 0.237 0.262 0.125 
163 OmyJC19ROGR    (0)    2 :  0.158 0.133 0.105 0.415 0.190 
164 OmyJC19ROGR    (0)    2 :  0.258 0.158 0.024 0.302 0.258 
165 OmyJC19ROGR    (0)    2 :  0.189 0.434 0.031 0.176 0.170 
166 OmyJC19ROGR    (0)    2 :  0.273 0.307 0.067 0.089 0.265 
167 OmyJC19ROGR    (0)    2 :  0.172 0.142 0.132 0.271 0.284 
168 OmyJC19ROGR    (0)    2 :  0.231 0.211 0.096 0.168 0.294 
169 OmyJC19ROGR    (0)    2 :  0.032 0.037 0.864 0.027 0.042 
170 OmyJC19ROGR    (0)    2 :  0.292 0.292 0.094 0.116 0.206 
171 OmyJC19ROGR    (0)    2 :  0.235 0.254 0.045 0.170 0.296 
172 OmyJC19ROGR    (0)    2 :  0.178 0.109 0.267 0.302 0.144 
173 OmyJC19ROGR    (0)    2 :  0.044 0.054 0.805 0.043 0.053 
174 OmyJC19ROGR    (0)    2 :  0.348 0.147 0.034 0.078 0.393 
175 OmyJC19ROGR    (0)    2 :  0.230 0.375 0.039 0.073 0.283 
176 OmyJC19ROGR    (0)    2 :  0.253 0.109 0.196 0.276 0.166 
177 OmyJC19ROGR    (0)    2 :  0.053 0.100 0.022 0.757 0.068 
178 OmyJC19ROGR    (0)    2 :  0.317 0.126 0.052 0.130 0.375 
179 OmyJC19ROGR    (0)    2 :  0.361 0.209 0.045 0.087 0.298 
180 OmyJC19ROGR    (0)    2 :  0.043 0.054 0.807 0.047 0.048 
181 OmyJC19ROGR    (0)    2 :  0.229 0.230 0.076 0.086 0.380 
182 OmyJC19ROGR    (0)    2 :  0.271 0.089 0.074 0.334 0.232 
183 OmyJC19ROGR    (0)    2 :  0.251 0.220 0.057 0.268 0.204 
184 OmyJC19ROGR    (0)    2 :  0.064 0.108 0.698 0.076 0.054 
185 OmyJC19ROGR    (0)    2 :  0.535 0.074 0.020 0.082 0.289 
186 OmyJC19ROGR    (0)    2 :  0.160 0.161 0.313 0.143 0.224 
187 OmyJC19ROGR    (0)    2 :  0.211 0.437 0.058 0.051 0.243 
188 OmyJC19ROGR    (0)    2 :  0.233 0.294 0.049 0.147 0.277 
189 OmyJC19ROGR    (0)    2 :  0.131 0.228 0.271 0.121 0.249 
190 OmyJC19ROGR    (0)    2 :  0.132 0.250 0.090 0.395 0.132 
191 OmyJC19ROGR    (0)    2 :  0.142 0.449 0.072 0.133 0.204 
192 OmyJC19ROGR    (0)    2 :  0.267 0.373 0.041 0.115 0.204 
193 OmyJC19ROGR    (0)    2 :  0.129 0.118 0.216 0.421 0.117 
194 OmyJC19ROGR    (0)    2 :  0.127 0.191 0.027 0.516 0.139 
195 OmyJC19ROGR    (0)    2 :  0.061 0.072 0.770 0.031 0.066 
196 OmyJC19ROGR    (0)    2 :  0.246 0.245 0.038 0.033 0.439 
197 OmyJC19ROGR    (0)    2 :  0.317 0.234 0.050 0.173 0.226 
198 OmyJC19ROGR    (0)    2 :  0.053 0.062 0.772 0.061 0.052 
199 OmyJC19ROGR    (0)    2 :  0.318 0.143 0.027 0.221 0.291 
200 OmyJC19ROGR    (0)    2 :  0.193 0.196 0.195 0.192 0.224 
201 OmyJC19ROGR    (0)    2 :  0.258 0.215 0.029 0.305 0.192 
202 OmyJC19ROGR    (0)    2 :  0.129 0.352 0.036 0.336 0.148 
203 OmyJC19ROGR    (0)    2 :  0.110 0.625 0.040 0.075 0.150 
204 OmyJC19ROGR    (0)    2 :  0.198 0.348 0.110 0.140 0.205 
205 OmyJC19ROGR    (0)    2 :  0.161 0.141 0.147 0.227 0.324 
206 OmyJC19ROGR    (0)    2 :  0.041 0.025 0.878 0.022 0.034 
207 OmyJC19ROGR    (0)    2 :  0.141 0.075 0.401 0.263 0.119 
208 OmyJC19ROGR    (0)    2 :  0.334 0.132 0.058 0.219 0.258 
209 OmyJC19ROGR    (0)    2 :  0.268 0.094 0.313 0.172 0.152 
210 OmyJC19ROGR    (0)    2 :  0.053 0.039 0.845 0.022 0.042 
211 OmyJC19ROGR    (0)    2 :  0.281 0.107 0.128 0.319 0.165 
212 OmyJC19ROGR    (1)    2 :  0.047 0.086 0.209 0.593 0.064 
213 OmyJC19ROGR    (1)    2 :  0.350 0.106 0.095 0.052 0.397 
214 OmyJC19ROGR    (0)    2 :  0.138 0.130 0.156 0.406 0.170 
215 OmyJC19ROGR    (0)    2 :  0.186 0.512 0.030 0.111 0.162 
216 OmyJC19ROGR    (0)    2 :  0.175 0.067 0.466 0.167 0.125 
217 OmyJC19ROGR    (0)    2 :  0.141 0.096 0.547 0.091 0.125 
218 OmyJC19ROGR    (0)    2 :  0.169 0.590 0.054 0.070 0.117 
219 OmyJC19ROGR    (0)    2 :  0.235 0.094 0.206 0.260 0.204 
220 OmyJC19ROGR    (0)    2 :  0.135 0.143 0.018 0.586 0.119 
221 OmyJC19ROGR    (0)    2 :  0.134 0.110 0.162 0.476 0.119 
222 OmyJC19ROGR    (0)    2 :  0.253 0.151 0.036 0.170 0.391 
223 OmyJC19ROGR    (0)    2 :  0.214 0.215 0.130 0.305 0.136 
224 OmyJC19ROGR    (1)    2 :  0.325 0.165 0.083 0.140 0.287 
225 OmyJC19ROGR    (0)    2 :  0.035 0.037 0.759 0.131 0.038 
226 OmyJC19ROGR    (0)    2 :  0.256 0.153 0.359 0.040 0.191 
227 OmyJC19ROGR    (0)    2 :  0.043 0.050 0.827 0.035 0.046 
228 OmyJC19ROGR    (0)    2 :  0.296 0.147 0.054 0.247 0.256 
229 OmyJC19ROGR    (0)    2 :  0.142 0.569 0.041 0.111 0.137 
230 OmyJC19ROGR    (0)    2 :  0.189 0.198 0.194 0.178 0.241 
231 OmyJC19ROGR    (0)    2 :  0.199 0.154 0.146 0.306 0.195 
232 OmyJC19ROGR    (2)    2 :  0.247 0.173 0.103 0.299 0.178 
233 OmyJC19ROGR    (0)    2 :  0.152 0.143 0.191 0.354 0.160 
234 OmyJC19ROGR    (0)    2 :  0.031 0.028 0.885 0.024 0.031 
235 OmyJC19ROGR    (0)    2 :  0.074 0.092 0.681 0.067 0.086 
236 OmyJC19ROGR    (0)    2 :  0.093 0.063 0.036 0.733 0.074 
237 OmyJC19ROGR    (0)    2 :  0.212 0.068 0.108 0.471 0.141 
238 OmyJC19ROGR    (0)    2 :  0.096 0.068 0.088 0.659 0.088 
239 OmyJC19ROGR    (0)    2 :  0.311 0.102 0.052 0.284 0.252 
240 OmyJC19ROGR    (0)    2 :  0.260 0.250 0.087 0.094 0.310 
241 OmyJC19ROGR    (0)    2 :  0.216 0.126 0.207 0.087 0.365 
242 OmyJC19ROGR    (0)    2 :  0.224 0.111 0.024 0.485 0.156 
243 OmyJC19ROGR    (0)    2 :  0.200 0.391 0.049 0.156 0.205 
244 OmyJC19ROGR    (0)    2 :  0.160 0.467 0.050 0.131 0.193 
245 OmyJC19ROGR    (0)    2 :  0.046 0.037 0.834 0.038 0.045 
246 OmyJC19ROGR    (0)    2 :  0.164 0.247 0.161 0.217 0.211 
247 OmyJC19ROGR    (0)    2 :  0.075 0.170 0.621 0.057 0.077 
248 OmyJC19ROGR    (0)    2 :  0.255 0.146 0.363 0.050 0.186 
249 OmyJC19ROGR    (0)    2 :  0.174 0.435 0.089 0.069 0.233 
250 OmyJC19ROGR    (0)    2 :  0.278 0.329 0.093 0.080 0.219 
251 OmyJC19ROGR    (0)    2 :  0.197 0.343 0.067 0.050 0.344 
252 OmyJC19ROGR    (0)    2 :  0.246 0.122 0.086 0.316 0.230 
253 OmyJC19ROGR    (0)    2 :  0.340 0.226 0.104 0.059 0.270 
254 OmyJC19ROGR    (0)    2 :  0.218 0.311 0.139 0.086 0.246 
255 OmyJC19ROGR    (0)    2 :  0.173 0.312 0.064 0.188 0.263 
256 OmyJC19ROGR    (0)    2 :  0.169 0.251 0.154 0.168 0.257 
257 OmyJC19ROGR    (0)    2 :  0.178 0.432 0.077 0.058 0.255 
258 OmyAC19ROGR    (0)    1 :  0.438 0.099 0.097 0.127 0.239 
259 OmyAC19ROGR    (0)    1 :  0.288 0.075 0.320 0.112 0.207 
260 OmyAC19ROGR    (0)    1 :  0.565 0.124 0.059 0.048 0.205 
261 OmyAC19ROGR    (0)    1 :  0.372 0.233 0.105 0.042 0.248 
262 OmyAC19ROGR    (0)    1 :  0.339 0.078 0.114 0.049 0.419 
263 OmyAC19ROGR    (0)    1 :  0.096 0.421 0.092 0.255 0.136 
264 OmyAC19ROGR    (0)    1 :  0.197 0.375 0.070 0.081 0.278 
265 OmyAC19ROGR    (0)    1 :  0.055 0.771 0.051 0.049 0.075 
266 OmyAC19ROGR    (0)    1 :  0.198 0.238 0.040 0.086 0.438 
267 OmyAC19ROGR    (0)    1 :  0.158 0.286 0.290 0.050 0.216 
268 OmyAC19ROGR    (0)    1 :  0.211 0.209 0.119 0.265 0.196 
269 OmyAC19ROGR    (1)    1 :  0.257 0.165 0.169 0.064 0.345 
270 OmyAC19ROGR    (0)    1 :  0.198 0.298 0.055 0.054 0.397 
271 OmyAC19ROGR    (0)    1 :  0.153 0.261 0.389 0.069 0.129 
272 OmyAC19ROGR    (0)    1 :  0.177 0.103 0.181 0.157 0.382 
273 OmyAC19ROGR    (0)    1 :  0.379 0.185 0.032 0.122 0.281 
274 OmyAC19ROGR    (0)    1 :  0.138 0.072 0.549 0.049 0.192 
275 OmyAC19ROGR    (0)    1 :  0.144 0.063 0.074 0.597 0.121 
276 OmyAC19ROGR    (0)    1 :  0.273 0.261 0.079 0.176 0.211 
277 OmyAC19ROGR    (0)    1 :  0.391 0.109 0.163 0.093 0.245 
278 OmyAC19ROGR    (0)    1 :  0.095 0.159 0.251 0.355 0.140 
279 OmyAC19ROGR    (0)    1 :  0.382 0.051 0.176 0.240 0.152 
280 OmyAC19ROGR    (0)    1 :  0.235 0.211 0.195 0.097 0.262 
281 OmyAC19ROGR    (0)    1 :  0.178 0.469 0.071 0.096 0.186 
282 OmyAC19ROGR    (0)    1 :  0.252 0.091 0.188 0.131 0.338 
283 OmyAC19ROGR    (0)    1 :  0.166 0.418 0.104 0.131 0.182 
284 OmyAC19ROGR    (0)    1 :  0.080 0.604 0.048 0.107 0.161 
285 OmyAC19ROGR    (0)    1 :  0.182 0.448 0.064 0.151 0.155 
286 OmyAC19ROGR    (0)    1 :  0.190 0.455 0.041 0.100 0.214 
287 OmyAC19ROGR    (0)    1 :  0.026 0.022 0.903 0.015 0.034 
288 OmyAC19ROGR    (0)    1 :  0.039 0.056 0.581 0.288 0.036 
289 OmyAC19ROGR    (0)    1 :  0.173 0.366 0.139 0.097 0.225 
290 OmyAC19ROGR    (1)    1 :  0.029 0.029 0.887 0.032 0.024 
291 OmyAC19ROGR    (0)    1 :  0.125 0.196 0.392 0.076 0.211 
292 OmyAC19ROGR    (0)    1 :  0.318 0.133 0.124 0.086 0.339 
293 OmyAC19ROGR    (0)    1 :  0.124 0.155 0.068 0.476 0.177 
294 OmyAC19ROGR    (0)    1 :  0.177 0.334 0.288 0.044 0.157 
295 OmyAC19ROGR    (0)    1 :  0.474 0.158 0.040 0.035 0.293 
296 OmyAC19ROGR    (0)    1 :  0.150 0.093 0.042 0.568 0.147 
297 OmyAC19ROGR    (0)    1 :  0.117 0.165 0.545 0.042 0.131 
298 OmyAC19ROGR    (0)    1 :  0.237 0.374 0.053 0.158 0.178 
299 OmyAC19ROGR    (0)    1 :  0.178 0.319 0.205 0.150 0.149 
300 OmyAC19ROGR    (0)    1 :  0.197 0.492 0.062 0.123 0.126 
301 OmyAC19ROGR    (0)    1 :  0.046 0.051 0.831 0.031 0.041 
302 OmyAC19ROGR    (0)    1 :  0.118 0.135 0.539 0.099 0.109 
303 OmyAC19ROGR    (0)    1 :  0.253 0.190 0.105 0.111 0.342 
304 OmyAC19ROGR    (0)    1 :  0.109 0.093 0.311 0.398 0.090 
305 OmyAC19ROGR    (0)    1 :  0.145 0.564 0.056 0.109 0.126 
306 OmyAC19ROGR    (0)    1 :  0.205 0.105 0.435 0.047 0.208 
307 OmyAC19ROGR    (1)    1 :  0.200 0.313 0.052 0.211 0.223 
308 OmyAC19ROGR    (0)    1 :  0.190 0.145 0.141 0.121 0.402 
309 OmyAC19ROGR    (0)    1 :  0.084 0.090 0.715 0.037 0.073 
310 OmyAC19ROGR    (0)    1 :  0.194 0.207 0.297 0.066 0.236 
311 OmyAC19ROGR    (0)    1 :  0.197 0.044 0.551 0.060 0.147 
312 OmyAC19ROGR    (0)    1 :  0.192 0.445 0.070 0.108 0.185 
313 OmyAC19ROGR    (0)    1 :  0.200 0.364 0.072 0.152 0.211 
314 OmyAC19ROGR    (0)    1 :  0.172 0.302 0.155 0.210 0.160 
315 OmyAC19ROGR    (0)    1 :  0.213 0.219 0.155 0.057 0.356 
316 OmyAC19ROGR    (0)    1 :  0.164 0.528 0.039 0.034 0.235 
317 OmyAC19ROGR    (0)    1 :  0.165 0.082 0.041 0.578 0.134 
318 OmyAC19ROGR    (0)    1 :  0.188 0.225 0.029 0.287 0.272 
319 OmyAC19ROGR    (0)    1 :  0.213 0.363 0.032 0.162 0.230 
320 OmyAC19ROGR    (0)    1 :  0.118 0.519 0.023 0.221 0.120 
321 OmyAC19ROGR    (0)    1 :  0.329 0.187 0.035 0.106 0.343 
322 OmyAC19ROGR    (0)    1 :  0.380 0.054 0.310 0.041 0.215 
323 OmyAC19ROGR    (0)    1 :  0.373 0.110 0.072 0.113 0.332 
324 OmyAC19ROGR    (0)    1 :  0.220 0.411 0.033 0.048 0.288 
325 OmyAC19ROGR    (0)    1 :  0.250 0.182 0.225 0.065 0.277 
326 OmyAC19ROGR    (0)    1 :  0.225 0.380 0.053 0.078 0.264 
327 OmyAC19ROGR    (0)    1 :  0.180 0.555 0.037 0.065 0.164 
328 OmyAC20ROGR    (0)    1 :  0.121 0.345 0.054 0.291 0.188 
329 OmyAC20ROGR    (0)    1 :  0.156 0.327 0.159 0.202 0.156 
330 OmyAC20ROGR    (0)    1 :  0.227 0.112 0.166 0.220 0.276 
331 OmyAC20ROGR    (0)    1 :  0.089 0.166 0.547 0.093 0.105 
332 OmyAC20ROGR    (0)    1 :  0.174 0.259 0.223 0.106 0.238 
333 OmyAC20ROGR    (0)    1 :  0.093 0.498 0.212 0.050 0.147 
334 OmyAC20ROGR    (0)    1 :  0.171 0.502 0.068 0.065 0.193 
335 OmyAC20ROGR    (0)    1 :  0.328 0.167 0.042 0.087 0.375 
336 OmyAC20ROGR    (0)    1 :  0.220 0.206 0.157 0.103 0.313 
337 OmyAC20ROGR    (0)    1 :  0.176 0.122 0.464 0.103 0.136 
338 OmyAC20ROGR    (0)    1 :  0.233 0.282 0.112 0.067 0.307 
339 OmyAC20ROGR    (0)    1 :  0.289 0.231 0.099 0.177 0.204 
340 OmyAC20ROGR    (0)    1 :  0.238 0.289 0.067 0.150 0.257 
341 OmyAC20ROGR    (0)    1 :  0.132 0.188 0.072 0.440 0.167 
342 OmyAC20ROGR    (0)    1 :  0.259 0.247 0.171 0.162 0.161 
343 OmyAC20ROGR    (0)    1 :  0.083 0.119 0.063 0.571 0.163 
344 OmyAC20ROGR    (0)    1 :  0.142 0.185 0.293 0.164 0.217 
345 OmyAC20ROGR    (1)    1 :  0.369 0.215 0.140 0.034 0.243 
346 OmyAC20ROGR    (0)    1 :  0.154 0.425 0.245 0.044 0.132 
347 OmyAC20ROGR    (0)    1 :  0.198 0.106 0.299 0.167 0.229 
348 OmyAC20ROGR    (0)    1 :  0.094 0.274 0.159 0.340 0.133 
349 OmyAC20ROGR    (0)    1 :  0.124 0.369 0.044 0.275 0.187 
350 OmyAC20ROGR    (0)    1 :  0.102 0.112 0.080 0.631 0.075 
351 OmyAC20ROGR    (0)    1 :  0.274 0.339 0.073 0.074 0.240 
352 OmyAC20ROGR    (0)    1 :  0.371 0.204 0.056 0.113 0.256 
353 OmyAC20ROGR    (0)    1 :  0.199 0.299 0.099 0.079 0.325 
354 OmyAC20ROGR    (0)    1 :  0.181 0.092 0.317 0.267 0.143 
355 OmyAC20ROGR    (0)    1 :  0.060 0.116 0.142 0.612 0.069 
356 OmyAC20ROGR    (0)    1 :  0.165 0.304 0.250 0.092 0.189 
357 OmyAC20ROGR    (0)    1 :  0.290 0.186 0.068 0.182 0.274 
358 OmyAC20ROGR    (0)    1 :  0.329 0.179 0.037 0.145 0.310 
359 OmyAC20ROGR    (0)    1 :  0.288 0.057 0.358 0.144 0.153 
360 OmyAC20ROGR    (0)    1 :  0.330 0.166 0.157 0.090 0.257 
361 OmyAC20ROGR    (0)    1 :  0.253 0.121 0.039 0.385 0.202 
362 OmyAC20ROGR    (0)    1 :  0.404 0.183 0.108 0.098 0.206 
363 OmyAC20ROGR    (0)    1 :  0.079 0.139 0.367 0.307 0.108 
364 OmyAC20ROGR    (1)    1 :  0.203 0.346 0.072 0.212 0.167 
365 OmyAC20ROGR    (0)    1 :  0.189 0.506 0.038 0.101 0.166 
366 OmyAC20ROGR    (0)    1 :  0.190 0.339 0.028 0.052 0.391 
367 OmyAC20ROGR    (0)    1 :  0.414 0.138 0.064 0.055 0.330 
368 OmyAC20ROGR    (0)    1 :  0.321 0.123 0.055 0.167 0.335 
369 OmyAC20ROGR    (0)    1 :  0.214 0.106 0.301 0.238 0.141 
370 OmyAC20ROGR    (0)    1 :  0.161 0.062 0.631 0.046 0.100 
371 OmyAC20ROGR    (0)    1 :  0.068 0.051 0.761 0.060 0.060 
372 OmyAC20ROGR    (2)    1 :  0.049 0.045 0.833 0.027 0.045 
373 OmyAC20ROGR    (0)    1 :  0.098 0.069 0.619 0.126 0.088 
374 OmyAC20ROGR    (0)    1 :  0.293 0.179 0.029 0.113 0.386 
375 OmyAC20ROGR    (0)    1 :  0.213 0.351 0.128 0.100 0.208 
376 OmyAC20ROGR    (0)    1 :  0.218 0.169 0.214 0.194 0.205 
377 OmyAC20ROGR    (0)    1 :  0.188 0.442 0.038 0.137 0.195 
378 OmyAC20ROGR    (0)    1 :  0.231 0.316 0.030 0.217 0.206 
379 OmyAC20ROGR    (0)    1 :  0.125 0.145 0.461 0.121 0.149 
380 OmyAC20ROGR    (0)    1 :  0.213 0.327 0.042 0.048 0.369 
381 OmyAC20ROGR    (0)    1 :  0.295 0.219 0.130 0.088 0.267 
382 OmyAC20ROGR    (0)    1 :  0.050 0.044 0.799 0.047 0.061 
383 OmyAC20ROGR    (0)    1 :  0.275 0.399 0.096 0.040 0.189 
384 OmyAC20ROGR    (0)    1 :  0.146 0.164 0.384 0.116 0.190 
385 OmyAC20ROGR    (0)    1 :  0.276 0.129 0.211 0.151 0.233 
386 OmyAC20ROGR    (0)    1 :  0.199 0.142 0.256 0.073 0.330 
387 OmyAC20ROGR    (0)    1 :  0.128 0.154 0.431 0.062 0.225 
388 OmyAC20ROGR    (0)    1 :  0.144 0.193 0.419 0.110 0.133 
389 OmyAC20ROGR    (0)    1 :  0.112 0.583 0.060 0.056 0.189 
390 OmyAC20ROGR    (0)    1 :  0.099 0.069 0.020 0.699 0.113 
391 OmyAC20ROGR    (0)    1 :  0.062 0.074 0.560 0.226 0.078 
392 OmyAC20ROGR    (0)    1 :  0.212 0.112 0.401 0.133 0.142 
393 OmyAC20ROGR    (0)    1 :  0.202 0.244 0.109 0.261 0.184 
394 OmyAC20ROGR    (0)    1 :  0.404 0.086 0.152 0.155 0.202 
395 OmyAC20ROGR    (0)    1 :  0.213 0.157 0.107 0.283 0.240 
396 OmyAC20ROGR    (0)    1 :  0.265 0.125 0.083 0.206 0.321 
397 OmyAC20ROGR    (0)    1 :  0.257 0.262 0.209 0.047 0.225 
398 OmyAC20ROGR    (0)    1 :  0.098 0.170 0.569 0.045 0.118 
399 OmyAC20ROGR    (0)    1 :  0.427 0.090 0.148 0.038 0.297 
400 OmyAC20ROGR    (0)    1 :  0.287 0.287 0.119 0.049 0.257 
401 OmyAC20ROGR    (0)    1 :  0.092 0.050 0.678 0.114 0.066 
402 OmyAC20ROGR    (0)    1 :  0.161 0.287 0.021 0.378 0.153 
403 OmyAC20ROGR    (0)    1 :  0.227 0.101 0.125 0.197 0.350 
404 OmyAC20ROGR    (0)    1 :  0.094 0.651 0.026 0.111 0.118 
405 OmyAC20ROGR    (0)    1 :  0.202 0.073 0.399 0.173 0.153 
406 OmyAC20ROGR    (0)    1 :  0.337 0.129 0.055 0.232 0.248 
407 OmyAC20ROGR    (0)    1 :  0.261 0.098 0.043 0.039 0.559 
408 OmyAC20ROGR    (0)    1 :  0.054 0.075 0.144 0.657 0.071 
409 OmyAC20ROGR    (0)    1 :  0.162 0.582 0.049 0.065 0.142 
410 OmyAC20ROGR    (0)    1 :  0.053 0.060 0.793 0.027 0.067 
411 OmyAC20ROGR    (0)    1 :  0.099 0.105 0.623 0.068 0.105 
412 OmyAC20ROGR    (0)    1 :  0.095 0.344 0.254 0.124 0.183 
413 OmyAC20ROGR    (0)    1 :  0.206 0.322 0.115 0.055 0.302 
414 OmyAC20ROGR    (0)    1 :  0.266 0.129 0.352 0.094 0.160 
415 OmyAC20ROGR    (0)    1 :  0.374 0.205 0.055 0.108 0.259 
416 OmyAC20ROGR    (0)    1 :  0.176 0.406 0.060 0.073 0.285 
417 OmyAC20ROGR    (0)    1 :  0.188 0.492 0.029 0.087 0.203 
418 OmyAC20ROGR    (0)    1 :  0.163 0.213 0.193 0.114 0.317 
419 OmyAC20ROGR    (0)    1 :  0.167 0.086 0.443 0.156 0.149 
420 OmyAC20ROGR    (0)    1 :  0.177 0.054 0.052 0.583 0.134 
421 OmyAC20ROGR    (0)    1 :  0.320 0.311 0.117 0.061 0.192 
422 OmyAC20ROGR    (0)    1 :  0.048 0.042 0.826 0.034 0.050 
423 OmyAC20ROGR    (0)    1 :  0.288 0.233 0.048 0.043 0.387 
424 OmyAC20ROGR    (0)    1 :  0.269 0.101 0.037 0.402 0.191 
425 OmyAC20ROGR    (0)    1 :  0.045 0.036 0.832 0.050 0.037 
426 OmyAC20ROGR    (0)    1 :  0.095 0.708 0.072 0.036 0.089 
427 OmyAC20ROGR    (0)    1 :  0.296 0.261 0.069 0.064 0.310 
428 OmyAC20ROGR    (0)    1 :  0.070 0.070 0.779 0.041 0.040 
429 OmyAC20ROGR    (0)    1 :  0.111 0.274 0.038 0.454 0.123 
430 OmyAC20ROGR    (0)    1 :  0.364 0.197 0.091 0.111 0.237 
431 OmyAC20ROGR    (0)    1 :  0.171 0.119 0.497 0.047 0.166 
432 OmyAC20ROGR    (0)    1 :  0.049 0.031 0.844 0.027 0.049 
433 OmyAC20ROGR    (0)    1 :  0.062 0.040 0.692 0.164 0.042 
434 OmyAC20ROGR    (0)    1 :  0.221 0.132 0.341 0.064 0.241 
435 OmyAC20ROGR    (0)    1 :  0.236 0.144 0.050 0.051 0.520 
436 OmyAC20ROGR    (0)    1 :  0.277 0.269 0.081 0.046 0.328 
437 OmyAC20ROGR    (0)    1 :  0.063 0.100 0.662 0.102 0.072 
438 OmyAC20ROGR    (0)    1 :  0.352 0.078 0.320 0.075 0.174 
439 OmyAC20ROGR    (0)    1 :  0.491 0.088 0.082 0.032 0.306 
440 OmyAC20ROGR    (0)    1 :  0.075 0.200 0.593 0.056 0.076 
441 OmyAC20ROGR    (0)    1 :  0.348 0.090 0.040 0.318 0.204 
442 OmyAC20ROGR    (0)    1 :  0.429 0.105 0.113 0.110 0.243 
443 OmyAC20ROGR    (0)    1 :  0.424 0.150 0.046 0.056 0.324 
444 OmyAC20ROGR    (0)    1 :  0.131 0.382 0.252 0.042 0.194 
445 OmyAC20ROGR    (0)    1 :  0.292 0.078 0.133 0.178 0.319 
446 OmyJC18ROGR    (0)    2 :  0.144 0.192 0.314 0.205 0.145 
447 OmyJC18ROGR    (0)    2 :  0.193 0.230 0.127 0.187 0.263 
448 OmyJC18ROGR    (0)    2 :  0.298 0.084 0.103 0.091 0.423 
449 OmyJC18ROGR    (0)    2 :  0.083 0.044 0.575 0.236 0.063 
450 OmyJC18ROGR    (0)    2 :  0.120 0.075 0.609 0.079 0.117 
451 OmyJC18ROGR    (0)    2 :  0.070 0.058 0.787 0.024 0.061 
452 OmyJC18ROGR    (0)    2 :  0.214 0.147 0.310 0.083 0.246 
453 OmyJC18ROGR    (0)    2 :  0.058 0.041 0.026 0.798 0.077 
454 OmyJC18ROGR    (0)    2 :  0.056 0.078 0.759 0.051 0.056 
455 OmyJC18ROGR    (0)    2 :  0.224 0.282 0.103 0.116 0.274 
456 OmyJC18ROGR    (0)    2 :  0.064 0.045 0.807 0.040 0.044 
457 OmyJC18ROGR    (0)    2 :  0.225 0.321 0.095 0.046 0.313 
458 OmyJC18ROGR    (0)    2 :  0.103 0.114 0.154 0.534 0.095 
459 OmyJC18ROGR    (1)    2 :  0.131 0.695 0.031 0.053 0.090 
460 OmyJC18ROGR    (2)    2 :  0.328 0.128 0.166 0.109 0.268 
461 OmyJC18ROGR    (2)    2 :  0.198 0.103 0.341 0.076 0.282 
462 OmyJC18ROGR    (3)    2 :  0.268 0.081 0.237 0.219 0.196 
463 OmyJC18ROGR    (0)    2 :  0.100 0.039 0.677 0.102 0.082 
464 OmyJC18ROGR    (4)    2 :  0.226 0.277 0.031 0.096 0.370 
465 OmyJC18ROGR    (3)    2 :  0.259 0.241 0.103 0.139 0.258 
466 OmyJC18ROGR    (0)    2 :  0.337 0.073 0.106 0.093 0.391 
467 OmyJC18ROGR    (0)    2 :  0.166 0.416 0.072 0.100 0.247 
468 OmyJC18ROGR    (0)    2 :  0.185 0.104 0.123 0.415 0.173 
469 OmyJC18ROGR    (0)    2 :  0.077 0.057 0.782 0.020 0.065 
470 OmyJC18ROGR    (5)    2 :  0.192 0.135 0.448 0.108 0.117 
471 OmyJC18ROGR    (1)    2 :  0.347 0.155 0.137 0.076 0.286 
472 OmyJC18ROGR    (2)    2 :  0.362 0.135 0.086 0.073 0.344 
473 OmyJC18ROGR    (3)    2 :  0.248 0.109 0.039 0.150 0.454 
474 OmyJC18ROGR    (0)    2 :  0.061 0.068 0.041 0.771 0.059 
475 OmyJC18ROGR    (2)    2 :  0.167 0.094 0.391 0.132 0.216 
476 OmyJC18ROGR    (1)    2 :  0.365 0.106 0.041 0.068 0.420 
477 OmyJC18ROGR    (4)    2 :  0.169 0.092 0.207 0.345 0.187 
478 OmyJC18ROGR    (0)    2 :  0.224 0.441 0.069 0.112 0.154 
479 OmyJC18ROGR    (0)    2 :  0.302 0.189 0.031 0.081 0.397 
480 OmyJC18ROGR    (1)    2 :  0.147 0.443 0.138 0.110 0.163 
481 OmyJC18ROGR    (3)    2 :  0.367 0.105 0.082 0.183 0.263 
482 OmyJC18ROGR    (3)    2 :  0.197 0.090 0.026 0.511 0.175 
483 OmyJC18ROGR    (4)    2 :  0.371 0.125 0.035 0.232 0.236 
484 OmyJC18ROGR    (4)    2 :  0.357 0.313 0.043 0.108 0.178 
485 OmyJC18ROGR    (3)    2 :  0.119 0.268 0.429 0.107 0.077 
486 OmyJC18ROGR    (3)    2 :  0.191 0.113 0.387 0.141 0.168 
487 OmyJC18ROGR    (1)    2 :  0.166 0.239 0.116 0.320 0.159 
488 OmyJC18ROGR    (5)    2 :  0.271 0.265 0.067 0.135 0.262 
489 OmyJC18ROGR    (0)    2 :  0.484 0.139 0.040 0.090 0.248 
490 OmyJC18ROGR    (3)    2 :  0.349 0.097 0.086 0.085 0.383 
491 OmyJC18ROGR    (7)    2 :  0.083 0.056 0.067 0.710 0.084 
492 OmyJC18ROGR    (6)    2 :  0.065 0.103 0.027 0.727 0.077 
493 OmyJC18ROGR    (3)    2 :  0.309 0.209 0.105 0.067 0.310 
494 OmyJC18ROGR    (3)    2 :  0.058 0.082 0.748 0.050 0.062 
495 OmyJC18ROGR    (5)    2 :  0.144 0.287 0.315 0.115 0.139 
496 OmyJC18ROGR    (0)    2 :  0.279 0.216 0.110 0.151 0.244 
497 OmyJC18ROGR    (5)    2 :  0.128 0.127 0.029 0.553 0.163 
498 OmyJC18ROGR    (6)    2 :  0.422 0.080 0.102 0.068 0.328 
499 OmyJC18ROGR    (0)    2 :  0.327 0.148 0.050 0.062 0.412 
500 OmyJC18ROGR    (1)    2 :  0.155 0.117 0.057 0.477 0.194 
501 OmyJC18ROGR    (4)    2 :  0.268 0.101 0.379 0.077 0.175 
502 OmyJC18ROGR    (2)    2 :  0.263 0.119 0.206 0.212 0.200 
503 OmyJC18ROGR    (5)    2 :  0.314 0.149 0.058 0.255 0.224 
504 OmyJC18ROGR    (2)    2 :  0.469 0.052 0.179 0.101 0.199 
505 OmyJC18ROGR    (0)    2 :  0.163 0.257 0.267 0.161 0.152 
506 OmyJC18ROGR    (8)    2 :  0.203 0.155 0.072 0.304 0.267 
507 OmyJC18ROGR    (0)    2 :  0.285 0.148 0.122 0.232 0.214 
508 OmyJC18ROGR    (0)    2 :  0.159 0.100 0.174 0.382 0.185 
509 OmyJC18ROGR    (1)    2 :  0.035 0.030 0.881 0.025 0.029 
510 OmyJC18ROGR    (1)    2 :  0.363 0.129 0.085 0.108 0.316 
511 OmyJC18ROGR    (5)    2 :  0.194 0.258 0.170 0.195 0.183 
512 OmyJC18ROGR    (2)    2 :  0.057 0.047 0.733 0.087 0.076 
513 OmyJC18ROGR    (9)    2 :  0.146 0.243 0.295 0.174 0.143 
514 OmyJC18ROGR    (4)    2 :  0.100 0.118 0.411 0.236 0.135 
515 OmyJC18ROGR    (1)    2 :  0.110 0.218 0.095 0.415 0.161 
516 OmyJC18ROGR    (3)    2 :  0.177 0.198 0.149 0.110 0.366 
517 OmyJC18ROGR    (3)    2 :  0.143 0.103 0.491 0.114 0.150 
518 OmyJC18ROGR    (0)    2 :  0.273 0.075 0.068 0.406 0.177 
519 OmyJC18ROGR    (9)    2 :  0.182 0.313 0.069 0.170 0.265 
520 OmyJC18ROGR    (6)    2 :  0.543 0.066 0.084 0.076 0.230 
521 OmyJC18ROGR    (2)    2 :  0.271 0.104 0.122 0.204 0.299 
522 OmyJC18ROGR    (1)    2 :  0.355 0.137 0.113 0.066 0.329 
523 OmyJC18ROGR    (4)    2 :  0.270 0.346 0.077 0.155 0.152 
524 OmyJC18ROGR    (0)    2 :  0.371 0.288 0.076 0.047 0.219 
525 OmyJC18ROGR    (2)    2 :  0.168 0.384 0.064 0.244 0.140 
526 OmyJC18ROGR    (3)    2 :  0.126 0.229 0.082 0.402 0.161 
527 OmyJC18ROGR    (0)    2 :  0.322 0.183 0.052 0.122 0.322 
528 OmyJC18ROGR    (0)    2 :  0.197 0.311 0.050 0.233 0.209 
529 OmyJC18ROGR    (1)    2 :  0.269 0.340 0.060 0.062 0.270 
530 OmyJC18ROGR    (0)    2 :  0.171 0.200 0.042 0.340 0.246 
531 OmyJC18ROGR    (0)    2 :  0.242 0.143 0.192 0.056 0.367 
532 OmyJC18ROGR    (2)    2 :  0.277 0.337 0.029 0.150 0.206 
533 OmyJC18ROGR    (2)    2 :  0.303 0.212 0.022 0.052 0.411 
534 OmyJC18ROGR    (2)    2 :  0.346 0.222 0.072 0.110 0.250 
535 OmyJC18ROGR    (0)    2 :  0.256 0.134 0.061 0.095 0.454 
536 OmyJC18ROGR    (0)    2 :  0.242 0.275 0.040 0.148 0.295 
537 OmyJC18ROGR    (0)    2 :  0.245 0.172 0.024 0.162 0.398 
538 OmyJC18ROGR    (0)    2 :  0.244 0.132 0.069 0.103 0.451 
539 OmyJC18ROGR    (0)    2 :  0.256 0.325 0.060 0.131 0.228 
540 OmyJC18ROGR    (8)    2 :  0.143 0.084 0.065 0.593 0.115 
541 OmyJC18ROGR    (1)    2 :  0.142 0.431 0.101 0.107 0.219 
542 OmyJC18ROGR    (1)    2 :  0.134 0.164 0.294 0.288 0.121 
543 OmyJC18ROGR    (0)    2 :  0.185 0.142 0.088 0.368 0.216 
544 OmyJC18ROGR    (2)    2 :  0.165 0.303 0.061 0.193 0.277 
545 OmyJC18ROGR    (1)    2 :  0.246 0.059 0.448 0.043 0.204 
546 OmyJC18ROGR    (9)    2 :  0.247 0.179 0.029 0.166 0.379 
547 OmyJC18ROGR    (0)    2 :  0.376 0.229 0.122 0.050 0.223 
548 OmyJC18ROGR    (0)    2 :  0.190 0.118 0.223 0.223 0.247 
549 OmyJC18ROGR    (0)    2 :  0.183 0.176 0.100 0.184 0.358 
550 OmyJC18ROGR    (1)    2 :  0.086 0.233 0.511 0.066 0.104 
551 OmyJC18ROGR    (1)    2 :  0.184 0.286 0.069 0.282 0.179 
552 OmyJC18ROGR    (2)    2 :  0.218 0.361 0.102 0.053 0.266 
553 OmyJC18ROGR   (10)    2 :  0.185 0.229 0.064 0.247 0.275 
554 OmyJC18ROGR    (2)    2 :  0.218 0.145 0.057 0.256 0.324 
555 OmyJC18ROGR    (4)    2 :  0.252 0.187 0.054 0.320 0.187 
556 OmyJC18ROGR    (0)    2 :  0.142 0.151 0.103 0.323 0.281 
557 OmyJC18ROGR    (2)    2 :  0.400 0.065 0.173 0.083 0.278 
558 OmyJC18ROGR    (0)    2 :  0.251 0.233 0.269 0.041 0.204 
559 OmyJC18ROGR    (0)    2 :  0.160 0.102 0.065 0.537 0.137 
560 OmyJC18ROGR    (8)    2 :  0.179 0.191 0.137 0.318 0.175 
561 OmyJC18ROGR    (0)    2 :  0.175 0.563 0.025 0.045 0.192 
562 OmyJC18ROGR    (8)    2 :  0.178 0.163 0.141 0.293 0.225 
563 OmyJC18ROGR    (2)    2 :  0.327 0.111 0.066 0.168 0.329 
564 OmyJC18ROGR    (4)    2 :  0.133 0.520 0.082 0.090 0.176 
565 OmyJC18ROGR    (3)    2 :  0.154 0.334 0.160 0.216 0.136 
566 OmyJC18ROGR    (1)    2 :  0.396 0.101 0.142 0.145 0.216 
567 OmyJC18ROGR    (0)    2 :  0.333 0.105 0.061 0.278 0.224 
568 OmyJC18ROGR    (5)    2 :  0.127 0.305 0.156 0.157 0.255 
569 OmyJC18ROGR    (2)    2 :  0.225 0.090 0.036 0.547 0.103 
570 OmyJC18ROGR    (0)    2 :  0.381 0.154 0.060 0.080 0.326 
571 OmyJC18ROGR    (2)    2 :  0.286 0.200 0.071 0.067 0.377 
572 OmyJC18ROGR    (6)    2 :  0.242 0.206 0.068 0.298 0.187 
573 OmyJC18ROGR    (5)    2 :  0.186 0.195 0.397 0.090 0.132 
574 OmyJC18ROGR    (8)    2 :  0.271 0.168 0.172 0.095 0.293 
575 OmyJC18ROGR    (3)    2 :  0.304 0.200 0.039 0.133 0.325 
576 OmyJC18ROGR    (0)    2 :  0.107 0.127 0.120 0.507 0.139 
577 OmyJC18ROGR    (0)    2 :  0.040 0.051 0.835 0.024 0.049 
578 OmyJC18ROGR    (1)    2 :  0.279 0.151 0.051 0.130 0.390 
579 OmyJC18ROGR    (0)    2 :  0.208 0.100 0.540 0.031 0.120 
580 OmyJC18ROGR    (0)    2 :  0.231 0.106 0.034 0.260 0.369 
581 OmyJC18ROGR    (6)    2 :  0.172 0.145 0.060 0.450 0.173 
582 OmyJC18ROGR    (7)    2 :  0.161 0.528 0.034 0.122 0.155 
583 OmyJC18ROGR    (3)    2 :  0.131 0.486 0.059 0.111 0.214 
584 OmyJC18ROGR    (5)    2 :  0.254 0.218 0.063 0.189 0.276 
585 OmyJC18ROGR    (1)    2 :  0.349 0.079 0.096 0.062 0.414 
586 OmyJC18ROGR    (2)    2 :  0.327 0.138 0.026 0.155 0.354 
587 OmyJC18ROGR    (0)    2 :  0.032 0.030 0.889 0.021 0.028 
588 OmyJC18ROGR    (0)    2 :  0.305 0.102 0.198 0.143 0.253 
589 OmyJC18ROGR    (1)    2 :  0.109 0.512 0.086 0.168 0.126 
590 OmyJC18ROGR    (2)    2 :  0.355 0.137 0.017 0.074 0.417 
591 OmyJC18ROGR    (0)    2 :  0.218 0.258 0.052 0.174 0.298 
592 OmyJC18ROGR    (4)    2 :  0.442 0.094 0.050 0.152 0.261 
593 OmyJC18ROGR    (0)    2 :  0.212 0.176 0.134 0.127 0.351 
594 OmyJC18ROGR    (1)    2 :  0.396 0.145 0.044 0.074 0.341 
595 OmyJC18ROGR    (0)    2 :  0.140 0.145 0.211 0.373 0.132 
596 OmyJC18ROGR    (0)    2 :  0.207 0.222 0.086 0.226 0.258 
597 OmyJC18ROGR    (0)    2 :  0.194 0.109 0.156 0.338 0.203 
598 OmyJC18ROGR    (0)    2 :  0.271 0.287 0.061 0.172 0.209 
599 OmyJC18ROGR    (0)    2 :  0.110 0.509 0.145 0.080 0.156 
600 OmyJC18ROGR    (0)    2 :  0.247 0.216 0.076 0.115 0.346 
601 OmyJC18ROGR    (0)    2 :  0.142 0.237 0.029 0.423 0.169 
602 OmyJC18ROGR    (0)    2 :  0.108 0.416 0.194 0.153 0.130 
603 OmyJC18ROGR    (0)    2 :  0.410 0.184 0.041 0.097 0.268 
604 OmyJC18ROGR    (0)    2 :  0.081 0.675 0.042 0.081 0.121 
605 OmyJC18ROGR    (0)    2 :  0.198 0.236 0.053 0.243 0.271 
606 OmyJC18ROGR    (0)    2 :  0.342 0.132 0.116 0.142 0.269 
607 OmyJC18ROGR    (0)    2 :  0.135 0.623 0.048 0.044 0.150 
608 OmyJC18ROGR    (0)    2 :  0.239 0.480 0.036 0.061 0.184 
