1.0000	0.9760	0.9823	0.9795	0.9800	0.9727	0.9783	0.9757	0.9820	0.9776
0.9760	1.0000	0.9763	0.9810	0.9719	0.9795	0.9782	0.9807	0.9801	0.9830
0.9823	0.9763	1.0000	0.9813	0.9813	0.9753	0.9813	0.9763	0.9817	0.9788
0.9795	0.9810	0.9813	1.0000	0.9773	0.9776	0.9811	0.9791	0.9817	0.9807
0.9800	0.9719	0.9813	0.9773	1.0000	0.9746	0.9804	0.9761	0.9800	0.9755
0.9727	0.9795	0.9753	0.9776	0.9746	1.0000	0.9816	0.9813	0.9800	0.9805
0.9783	0.9782	0.9813	0.9811	0.9804	0.9816	1.0000	0.9793	0.9818	0.9800
0.9757	0.9807	0.9763	0.9791	0.9761	0.9813	0.9793	1.0000	0.9819	0.9838
0.9820	0.9801	0.9817	0.9817	0.9800	0.9800	0.9818	0.9819	1.0000	0.9831
0.9776	0.9830	0.9788	0.9807	0.9755	0.9805	0.9800	0.9838	0.9831	1.0000
