

----------------------------------------------------
STRUCTURE by Pritchard, Stephens and Donnelly (2000)
     and Falush, Stephens and Pritchard (2003)
       Code by Pritchard, Falush and Hubisz
             Version 2.3.4 (Jul 2012)
----------------------------------------------------



Command line arguments:   bin/structure -m "/Users/ddayan/FRA/half_pounder_2023/structure/halfpounder_p2/10k_20k_adm_corr_2/mainparams" -e "/Users/ddayan/FRA/half_pounder_2023/structure/halfpounder_p2/10k_20k_adm_corr_2/extraparams" 
Input File:    /Users/ddayan/FRA/half_pounder_2023/structure/halfpounder_p2/project_data

Run parameters:
   1000 individuals
   233 loci
   3 populations assumed
   10000 Burn-in period
   20000 Reps


--------------------------------------------
Proportion of membership of each pre-defined
 population in each of the 3 clusters

Given    Inferred Clusters       Number of
 Pop       1      2      3      Individuals

  1:     0.301  0.328  0.371      275
  2:     0.344  0.311  0.346      643
  3:     0.517  0.162  0.321       42
  4:     0.423  0.166  0.412       40
--------------------------------------------

Allele-freq. divergence among pops (Net nucleotide distance),
computed using point estimates of P.

      1       2       3      
 1      -    0.0129  0.0036  
 2   0.0129     -    0.0099  
 3   0.0036  0.0099     -    

Average distances (expected heterozygosity) between individuals in same cluster:
cluster  1  : 0.3082 
cluster  2  : 0.2851 
cluster  3  : 0.3159 

--------------------------------------------
Estimated Ln Prob of Data   = -216287.7
Mean value of ln likelihood = -215305.8
Variance of ln likelihood   = 1963.7
Mean value of alpha         = 0.6882

Mean value of Fst_1         = 0.0300
Mean value of Fst_2         = 0.0774
Mean value of Fst_3         = 0.0048


Inferred ancestry of individuals:
        Label (%Miss) Pop:  Inferred clusters
  1 OmyAC19ROGR    (0)    1 :  0.361 0.114 0.525 
  2 OmyAC19ROGR    (0)    1 :  0.164 0.242 0.594 
  3 OmyAC19ROGR    (0)    1 :  0.481 0.181 0.338 
  4 OmyAC19ROGR    (0)    1 :  0.206 0.088 0.707 
  5 OmyAC19ROGR    (1)    1 :  0.058 0.869 0.073 
  6 OmyAC19ROGR    (0)    1 :  0.389 0.450 0.161 
  7 OmyAC19ROGR    (0)    1 :  0.402 0.417 0.180 
  8 OmyAC19ROGR    (0)    1 :  0.679 0.086 0.235 
  9 OmyAC19ROGR    (0)    1 :  0.239 0.549 0.212 
 10 OmyAC19ROGR    (0)    1 :  0.124 0.493 0.384 
 11 OmyAC19ROGR    (0)    1 :  0.680 0.149 0.171 
 12 OmyAC19ROGR    (0)    1 :  0.256 0.385 0.358 
 13 OmyAC19ROGR    (0)    1 :  0.664 0.099 0.236 
 14 OmyAC19ROGR    (0)    1 :  0.417 0.361 0.222 
 15 OmyAC19ROGR    (0)    1 :  0.165 0.544 0.291 
 16 OmyAC19ROGR    (0)    1 :  0.468 0.213 0.319 
 17 OmyAC19ROGR    (0)    1 :  0.106 0.255 0.640 
 18 OmyAC19ROGR    (3)    1 :  0.373 0.059 0.568 
 19 OmyAC19ROGR    (0)    1 :  0.729 0.133 0.139 
 20 OmyAC19ROGR    (0)    1 :  0.096 0.434 0.470 
 21 OmyAC19ROGR    (0)    1 :  0.154 0.488 0.359 
 22 OmyAC19ROGR    (0)    1 :  0.629 0.181 0.190 
 23 OmyAC19ROGR    (0)    1 :  0.275 0.499 0.226 
 24 OmyAC19ROGR    (1)    1 :  0.369 0.118 0.513 
 25 OmyAC19ROGR    (0)    1 :  0.253 0.565 0.183 
 26 OmyAC19ROGR    (0)    1 :  0.428 0.261 0.311 
 27 OmyAC19ROGR    (2)    1 :  0.515 0.160 0.325 
 28 OmyAC19ROGR    (0)    1 :  0.262 0.176 0.562 
 29 OmyAC19ROGR    (0)    1 :  0.206 0.224 0.570 
 30 OmyAC19ROGR    (0)    1 :  0.193 0.581 0.226 
 31 OmyAC19ROGR    (0)    1 :  0.528 0.188 0.284 
 32 OmyAC19ROGR    (0)    1 :  0.185 0.319 0.497 
 33 OmyAC19ROGR    (0)    1 :  0.370 0.233 0.397 
 34 OmyAC19ROGR    (0)    1 :  0.195 0.582 0.223 
 35 OmyAC19ROGR    (0)    1 :  0.256 0.191 0.553 
 36 OmyAC19ROGR    (0)    1 :  0.627 0.161 0.212 
 37 OmyAC19ROGR    (0)    1 :  0.508 0.364 0.128 
 38 OmyAC19ROGR    (0)    1 :  0.195 0.675 0.130 
 39 OmyAC19ROGR    (0)    1 :  0.135 0.193 0.672 
 40 OmyAC19ROGR    (0)    1 :  0.162 0.507 0.331 
 41 OmyAC19ROGR    (0)    1 :  0.244 0.157 0.599 
 42 OmyAC19ROGR    (0)    1 :  0.105 0.782 0.113 
 43 OmyAC19ROGR    (0)    1 :  0.162 0.164 0.674 
 44 OmyAC19ROGR    (8)    1 :  0.401 0.145 0.454 
 45 OmyAC19ROGR    (2)    1 :  0.299 0.514 0.187 
 46 OmyAC19ROGR    (0)    1 :  0.484 0.220 0.295 
 47 OmyAC19ROGR    (0)    1 :  0.695 0.107 0.198 
 48 OmyAC19ROGR    (0)    1 :  0.317 0.102 0.582 
 49 OmyAC19ROGR    (0)    1 :  0.460 0.134 0.407 
 50 OmyAC19ROGR    (0)    1 :  0.114 0.106 0.780 
 51 OmyAC19ROGR    (2)    1 :  0.115 0.769 0.116 
 52 OmyAC19ROGR    (0)    1 :  0.089 0.804 0.107 
 53 OmyAC19ROGR    (1)    1 :  0.597 0.116 0.287 
 54 OmyAC19ROGR    (0)    1 :  0.249 0.219 0.532 
 55 OmyAC19ROGR    (4)    1 :  0.513 0.185 0.302 
 56 OmyAC19ROGR    (0)    1 :  0.453 0.355 0.192 
 57 OmyAC19ROGR    (0)    1 :  0.834 0.075 0.092 
 58 OmyAC19ROGR    (0)    1 :  0.308 0.609 0.083 
 59 OmyAC19ROGR    (0)    1 :  0.619 0.118 0.263 
 60 OmyAC19ROGR    (0)    1 :  0.578 0.275 0.147 
 61 OmyAC19ROGR    (0)    1 :  0.258 0.207 0.535 
 62 OmyAC19ROGR    (0)    1 :  0.470 0.201 0.330 
 63 OmyAC19ROGR    (0)    1 :  0.381 0.342 0.278 
 64 OmyAC19ROGR    (2)    1 :  0.176 0.192 0.632 
 65 OmyAC19ROGR    (0)    1 :  0.433 0.122 0.445 
 66 OmyAC19ROGR    (5)    1 :  0.354 0.428 0.218 
 67 OmyAC19ROGR    (0)    1 :  0.703 0.119 0.178 
 68 OmyAC19ROGR    (1)    1 :  0.301 0.355 0.344 
 69 OmyAC19ROGR    (3)    1 :  0.437 0.303 0.260 
 70 OmyAC19ROGR    (0)    1 :  0.201 0.120 0.679 
 71 OmyAC19ROGR    (0)    1 :  0.592 0.161 0.247 
 72 OmyAC19ROGR    (5)    1 :  0.445 0.138 0.417 
 73 OmyAC19ROGR    (0)    1 :  0.219 0.339 0.443 
 74 OmyAC19ROGR    (0)    1 :  0.210 0.204 0.586 
 75 OmyAC19ROGR    (0)    1 :  0.258 0.292 0.449 
 76 OmyAC19ROGR    (0)    1 :  0.283 0.166 0.550 
 77 OmyAC19ROGR    (1)    1 :  0.052 0.897 0.050 
 78 OmyAC19ROGR    (0)    1 :  0.139 0.103 0.759 
 79 OmyAC19ROGR    (3)    1 :  0.250 0.209 0.541 
 80 OmyAC19ROGR    (0)    1 :  0.113 0.789 0.098 
 81 OmyAC19ROGR    (3)    1 :  0.238 0.471 0.291 
 82 OmyAC19ROGR    (1)    1 :  0.813 0.049 0.139 
 83 OmyAC19ROGR    (0)    1 :  0.329 0.136 0.534 
 84 OmyAC19ROGR    (0)    1 :  0.484 0.219 0.297 
 85 OmyAC19ROGR    (7)    1 :  0.329 0.162 0.509 
 86 OmyAC19ROGR    (0)    1 :  0.254 0.230 0.516 
 87 OmyAC19ROGR    (0)    1 :  0.328 0.140 0.532 
 88 OmyJC19ROGR    (0)    2 :  0.064 0.838 0.098 
 89 OmyJC19ROGR    (0)    2 :  0.419 0.190 0.391 
 90 OmyJC19ROGR    (0)    2 :  0.054 0.870 0.075 
 91 OmyJC19ROGR    (0)    2 :  0.610 0.054 0.336 
 92 OmyJC19ROGR    (0)    2 :  0.193 0.158 0.649 
 93 OmyJC19ROGR    (0)    2 :  0.344 0.161 0.496 
 94 OmyJC19ROGR    (0)    2 :  0.149 0.275 0.575 
 95 OmyJC19ROGR    (0)    2 :  0.268 0.327 0.405 
 96 OmyJC19ROGR    (0)    2 :  0.304 0.385 0.311 
 97 OmyJC19ROGR    (0)    2 :  0.284 0.451 0.265 
 98 OmyJC19ROGR    (0)    2 :  0.514 0.145 0.341 
 99 OmyJC19ROGR    (0)    2 :  0.507 0.160 0.333 
100 OmyJC19ROGR    (0)    2 :  0.532 0.123 0.345 
101 OmyJC19ROGR    (1)    2 :  0.215 0.598 0.187 
102 OmyJC19ROGR    (0)    2 :  0.462 0.236 0.302 
103 OmyJC19ROGR    (0)    2 :  0.253 0.464 0.283 
104 OmyJC19ROGR    (0)    2 :  0.614 0.094 0.292 
105 OmyJC19ROGR    (0)    2 :  0.306 0.409 0.285 
106 OmyJC19ROGR    (0)    2 :  0.065 0.857 0.078 
107 OmyJC19ROGR    (0)    2 :  0.508 0.348 0.144 
108 OmyJC19ROGR    (0)    2 :  0.289 0.220 0.492 
109 OmyJC19ROGR    (0)    2 :  0.371 0.305 0.324 
110 OmyJC19ROGR    (0)    2 :  0.193 0.600 0.208 
111 OmyJC19ROGR    (0)    2 :  0.721 0.146 0.133 
112 OmyJC19ROGR    (2)    2 :  0.391 0.377 0.232 
113 OmyJC19ROGR    (0)    2 :  0.146 0.618 0.236 
114 OmyJC19ROGR    (5)    2 :  0.209 0.143 0.648 
115 OmyJC19ROGR    (0)    2 :  0.191 0.110 0.699 
116 OmyJC19ROGR    (0)    2 :  0.194 0.284 0.522 
117 OmyJC19ROGR    (0)    2 :  0.319 0.270 0.411 
118 OmyJC19ROGR    (0)    2 :  0.448 0.092 0.460 
119 OmyJC19ROGR    (2)    2 :  0.276 0.122 0.602 
120 OmyJC19ROGR    (0)    2 :  0.661 0.088 0.251 
121 OmyJC19ROGR    (0)    2 :  0.702 0.092 0.206 
122 OmyJC19ROGR    (0)    2 :  0.350 0.166 0.484 
123 OmyJC19ROGR    (1)    2 :  0.388 0.068 0.544 
124 OmyJC19ROGR    (0)    2 :  0.171 0.355 0.474 
125 OmyJC19ROGR    (0)    2 :  0.282 0.239 0.479 
126 OmyJC19ROGR    (0)    2 :  0.082 0.775 0.143 
127 OmyJC19ROGR    (0)    2 :  0.574 0.116 0.310 
128 OmyJC19ROGR    (1)    2 :  0.420 0.114 0.466 
129 OmyJC19ROGR    (0)    2 :  0.137 0.422 0.441 
130 OmyJC19ROGR    (2)    2 :  0.152 0.258 0.590 
131 OmyJC19ROGR    (0)    2 :  0.609 0.181 0.210 
132 OmyJC19ROGR    (0)    2 :  0.316 0.190 0.494 
133 OmyJC19ROGR    (0)    2 :  0.321 0.089 0.589 
134 OmyJC19ROGR    (0)    2 :  0.422 0.149 0.429 
135 OmyJC19ROGR    (0)    2 :  0.676 0.159 0.166 
136 OmyJC19ROGR    (4)    2 :  0.288 0.227 0.485 
137 OmyJC19ROGR    (0)    2 :  0.366 0.338 0.296 
138 OmyJC19ROGR    (0)    2 :  0.196 0.696 0.108 
139 OmyJC19ROGR    (3)    2 :  0.544 0.102 0.354 
140 OmyJC19ROGR    (1)    2 :  0.204 0.251 0.544 
141 OmyJC19ROGR    (0)    2 :  0.183 0.330 0.486 
142 OmyJC19ROGR    (0)    2 :  0.264 0.548 0.188 
143 OmyJC19ROGR    (0)    2 :  0.266 0.312 0.422 
144 OmyJC19ROGR    (0)    2 :  0.689 0.073 0.238 
145 OmyJC19ROGR    (0)    2 :  0.413 0.127 0.460 
146 OmyJC19ROGR    (1)    2 :  0.475 0.228 0.297 
147 OmyJC19ROGR    (0)    2 :  0.498 0.348 0.154 
148 OmyJC19ROGR    (0)    2 :  0.730 0.137 0.133 
149 OmyJC19ROGR    (0)    2 :  0.502 0.123 0.374 
150 OmyJC19ROGR    (1)    2 :  0.222 0.188 0.590 
151 OmyJC19ROGR    (0)    2 :  0.166 0.264 0.570 
152 OmyJC19ROGR    (0)    2 :  0.623 0.121 0.255 
153 OmyJC19ROGR    (0)    2 :  0.643 0.195 0.162 
154 OmyJC19ROGR    (0)    2 :  0.512 0.218 0.270 
155 OmyJC19ROGR    (0)    2 :  0.211 0.172 0.617 
156 OmyJC19ROGR    (0)    2 :  0.431 0.229 0.340 
157 OmyJC19ROGR    (0)    2 :  0.238 0.385 0.377 
158 OmyJC19ROGR    (0)    2 :  0.598 0.058 0.344 
159 OmyJC19ROGR    (0)    2 :  0.323 0.123 0.554 
160 OmyJC19ROGR    (0)    2 :  0.359 0.270 0.371 
161 OmyJC19ROGR    (1)    2 :  0.743 0.093 0.164 
162 OmyJC19ROGR    (0)    2 :  0.373 0.390 0.237 
163 OmyJC19ROGR    (0)    2 :  0.576 0.221 0.203 
164 OmyJC19ROGR    (0)    2 :  0.596 0.073 0.332 
165 OmyJC19ROGR    (0)    2 :  0.474 0.097 0.429 
166 OmyJC19ROGR    (0)    2 :  0.190 0.188 0.622 
167 OmyJC19ROGR    (0)    2 :  0.404 0.292 0.304 
168 OmyJC19ROGR    (0)    2 :  0.252 0.219 0.529 
169 OmyJC19ROGR    (0)    2 :  0.049 0.874 0.077 
170 OmyJC19ROGR    (0)    2 :  0.309 0.226 0.464 
171 OmyJC19ROGR    (0)    2 :  0.349 0.131 0.520 
172 OmyJC19ROGR    (0)    2 :  0.398 0.434 0.168 
173 OmyJC19ROGR    (0)    2 :  0.081 0.834 0.085 
174 OmyJC19ROGR    (0)    2 :  0.235 0.116 0.649 
175 OmyJC19ROGR    (0)    2 :  0.240 0.121 0.639 
176 OmyJC19ROGR    (0)    2 :  0.429 0.368 0.203 
177 OmyJC19ROGR    (0)    2 :  0.806 0.062 0.132 
178 OmyJC19ROGR    (0)    2 :  0.325 0.146 0.529 
179 OmyJC19ROGR    (0)    2 :  0.258 0.148 0.594 
180 OmyJC19ROGR    (0)    2 :  0.090 0.832 0.077 
181 OmyJC19ROGR    (0)    2 :  0.194 0.235 0.571 
182 OmyJC19ROGR    (0)    2 :  0.515 0.214 0.271 
183 OmyJC19ROGR    (0)    2 :  0.544 0.147 0.310 
184 OmyJC19ROGR    (0)    2 :  0.162 0.723 0.116 
185 OmyJC19ROGR    (0)    2 :  0.224 0.071 0.705 
186 OmyJC19ROGR    (0)    2 :  0.298 0.443 0.259 
187 OmyJC19ROGR    (0)    2 :  0.170 0.141 0.689 
188 OmyJC19ROGR    (0)    2 :  0.378 0.132 0.490 
189 OmyJC19ROGR    (0)    2 :  0.284 0.435 0.281 
190 OmyJC19ROGR    (0)    2 :  0.519 0.218 0.263 
191 OmyJC19ROGR    (0)    2 :  0.327 0.184 0.490 
192 OmyJC19ROGR    (0)    2 :  0.272 0.100 0.628 
193 OmyJC19ROGR    (0)    2 :  0.483 0.365 0.152 
194 OmyJC19ROGR    (0)    2 :  0.649 0.074 0.277 
195 OmyJC19ROGR    (0)    2 :  0.071 0.779 0.150 
196 OmyJC19ROGR    (0)    2 :  0.115 0.113 0.772 
197 OmyJC19ROGR    (0)    2 :  0.412 0.136 0.452 
198 OmyJC19ROGR    (0)    2 :  0.125 0.792 0.083 
199 OmyJC19ROGR    (0)    2 :  0.524 0.086 0.390 
200 OmyJC19ROGR    (0)    2 :  0.320 0.346 0.334 
201 OmyJC19ROGR    (0)    2 :  0.588 0.081 0.331 
202 OmyJC19ROGR    (0)    2 :  0.592 0.081 0.327 
203 OmyJC19ROGR    (0)    2 :  0.287 0.120 0.592 
204 OmyJC19ROGR    (0)    2 :  0.375 0.237 0.389 
205 OmyJC19ROGR    (0)    2 :  0.415 0.293 0.292 
206 OmyJC19ROGR    (0)    2 :  0.050 0.890 0.061 
207 OmyJC19ROGR    (0)    2 :  0.322 0.525 0.153 
208 OmyJC19ROGR    (0)    2 :  0.450 0.158 0.392 
209 OmyJC19ROGR    (0)    2 :  0.292 0.475 0.233 
210 OmyJC19ROGR    (0)    2 :  0.048 0.868 0.084 
211 OmyJC19ROGR    (0)    2 :  0.458 0.281 0.262 
212 OmyJC19ROGR    (1)    2 :  0.541 0.347 0.112 
213 OmyJC19ROGR    (1)    2 :  0.186 0.245 0.568 
214 OmyJC19ROGR    (0)    2 :  0.514 0.301 0.185 
215 OmyJC19ROGR    (0)    2 :  0.321 0.087 0.592 
216 OmyJC19ROGR    (0)    2 :  0.270 0.569 0.161 
217 OmyJC19ROGR    (0)    2 :  0.152 0.673 0.175 
218 OmyJC19ROGR    (0)    2 :  0.291 0.184 0.525 
219 OmyJC19ROGR    (0)    2 :  0.379 0.403 0.218 
220 OmyJC19ROGR    (0)    2 :  0.712 0.049 0.239 
221 OmyJC19ROGR    (0)    2 :  0.542 0.304 0.154 
222 OmyJC19ROGR    (0)    2 :  0.364 0.123 0.513 
223 OmyJC19ROGR    (0)    2 :  0.455 0.271 0.274 
224 OmyJC19ROGR    (1)    2 :  0.273 0.203 0.524 
225 OmyJC19ROGR    (0)    2 :  0.176 0.765 0.058 
226 OmyJC19ROGR    (0)    2 :  0.093 0.483 0.425 
227 OmyJC19ROGR    (0)    2 :  0.066 0.853 0.081 
228 OmyJC19ROGR    (0)    2 :  0.450 0.133 0.417 
229 OmyJC19ROGR    (0)    2 :  0.451 0.121 0.428 
230 OmyJC19ROGR    (0)    2 :  0.378 0.354 0.268 
231 OmyJC19ROGR    (0)    2 :  0.464 0.303 0.234 
232 OmyJC19ROGR    (2)    2 :  0.458 0.256 0.286 
233 OmyJC19ROGR    (0)    2 :  0.382 0.366 0.253 
234 OmyJC19ROGR    (0)    2 :  0.054 0.882 0.064 
235 OmyJC19ROGR    (0)    2 :  0.138 0.726 0.136 
236 OmyJC19ROGR    (0)    2 :  0.761 0.106 0.134 
237 OmyJC19ROGR    (0)    2 :  0.564 0.242 0.195 
238 OmyJC19ROGR    (0)    2 :  0.688 0.176 0.136 
239 OmyJC19ROGR    (0)    2 :  0.401 0.163 0.436 
240 OmyJC19ROGR    (0)    2 :  0.297 0.197 0.505 
241 OmyJC19ROGR    (0)    2 :  0.174 0.403 0.423 
242 OmyJC19ROGR    (0)    2 :  0.687 0.072 0.242 
243 OmyJC19ROGR    (0)    2 :  0.423 0.141 0.436 
244 OmyJC19ROGR    (0)    2 :  0.356 0.153 0.491 
245 OmyJC19ROGR    (0)    2 :  0.063 0.861 0.076 
246 OmyJC19ROGR    (0)    2 :  0.398 0.318 0.284 
247 OmyJC19ROGR    (0)    2 :  0.121 0.730 0.149 
248 OmyJC19ROGR    (0)    2 :  0.131 0.501 0.368 
249 OmyJC19ROGR    (0)    2 :  0.183 0.235 0.581 
250 OmyJC19ROGR    (0)    2 :  0.233 0.239 0.528 
251 OmyJC19ROGR    (0)    2 :  0.168 0.170 0.662 
252 OmyJC19ROGR    (0)    2 :  0.482 0.218 0.300 
253 OmyJC19ROGR    (0)    2 :  0.142 0.239 0.620 
254 OmyJC19ROGR    (0)    2 :  0.214 0.297 0.489 
255 OmyJC19ROGR    (0)    2 :  0.421 0.182 0.397 
256 OmyJC19ROGR    (0)    2 :  0.294 0.317 0.390 
257 OmyJC19ROGR    (0)    2 :  0.168 0.222 0.610 
258 OmyAC19ROGR    (0)    1 :  0.335 0.263 0.402 
259 OmyAC19ROGR    (0)    1 :  0.240 0.546 0.214 
260 OmyAC19ROGR    (0)    1 :  0.145 0.188 0.667 
261 OmyAC19ROGR    (0)    1 :  0.120 0.253 0.627 
262 OmyAC19ROGR    (0)    1 :  0.159 0.282 0.560 
263 OmyAC19ROGR    (0)    1 :  0.458 0.204 0.339 
264 OmyAC19ROGR    (0)    1 :  0.219 0.195 0.586 
265 OmyAC19ROGR    (0)    1 :  0.226 0.166 0.608 
266 OmyAC19ROGR    (0)    1 :  0.207 0.099 0.694 
267 OmyAC19ROGR    (0)    1 :  0.131 0.432 0.437 
268 OmyAC19ROGR    (0)    1 :  0.414 0.296 0.290 
269 OmyAC19ROGR    (1)    1 :  0.185 0.343 0.472 
270 OmyAC19ROGR    (0)    1 :  0.182 0.161 0.657 
271 OmyAC19ROGR    (0)    1 :  0.187 0.550 0.263 
272 OmyAC19ROGR    (0)    1 :  0.298 0.353 0.348 
273 OmyAC19ROGR    (0)    1 :  0.340 0.108 0.551 
274 OmyAC19ROGR    (0)    1 :  0.117 0.715 0.168 
275 OmyAC19ROGR    (0)    1 :  0.654 0.203 0.144 
276 OmyAC19ROGR    (0)    1 :  0.376 0.234 0.390 
277 OmyAC19ROGR    (0)    1 :  0.250 0.369 0.381 
278 OmyAC19ROGR    (0)    1 :  0.426 0.410 0.164 
279 OmyAC19ROGR    (0)    1 :  0.430 0.353 0.217 
280 OmyAC19ROGR    (0)    1 :  0.207 0.386 0.407 
281 OmyAC19ROGR    (0)    1 :  0.285 0.192 0.523 
282 OmyAC19ROGR    (0)    1 :  0.225 0.361 0.414 
283 OmyAC19ROGR    (0)    1 :  0.408 0.276 0.316 
284 OmyAC19ROGR    (0)    1 :  0.320 0.136 0.544 
285 OmyAC19ROGR    (0)    1 :  0.344 0.150 0.507 
286 OmyAC19ROGR    (0)    1 :  0.353 0.109 0.538 
287 OmyAC19ROGR    (0)    1 :  0.035 0.910 0.055 
288 OmyAC19ROGR    (0)    1 :  0.302 0.628 0.070 
289 OmyAC19ROGR    (0)    1 :  0.276 0.277 0.447 
290 OmyAC19ROGR    (1)    1 :  0.061 0.882 0.058 
291 OmyAC19ROGR    (0)    1 :  0.186 0.530 0.284 
292 OmyAC19ROGR    (0)    1 :  0.272 0.290 0.438 
293 OmyAC19ROGR    (0)    1 :  0.606 0.165 0.229 
294 OmyAC19ROGR    (0)    1 :  0.121 0.442 0.437 
295 OmyAC19ROGR    (0)    1 :  0.086 0.110 0.804 
296 OmyAC19ROGR    (0)    1 :  0.604 0.119 0.277 
297 OmyAC19ROGR    (0)    1 :  0.086 0.674 0.239 
298 OmyAC19ROGR    (0)    1 :  0.432 0.169 0.399 
299 OmyAC19ROGR    (0)    1 :  0.308 0.367 0.325 
300 OmyAC19ROGR    (0)    1 :  0.343 0.210 0.447 
301 OmyAC19ROGR    (0)    1 :  0.066 0.843 0.091 
302 OmyAC19ROGR    (0)    1 :  0.205 0.647 0.148 
303 OmyAC19ROGR    (0)    1 :  0.252 0.241 0.507 
304 OmyAC19ROGR    (0)    1 :  0.432 0.429 0.140 
305 OmyAC19ROGR    (0)    1 :  0.366 0.169 0.465 
306 OmyAC19ROGR    (0)    1 :  0.100 0.626 0.273 
307 OmyAC19ROGR    (1)    1 :  0.405 0.134 0.461 
308 OmyAC19ROGR    (0)    1 :  0.204 0.295 0.501 
309 OmyAC19ROGR    (0)    1 :  0.076 0.778 0.145 
310 OmyAC19ROGR    (0)    1 :  0.167 0.443 0.390 
311 OmyAC19ROGR    (0)    1 :  0.128 0.674 0.198 
312 OmyAC19ROGR    (0)    1 :  0.290 0.188 0.523 
313 OmyAC19ROGR    (0)    1 :  0.480 0.194 0.326 
314 OmyAC19ROGR    (0)    1 :  0.409 0.293 0.298 
315 OmyAC19ROGR    (0)    1 :  0.139 0.302 0.559 
316 OmyAC19ROGR    (0)    1 :  0.099 0.108 0.792 
317 OmyAC19ROGR    (0)    1 :  0.672 0.129 0.199 
318 OmyAC19ROGR    (0)    1 :  0.523 0.081 0.396 
319 OmyAC19ROGR    (0)    1 :  0.419 0.075 0.506 
320 OmyAC19ROGR    (0)    1 :  0.548 0.064 0.388 
321 OmyAC19ROGR    (0)    1 :  0.289 0.106 0.605 
322 OmyAC19ROGR    (0)    1 :  0.140 0.517 0.343 
323 OmyAC19ROGR    (0)    1 :  0.322 0.197 0.481 
324 OmyAC19ROGR    (0)    1 :  0.200 0.113 0.687 
325 OmyAC19ROGR    (0)    1 :  0.192 0.401 0.407 
326 OmyAC19ROGR    (0)    1 :  0.226 0.144 0.630 
327 OmyAC19ROGR    (0)    1 :  0.185 0.133 0.682 
328 OmyAC20ROGR    (0)    1 :  0.482 0.138 0.380 
329 OmyAC20ROGR    (0)    1 :  0.407 0.313 0.281 
330 OmyAC20ROGR    (0)    1 :  0.399 0.335 0.267 
331 OmyAC20ROGR    (0)    1 :  0.155 0.670 0.175 
332 OmyAC20ROGR    (0)    1 :  0.238 0.372 0.390 
333 OmyAC20ROGR    (0)    1 :  0.159 0.394 0.447 
334 OmyAC20ROGR    (0)    1 :  0.206 0.232 0.563 
335 OmyAC20ROGR    (0)    1 :  0.214 0.114 0.672 
336 OmyAC20ROGR    (0)    1 :  0.256 0.342 0.402 
337 OmyAC20ROGR    (0)    1 :  0.213 0.597 0.190 
338 OmyAC20ROGR    (0)    1 :  0.145 0.234 0.621 
339 OmyAC20ROGR    (0)    1 :  0.373 0.224 0.402 
340 OmyAC20ROGR    (0)    1 :  0.327 0.199 0.474 
341 OmyAC20ROGR    (0)    1 :  0.563 0.177 0.260 
342 OmyAC20ROGR    (0)    1 :  0.394 0.356 0.250 
343 OmyAC20ROGR    (0)    1 :  0.624 0.144 0.232 
344 OmyAC20ROGR    (0)    1 :  0.288 0.467 0.245 
345 OmyAC20ROGR    (1)    1 :  0.089 0.305 0.607 
346 OmyAC20ROGR    (0)    1 :  0.159 0.407 0.435 
347 OmyAC20ROGR    (0)    1 :  0.333 0.427 0.240 
348 OmyAC20ROGR    (0)    1 :  0.467 0.292 0.241 
349 OmyAC20ROGR    (0)    1 :  0.543 0.130 0.327 
350 OmyAC20ROGR    (0)    1 :  0.700 0.182 0.118 
351 OmyAC20ROGR    (0)    1 :  0.238 0.216 0.546 
352 OmyAC20ROGR    (0)    1 :  0.324 0.143 0.533 
353 OmyAC20ROGR    (0)    1 :  0.227 0.250 0.523 
354 OmyAC20ROGR    (0)    1 :  0.338 0.483 0.180 
355 OmyAC20ROGR    (0)    1 :  0.611 0.269 0.120 
356 OmyAC20ROGR    (0)    1 :  0.228 0.410 0.362 
357 OmyAC20ROGR    (0)    1 :  0.359 0.174 0.467 
358 OmyAC20ROGR    (0)    1 :  0.353 0.138 0.510 
359 OmyAC20ROGR    (0)    1 :  0.271 0.527 0.202 
360 OmyAC20ROGR    (0)    1 :  0.197 0.374 0.429 
361 OmyAC20ROGR    (0)    1 :  0.619 0.119 0.262 
362 OmyAC20ROGR    (0)    1 :  0.272 0.284 0.444 
363 OmyAC20ROGR    (0)    1 :  0.351 0.506 0.142 
364 OmyAC20ROGR    (1)    1 :  0.338 0.180 0.483 
365 OmyAC20ROGR    (0)    1 :  0.281 0.112 0.606 
366 OmyAC20ROGR    (0)    1 :  0.182 0.086 0.732 
367 OmyAC20ROGR    (0)    1 :  0.188 0.222 0.590 
368 OmyAC20ROGR    (0)    1 :  0.309 0.161 0.530 
369 OmyAC20ROGR    (0)    1 :  0.347 0.467 0.186 
370 OmyAC20ROGR    (0)    1 :  0.102 0.739 0.158 
371 OmyAC20ROGR    (0)    1 :  0.099 0.787 0.114 
372 OmyAC20ROGR    (2)    1 :  0.080 0.829 0.091 
373 OmyAC20ROGR    (0)    1 :  0.205 0.679 0.116 
374 OmyAC20ROGR    (0)    1 :  0.343 0.092 0.565 
375 OmyAC20ROGR    (0)    1 :  0.288 0.280 0.433 
376 OmyAC20ROGR    (0)    1 :  0.333 0.374 0.293 
377 OmyAC20ROGR    (0)    1 :  0.363 0.105 0.532 
378 OmyAC20ROGR    (0)    1 :  0.459 0.104 0.437 
379 OmyAC20ROGR    (0)    1 :  0.211 0.575 0.215 
380 OmyAC20ROGR    (0)    1 :  0.120 0.110 0.769 
381 OmyAC20ROGR    (0)    1 :  0.322 0.323 0.355 
382 OmyAC20ROGR    (0)    1 :  0.077 0.828 0.095 
383 OmyAC20ROGR    (0)    1 :  0.107 0.283 0.610 
384 OmyAC20ROGR    (0)    1 :  0.212 0.528 0.260 
385 OmyAC20ROGR    (0)    1 :  0.323 0.395 0.282 
386 OmyAC20ROGR    (0)    1 :  0.156 0.449 0.394 
387 OmyAC20ROGR    (0)    1 :  0.111 0.564 0.325 
388 OmyAC20ROGR    (0)    1 :  0.195 0.582 0.223 
389 OmyAC20ROGR    (0)    1 :  0.171 0.162 0.667 
390 OmyAC20ROGR    (0)    1 :  0.807 0.055 0.137 
391 OmyAC20ROGR    (0)    1 :  0.246 0.633 0.120 
392 OmyAC20ROGR    (0)    1 :  0.244 0.539 0.217 
393 OmyAC20ROGR    (0)    1 :  0.438 0.248 0.313 
394 OmyAC20ROGR    (0)    1 :  0.331 0.344 0.325 
395 OmyAC20ROGR    (0)    1 :  0.458 0.229 0.313 
396 OmyAC20ROGR    (0)    1 :  0.361 0.242 0.396 
397 OmyAC20ROGR    (0)    1 :  0.149 0.370 0.481 
398 OmyAC20ROGR    (0)    1 :  0.110 0.683 0.206 
399 OmyAC20ROGR    (0)    1 :  0.122 0.368 0.510 
400 OmyAC20ROGR    (0)    1 :  0.147 0.268 0.585 
401 OmyAC20ROGR    (0)    1 :  0.152 0.745 0.104 
402 OmyAC20ROGR    (0)    1 :  0.678 0.064 0.257 
403 OmyAC20ROGR    (0)    1 :  0.322 0.301 0.377 
404 OmyAC20ROGR    (0)    1 :  0.368 0.079 0.553 
405 OmyAC20ROGR    (0)    1 :  0.317 0.520 0.163 
406 OmyAC20ROGR    (0)    1 :  0.457 0.154 0.388 
407 OmyAC20ROGR    (0)    1 :  0.131 0.153 0.716 
408 OmyAC20ROGR    (0)    1 :  0.628 0.261 0.111 
409 OmyAC20ROGR    (0)    1 :  0.258 0.158 0.584 
410 OmyAC20ROGR    (0)    1 :  0.052 0.821 0.126 
411 OmyAC20ROGR    (0)    1 :  0.136 0.696 0.168 
412 OmyAC20ROGR    (0)    1 :  0.302 0.424 0.275 
413 OmyAC20ROGR    (0)    1 :  0.176 0.283 0.541 
414 OmyAC20ROGR    (0)    1 :  0.229 0.515 0.256 
415 OmyAC20ROGR    (0)    1 :  0.260 0.150 0.590 
416 OmyAC20ROGR    (0)    1 :  0.226 0.170 0.604 
417 OmyAC20ROGR    (0)    1 :  0.242 0.090 0.668 
418 OmyAC20ROGR    (0)    1 :  0.251 0.384 0.365 
419 OmyAC20ROGR    (0)    1 :  0.229 0.587 0.184 
420 OmyAC20ROGR    (0)    1 :  0.664 0.156 0.180 
421 OmyAC20ROGR    (0)    1 :  0.191 0.246 0.563 
422 OmyAC20ROGR    (0)    1 :  0.064 0.860 0.077 
423 OmyAC20ROGR    (0)    1 :  0.130 0.129 0.741 
424 OmyAC20ROGR    (0)    1 :  0.673 0.099 0.227 
425 OmyAC20ROGR    (0)    1 :  0.082 0.836 0.082 
426 OmyAC20ROGR    (0)    1 :  0.163 0.174 0.663 
427 OmyAC20ROGR    (0)    1 :  0.218 0.214 0.569 
428 OmyAC20ROGR    (0)    1 :  0.073 0.818 0.109 
429 OmyAC20ROGR    (0)    1 :  0.665 0.104 0.231 
430 OmyAC20ROGR    (0)    1 :  0.319 0.232 0.449 
431 OmyAC20ROGR    (0)    1 :  0.128 0.646 0.226 
432 OmyAC20ROGR    (0)    1 :  0.062 0.869 0.070 
433 OmyAC20ROGR    (0)    1 :  0.216 0.712 0.072 
434 OmyAC20ROGR    (0)    1 :  0.154 0.539 0.306 
435 OmyAC20ROGR    (0)    1 :  0.148 0.145 0.707 
436 OmyAC20ROGR    (0)    1 :  0.135 0.204 0.661 
437 OmyAC20ROGR    (0)    1 :  0.176 0.708 0.115 
438 OmyAC20ROGR    (0)    1 :  0.198 0.542 0.260 
439 OmyAC20ROGR    (0)    1 :  0.111 0.234 0.655 
440 OmyAC20ROGR    (0)    1 :  0.122 0.688 0.190 
441 OmyAC20ROGR    (0)    1 :  0.546 0.117 0.337 
442 OmyAC20ROGR    (0)    1 :  0.297 0.264 0.439 
443 OmyAC20ROGR    (0)    1 :  0.194 0.149 0.657 
444 OmyAC20ROGR    (0)    1 :  0.129 0.440 0.431 
445 OmyAC20ROGR    (0)    1 :  0.338 0.335 0.327 
446 OmyJC18ROGR    (0)    2 :  0.337 0.451 0.212 
447 OmyJC18ROGR    (0)    2 :  0.365 0.268 0.367 
448 OmyJC18ROGR    (0)    2 :  0.252 0.267 0.481 
449 OmyJC18ROGR    (0)    2 :  0.280 0.617 0.102 
450 OmyJC18ROGR    (0)    2 :  0.135 0.687 0.178 
451 OmyJC18ROGR    (0)    2 :  0.062 0.815 0.123 
452 OmyJC18ROGR    (0)    2 :  0.181 0.463 0.356 
453 OmyJC18ROGR    (0)    2 :  0.813 0.081 0.106 
454 OmyJC18ROGR    (0)    2 :  0.094 0.798 0.108 
455 OmyJC18ROGR    (0)    2 :  0.285 0.257 0.459 
456 OmyJC18ROGR    (0)    2 :  0.068 0.843 0.089 
457 OmyJC18ROGR    (0)    2 :  0.112 0.236 0.652 
458 OmyJC18ROGR    (0)    2 :  0.556 0.292 0.152 
459 OmyJC18ROGR    (1)    2 :  0.242 0.077 0.681 
460 OmyJC18ROGR    (2)    2 :  0.293 0.344 0.363 
461 OmyJC18ROGR    (2)    2 :  0.164 0.525 0.311 
462 OmyJC18ROGR    (3)    2 :  0.353 0.432 0.215 
463 OmyJC18ROGR    (0)    2 :  0.138 0.765 0.097 
464 OmyJC18ROGR    (4)    2 :  0.259 0.089 0.652 
465 OmyJC18ROGR    (3)    2 :  0.394 0.231 0.375 
466 OmyJC18ROGR    (0)    2 :  0.249 0.326 0.425 
467 OmyJC18ROGR    (0)    2 :  0.217 0.192 0.591 
468 OmyJC18ROGR    (0)    2 :  0.502 0.282 0.216 
469 OmyJC18ROGR    (0)    2 :  0.060 0.822 0.119 
470 OmyJC18ROGR    (5)    2 :  0.213 0.598 0.188 
471 OmyJC18ROGR    (1)    2 :  0.241 0.344 0.415 
472 OmyJC18ROGR    (2)    2 :  0.198 0.235 0.567 
473 OmyJC18ROGR    (3)    2 :  0.426 0.117 0.457 
474 OmyJC18ROGR    (0)    2 :  0.787 0.107 0.106 
475 OmyJC18ROGR    (2)    2 :  0.218 0.570 0.212 
476 OmyJC18ROGR    (1)    2 :  0.172 0.133 0.696 
477 OmyJC18ROGR    (4)    2 :  0.424 0.357 0.219 
478 OmyJC18ROGR    (0)    2 :  0.354 0.179 0.468 
479 OmyJC18ROGR    (0)    2 :  0.183 0.105 0.711 
480 OmyJC18ROGR    (1)    2 :  0.330 0.293 0.377 
481 OmyJC18ROGR    (3)    2 :  0.412 0.208 0.381 
482 OmyJC18ROGR    (3)    2 :  0.598 0.091 0.311 
483 OmyJC18ROGR    (4)    2 :  0.530 0.117 0.352 
484 OmyJC18ROGR    (4)    2 :  0.361 0.169 0.470 
485 OmyJC18ROGR    (3)    2 :  0.289 0.538 0.173 
486 OmyJC18ROGR    (3)    2 :  0.236 0.544 0.220 
487 OmyJC18ROGR    (1)    2 :  0.509 0.272 0.219 
488 OmyJC18ROGR    (5)    2 :  0.286 0.168 0.546 
489 OmyJC18ROGR    (0)    2 :  0.356 0.128 0.516 
490 OmyJC18ROGR    (3)    2 :  0.231 0.228 0.541 
491 OmyJC18ROGR    (7)    2 :  0.698 0.187 0.115 
492 OmyJC18ROGR    (6)    2 :  0.792 0.077 0.131 
493 OmyJC18ROGR    (3)    2 :  0.160 0.269 0.571 
494 OmyJC18ROGR    (3)    2 :  0.087 0.802 0.111 
495 OmyJC18ROGR    (5)    2 :  0.232 0.496 0.272 
496 OmyJC18ROGR    (0)    2 :  0.327 0.244 0.429 
497 OmyJC18ROGR    (5)    2 :  0.693 0.085 0.222 
498 OmyJC18ROGR    (6)    2 :  0.193 0.297 0.510 
499 OmyJC18ROGR    (0)    2 :  0.172 0.124 0.703 
500 OmyJC18ROGR    (1)    2 :  0.599 0.158 0.243 
501 OmyJC18ROGR    (4)    2 :  0.183 0.569 0.249 
502 OmyJC18ROGR    (2)    2 :  0.393 0.373 0.234 
503 OmyJC18ROGR    (5)    2 :  0.483 0.161 0.356 
504 OmyJC18ROGR    (2)    2 :  0.269 0.415 0.316 
505 OmyJC18ROGR    (0)    2 :  0.293 0.429 0.278 
506 OmyJC18ROGR    (8)    2 :  0.565 0.179 0.256 
507 OmyJC18ROGR    (0)    2 :  0.458 0.288 0.255 
508 OmyJC18ROGR    (0)    2 :  0.448 0.318 0.234 
509 OmyJC18ROGR    (1)    2 :  0.058 0.881 0.061 
510 OmyJC18ROGR    (1)    2 :  0.226 0.228 0.546 
511 OmyJC18ROGR    (5)    2 :  0.378 0.314 0.308 
512 OmyJC18ROGR    (2)    2 :  0.141 0.761 0.098 
513 OmyJC18ROGR    (9)    2 :  0.315 0.472 0.213 
514 OmyJC18ROGR    (4)    2 :  0.318 0.486 0.197 
515 OmyJC18ROGR    (1)    2 :  0.581 0.209 0.211 
516 OmyJC18ROGR    (3)    2 :  0.219 0.302 0.479 
517 OmyJC18ROGR    (3)    2 :  0.196 0.594 0.210 
518 OmyJC18ROGR    (0)    2 :  0.578 0.188 0.234 
519 OmyJC18ROGR    (9)    2 :  0.395 0.184 0.421 
520 OmyJC18ROGR    (6)    2 :  0.263 0.290 0.447 
521 OmyJC18ROGR    (2)    2 :  0.418 0.281 0.301 
522 OmyJC18ROGR    (1)    2 :  0.207 0.257 0.536 
523 OmyJC18ROGR    (4)    2 :  0.375 0.218 0.406 
524 OmyJC18ROGR    (0)    2 :  0.147 0.190 0.662 
525 OmyJC18ROGR    (2)    2 :  0.516 0.192 0.292 
526 OmyJC18ROGR    (3)    2 :  0.534 0.216 0.250 
527 OmyJC18ROGR    (0)    2 :  0.268 0.156 0.576 
528 OmyJC18ROGR    (0)    2 :  0.425 0.129 0.447 
529 OmyJC18ROGR    (1)    2 :  0.204 0.168 0.628 
530 OmyJC18ROGR    (0)    2 :  0.522 0.119 0.360 
531 OmyJC18ROGR    (0)    2 :  0.121 0.325 0.554 
532 OmyJC18ROGR    (2)    2 :  0.462 0.101 0.437 
533 OmyJC18ROGR    (2)    2 :  0.214 0.071 0.714 
534 OmyJC18ROGR    (2)    2 :  0.350 0.203 0.448 
535 OmyJC18ROGR    (0)    2 :  0.261 0.169 0.570 
536 OmyJC18ROGR    (0)    2 :  0.348 0.125 0.526 
537 OmyJC18ROGR    (0)    2 :  0.426 0.084 0.490 
538 OmyJC18ROGR    (0)    2 :  0.272 0.188 0.541 
539 OmyJC18ROGR    (0)    2 :  0.283 0.155 0.562 
540 OmyJC18ROGR    (8)    2 :  0.674 0.188 0.138 
541 OmyJC18ROGR    (1)    2 :  0.253 0.226 0.522 
542 OmyJC18ROGR    (1)    2 :  0.408 0.409 0.183 
543 OmyJC18ROGR    (0)    2 :  0.570 0.209 0.221 
544 OmyJC18ROGR    (2)    2 :  0.328 0.149 0.522 
545 OmyJC18ROGR    (1)    2 :  0.126 0.608 0.266 
546 OmyJC18ROGR    (9)    2 :  0.415 0.089 0.496 
547 OmyJC18ROGR    (0)    2 :  0.151 0.291 0.558 
548 OmyJC18ROGR    (0)    2 :  0.398 0.375 0.227 
549 OmyJC18ROGR    (0)    2 :  0.319 0.257 0.424 
550 OmyJC18ROGR    (1)    2 :  0.148 0.633 0.219 
551 OmyJC18ROGR    (1)    2 :  0.506 0.162 0.332 
552 OmyJC18ROGR    (2)    2 :  0.166 0.274 0.560 
553 OmyJC18ROGR   (10)    2 :  0.401 0.166 0.433 
554 OmyJC18ROGR    (2)    2 :  0.468 0.155 0.377 
555 OmyJC18ROGR    (4)    2 :  0.451 0.134 0.415 
556 OmyJC18ROGR    (0)    2 :  0.427 0.241 0.332 
557 OmyJC18ROGR    (2)    2 :  0.261 0.405 0.334 
558 OmyJC18ROGR    (0)    2 :  0.135 0.458 0.407 
559 OmyJC18ROGR    (0)    2 :  0.650 0.164 0.186 
560 OmyJC18ROGR    (8)    2 :  0.378 0.291 0.331 
561 OmyJC18ROGR    (0)    2 :  0.177 0.087 0.736 
562 OmyJC18ROGR    (8)    2 :  0.395 0.275 0.330 
563 OmyJC18ROGR    (2)    2 :  0.423 0.200 0.378 
564 OmyJC18ROGR    (4)    2 :  0.276 0.218 0.505 
565 OmyJC18ROGR    (3)    2 :  0.397 0.304 0.299 
566 OmyJC18ROGR    (1)    2 :  0.346 0.326 0.327 
567 OmyJC18ROGR    (0)    2 :  0.506 0.179 0.315 
568 OmyJC18ROGR    (5)    2 :  0.275 0.338 0.387 
569 OmyJC18ROGR    (2)    2 :  0.728 0.106 0.166 
570 OmyJC18ROGR    (0)    2 :  0.232 0.183 0.584 
571 OmyJC18ROGR    (2)    2 :  0.182 0.188 0.630 
572 OmyJC18ROGR    (6)    2 :  0.502 0.167 0.331 
573 OmyJC18ROGR    (5)    2 :  0.215 0.549 0.236 
574 OmyJC18ROGR    (8)    2 :  0.222 0.327 0.451 
575 OmyJC18ROGR    (3)    2 :  0.421 0.113 0.465 
576 OmyJC18ROGR    (0)    2 :  0.574 0.252 0.174 
577 OmyJC18ROGR    (0)    2 :  0.057 0.874 0.070 
578 OmyJC18ROGR    (1)    2 :  0.265 0.164 0.571 
579 OmyJC18ROGR    (0)    2 :  0.071 0.699 0.230 
580 OmyJC18ROGR    (0)    2 :  0.525 0.102 0.372 
581 OmyJC18ROGR    (6)    2 :  0.544 0.165 0.292 
582 OmyJC18ROGR    (7)    2 :  0.393 0.100 0.506 
583 OmyJC18ROGR    (3)    2 :  0.399 0.154 0.446 
584 OmyJC18ROGR    (5)    2 :  0.378 0.173 0.449 
585 OmyJC18ROGR    (1)    2 :  0.160 0.283 0.557 
586 OmyJC18ROGR    (2)    2 :  0.382 0.090 0.528 
587 OmyJC18ROGR    (0)    2 :  0.047 0.904 0.049 
588 OmyJC18ROGR    (0)    2 :  0.303 0.392 0.305 
589 OmyJC18ROGR    (1)    2 :  0.533 0.215 0.252 
590 OmyJC18ROGR    (2)    2 :  0.194 0.049 0.757 
591 OmyJC18ROGR    (0)    2 :  0.337 0.150 0.514 
592 OmyJC18ROGR    (4)    2 :  0.404 0.173 0.423 
593 OmyJC18ROGR    (0)    2 :  0.285 0.323 0.393 
594 OmyJC18ROGR    (1)    2 :  0.225 0.126 0.649 
595 OmyJC18ROGR    (0)    2 :  0.489 0.361 0.150 
596 OmyJC18ROGR    (0)    2 :  0.368 0.228 0.403 
597 OmyJC18ROGR    (0)    2 :  0.519 0.264 0.217 
598 OmyJC18ROGR    (0)    2 :  0.432 0.167 0.402 
599 OmyJC18ROGR    (0)    2 :  0.216 0.307 0.477 
600 OmyJC18ROGR    (0)    2 :  0.248 0.207 0.545 
601 OmyJC18ROGR    (0)    2 :  0.624 0.078 0.298 
602 OmyJC18ROGR    (0)    2 :  0.385 0.366 0.248 
603 OmyJC18ROGR    (0)    2 :  0.358 0.128 0.514 
604 OmyJC18ROGR    (0)    2 :  0.252 0.122 0.626 
605 OmyJC18ROGR    (0)    2 :  0.450 0.146 0.404 
606 OmyJC18ROGR    (0)    2 :  0.323 0.292 0.385 
607 OmyJC18ROGR    (0)    2 :  0.154 0.141 0.705 
608 OmyJC18ROGR    (0)    2 :  0.237 0.104 0.659 
609 OmyJC18ROGR    (0)    2 :  0.687 0.143 0.170 
610 OmyJC18ROGR    (6)    2 :  0.089 0.755 0.157 
611 OmyJC18ROGR    (0)    2 :  0.315 0.413 0.272 
612 OmyJC18ROGR    (3)    2 :  0.238 0.301 0.461 
613 OmyJC18ROGR    (0)    2 :  0.301 0.263 0.436 
614 OmyJC18ROGR    (0)    2 :  0.330 0.416 0.254 
615 OmyJC18ROGR    (0)    2 :  0.157 0.070 0.773 
616 OmyJC18ROGR    (0)    2 :  0.761 0.149 0.090 
617 OmyJC18ROGR    (0)    2 :  0.329 0.241 0.430 
618 OmyJC18ROGR    (0)    2 :  0.107 0.344 0.549 
619 OmyJC18ROGR    (0)    2 :  0.410 0.127 0.463 
620 OmyJC18ROGR    (0)    2 :  0.483 0.407 0.110 
621 OmyJC18ROGR    (2)    2 :  0.666 0.172 0.162 
622 OmyJC18ROGR    (3)    2 :  0.501 0.259 0.240 
623 OmyJC18ROGR    (1)    2 :  0.108 0.247 0.645 
624 OmyJC18ROGR    (2)    2 :  0.435 0.245 0.320 
625 OmyJC18ROGR    (1)    2 :  0.208 0.405 0.387 
626 OmyJC18ROGR    (9)    2 :  0.580 0.106 0.314 
627 OmyJC18ROGR    (0)    2 :  0.308 0.309 0.383 
628 OmyJC18ROGR    (0)    2 :  0.058 0.892 0.050 
629 OmyJC18ROGR    (2)    2 :  0.240 0.353 0.407 
630 OmyJC18ROGR    (1)    2 :  0.791 0.077 0.132 
631 OmyJC18ROGR    (4)    2 :  0.224 0.087 0.688 
632 OmyJC18ROGR    (0)    2 :  0.639 0.176 0.185 
633 OmyJC18ROGR    (7)    2 :  0.547 0.160 0.293 
634 OmyJC18ROGR    (2)    2 :  0.132 0.494 0.373 
635 OmyJC18ROGR    (0)    2 :  0.759 0.087 0.154 
636 OmyJC18ROGR    (0)    2 :  0.522 0.327 0.151 
637 OmyJC18ROGR    (0)    2 :  0.201 0.310 0.489 
638 OmyJC18ROGR    (0)    2 :  0.709 0.158 0.133 
639 OmyJC18ROGR    (1)    2 :  0.350 0.270 0.380 
640 OmyJC18ROGR    (2)    2 :  0.112 0.525 0.363 
641 OmyJC18ROGR    (1)    2 :  0.169 0.243 0.589 
642 OmyJC18ROGR    (3)    2 :  0.127 0.386 0.487 
643 OmyJC18ROGR    (1)    2 :  0.472 0.171 0.356 
644 OmyJC18ROGR   (10)    2 :  0.156 0.075 0.769 
645 OmyJC18ROGR    (6)    2 :  0.205 0.325 0.470 
646 OmyJC18ROGR    (0)    2 :  0.453 0.133 0.414 
647 OmyJC18ROGR    (2)    2 :  0.154 0.327 0.519 
648 OmyJC18ROGR    (0)    2 :  0.649 0.084 0.267 
649 OmyJC18ROGR    (0)    2 :  0.154 0.126 0.720 
650 OmyJC18ROGR    (1)    2 :  0.514 0.097 0.389 
651 OmyJC18ROGR    (6)    2 :  0.107 0.807 0.086 
652 OmyJC18ROGR    (1)    2 :  0.273 0.299 0.429 
653 OmyJC18ROGR    (4)    2 :  0.554 0.162 0.284 
654 OmyJC18ROGR    (1)    2 :  0.429 0.252 0.319 
655 OmyJC18ROGR    (4)    2 :  0.177 0.481 0.342 
656 OmyJC18ROGR    (0)    2 :  0.197 0.133 0.670 
657 OmyJC18ROGR    (0)    2 :  0.219 0.187 0.595 
658 OmyJC18ROGR    (0)    2 :  0.652 0.120 0.227 
659 OmyJC18ROGR    (7)    2 :  0.214 0.058 0.727 
660 OmyJC18ROGR    (4)    2 :  0.199 0.236 0.565 
661 OmyJC18ROGR    (3)    2 :  0.222 0.090 0.688 
662 OmyJC18ROGR    (2)    2 :  0.146 0.144 0.710 
663 OmyJC18ROGR    (2)    2 :  0.326 0.444 0.230 
664 OmyJC18ROGR    (0)    2 :  0.665 0.092 0.244 
665 OmyJC18ROGR    (1)    2 :  0.226 0.278 0.496 
666 OmyJC18ROGR    (0)    2 :  0.124 0.769 0.107 
667 OmyJC18ROGR    (0)    2 :  0.174 0.531 0.295 
668 OmyJC18ROGR    (1)    2 :  0.290 0.395 0.315 
669 OmyJC18ROGR    (5)    2 :  0.191 0.304 0.505 
670 OmyJC18ROGR   (10)    2 :  0.261 0.103 0.636 
671 OmyJC18ROGR    (3)    2 :  0.230 0.144 0.626 
672 OmyJC18ROGR    (0)    2 :  0.467 0.080 0.454 
673 OmyJC18ROGR    (6)    2 :  0.777 0.131 0.091 
674 OmyJC18ROGR    (0)    2 :  0.451 0.194 0.355 
675 OmyJC18ROGR    (0)    2 :  0.675 0.083 0.242 
676 OmyJC18ROGR    (1)    2 :  0.289 0.162 0.549 
677 OmyJC18ROGR    (4)    2 :  0.135 0.429 0.436 
678 OmyJC18ROGR    (9)    2 :  0.275 0.316 0.409 
679 OmyJC18ROGR    (1)    2 :  0.292 0.352 0.356 
680 OmyJC18ROGR    (1)    2 :  0.288 0.253 0.458 
681 OmyJC18ROGR    (1)    2 :  0.368 0.490 0.141 
682 OmyJC18ROGR    (2)    2 :  0.219 0.617 0.164 
683 OmyJC18ROGR    (0)    2 :  0.099 0.183 0.718 
684 OmyJC18ROGR    (0)    2 :  0.415 0.211 0.373 
685 OmyJC18ROGR    (0)    2 :  0.485 0.188 0.327 
686 OmyJC18ROGR    (0)    2 :  0.793 0.081 0.126 
687 OmyJC18ROGR    (4)    2 :  0.490 0.130 0.380 
688 OmyJC18ROGR    (2)    2 :  0.264 0.521 0.214 
689 OmyJC18ROGR    (2)    2 :  0.342 0.540 0.117 
690 OmyJC18ROGR    (6)    2 :  0.222 0.409 0.369 
691 OmyJC18ROGR    (7)    2 :  0.361 0.359 0.280 
692 OmyJC18ROGR    (0)    2 :  0.307 0.365 0.328 
693 OmyJC18ROGR    (3)    2 :  0.815 0.077 0.107 
694 OmyJC18ROGR    (0)    2 :  0.735 0.079 0.186 
695 OmyJC18ROGR    (0)    2 :  0.216 0.352 0.432 
696 OmyJC18ROGR    (0)    2 :  0.411 0.137 0.452 
697 OmyJC18ROGR    (3)    2 :  0.362 0.173 0.465 
698 OmyJC18ROGR    (0)    2 :  0.451 0.067 0.482 
699 OmyJC18ROGR    (0)    2 :  0.147 0.324 0.529 
700 OmyJC18ROGR    (0)    2 :  0.163 0.171 0.666 
701 OmyJC18ROGR    (0)    2 :  0.585 0.156 0.259 
702 OmyJC18ROGR    (1)    2 :  0.303 0.533 0.164 
703 OmyJC18ROGR    (0)    2 :  0.195 0.508 0.297 
704 OmyJC18ROGR    (0)    2 :  0.334 0.571 0.095 
705 OmyJC18ROGR    (0)    2 :  0.286 0.197 0.517 
706 OmyJC18ROGR    (0)    2 :  0.590 0.300 0.110 
707 OmyJC18ROGR    (2)    2 :  0.569 0.237 0.194 
708 OmyJC18ROGR    (1)    2 :  0.207 0.292 0.501 
709 OmyJC18ROGR    (0)    2 :  0.489 0.368 0.143 
710 OmyJC18ROGR    (0)    2 :  0.155 0.209 0.636 
711 OmyJC18ROGR    (0)    2 :  0.248 0.377 0.374 
712 OmyJC18ROGR    (1)    2 :  0.230 0.116 0.654 
713 OmyJC18ROGR    (0)    2 :  0.659 0.195 0.146 
714 OmyJC18ROGR    (0)    2 :  0.170 0.243 0.586 
715 OmyJC18ROGR    (0)    2 :  0.186 0.181 0.633 
716 OmyJC18ROGR    (0)    2 :  0.156 0.587 0.257 
717 OmyJC18ROGR    (2)    2 :  0.716 0.144 0.140 
718 OmyJC18ROGR    (1)    2 :  0.355 0.095 0.550 
719 OmyJC18ROGR    (9)    2 :  0.460 0.081 0.459 
720 OmyJC18ROGR    (4)    2 :  0.259 0.228 0.513 
721 OmyJC18ROGR    (2)    2 :  0.727 0.139 0.134 
722 OmyJC18ROGR    (0)    2 :  0.746 0.146 0.109 
723 OmyJC18ROGR    (0)    2 :  0.727 0.143 0.130 
724 OmyJC18ROGR    (0)    2 :  0.190 0.575 0.235 
725 OmyJC18ROGR    (0)    2 :  0.193 0.140 0.667 
726 OmyJC18ROGR    (0)    2 :  0.143 0.269 0.588 
727 OmyJC18ROGR    (1)    2 :  0.508 0.331 0.161 
728 OmyJC18ROGR    (1)    2 :  0.153 0.543 0.304 
729 OmyJC18ROGR    (1)    2 :  0.182 0.111 0.707 
730 OmyJC18ROGR    (0)    2 :  0.432 0.340 0.228 
731 OmyJC18ROGR    (2)    2 :  0.112 0.751 0.138 
732 OmyJC18ROGR    (1)    2 :  0.397 0.378 0.225 
733 OmyJC18ROGR    (0)    2 :  0.789 0.105 0.106 
734 OmyJC18ROGR    (0)    2 :  0.143 0.099 0.759 
735 OmyJC18ROGR    (0)    2 :  0.385 0.140 0.475 
736 OmyJC18ROGR    (0)    2 :  0.245 0.228 0.527 
737 OmyJC18ROGR    (0)    2 :  0.454 0.367 0.178 
738 OmyJC18ROGR    (0)    2 :  0.255 0.448 0.297 
739 OmyJC18ROGR    (0)    2 :  0.229 0.425 0.346 
740 OmyJC18ROGR    (0)    2 :  0.261 0.086 0.653 
741 OmyJC18ROGR    (0)    2 :  0.434 0.322 0.245 
742 OmyJC18ROGR    (0)    2 :  0.218 0.132 0.649 
743 OmyJC18ROGR    (0)    2 :  0.166 0.128 0.705 
744 OmyJC18ROGR    (0)    2 :  0.385 0.123 0.492 
745 OmyJC18ROGR    (0)    2 :  0.614 0.100 0.286 
746 OmyJC18ROGR    (0)    2 :  0.191 0.533 0.275 
747 OmyJC18ROGR    (0)    2 :  0.088 0.790 0.122 
748 OmyJC18ROGR    (2)    2 :  0.269 0.380 0.351 
749 OmyJC18ROGR    (7)    2 :  0.511 0.266 0.223 
750 OmyJC18ROGR    (2)    2 :  0.203 0.251 0.546 
751 OmyJC18ROGR    (0)    2 :  0.108 0.336 0.555 
752 OmyJC18ROGR    (5)    2 :  0.752 0.071 0.177 
753 OmyJC18ROGR    (0)    2 :  0.327 0.077 0.596 
754 OmyJC18ROGR    (0)    2 :  0.513 0.118 0.369 
755 OmyJC18ROGR    (0)    2 :  0.805 0.079 0.115 
756 OmyJC18ROGR    (0)    2 :  0.439 0.381 0.180 
757 OmyJC18ROGR    (0)    2 :  0.396 0.267 0.336 
758 OmyJC18ROGR    (1)    2 :  0.180 0.227 0.593 
759 OmyJC18ROGR    (0)    2 :  0.441 0.360 0.198 
760 OmyJC18ROGR    (0)    2 :  0.215 0.489 0.297 
761 OmyJC18ROGR    (0)    2 :  0.287 0.053 0.661 
