

----------------------------------------------------
STRUCTURE by Pritchard, Stephens and Donnelly (2000)
     and Falush, Stephens and Pritchard (2003)
       Code by Pritchard, Falush and Hubisz
             Version 2.3.4 (Jul 2012)
----------------------------------------------------



Command line arguments:   bin/structure -m "/Users/ddayan/FRA/half_pounder_2023/structure/halfpounder_p2/10k_20k_adm_corr_2/mainparams" -e "/Users/ddayan/FRA/half_pounder_2023/structure/halfpounder_p2/10k_20k_adm_corr_2/extraparams" 
Input File:    /Users/ddayan/FRA/half_pounder_2023/structure/halfpounder_p2/project_data

Run parameters:
   1000 individuals
   233 loci
   3 populations assumed
   10000 Burn-in period
   20000 Reps


--------------------------------------------
Proportion of membership of each pre-defined
 population in each of the 3 clusters

Given    Inferred Clusters       Number of
 Pop       1      2      3      Individuals

  1:     0.330  0.300  0.369      275
  2:     0.313  0.342  0.344      643
  3:     0.165  0.520  0.315       42
  4:     0.171  0.414  0.415       40
--------------------------------------------

Allele-freq. divergence among pops (Net nucleotide distance),
computed using point estimates of P.

      1       2       3      
 1      -    0.0136  0.0103  
 2   0.0136     -    0.0038  
 3   0.0103  0.0038     -    

Average distances (expected heterozygosity) between individuals in same cluster:
cluster  1  : 0.2842 
cluster  2  : 0.3075 
cluster  3  : 0.3166 

--------------------------------------------
Estimated Ln Prob of Data   = -216287.1
Mean value of ln likelihood = -215304.7
Variance of ln likelihood   = 1964.8
Mean value of alpha         = 0.7443

Mean value of Fst_1         = 0.0829
Mean value of Fst_2         = 0.0343
Mean value of Fst_3         = 0.0025


Inferred ancestry of individuals:
        Label (%Miss) Pop:  Inferred clusters
  1 OmyAC19ROGR    (0)    1 :  0.114 0.376 0.511 
  2 OmyAC19ROGR    (0)    1 :  0.260 0.150 0.591 
  3 OmyAC19ROGR    (0)    1 :  0.178 0.475 0.347 
  4 OmyAC19ROGR    (0)    1 :  0.094 0.205 0.701 
  5 OmyAC19ROGR    (1)    1 :  0.856 0.064 0.080 
  6 OmyAC19ROGR    (0)    1 :  0.452 0.373 0.175 
  7 OmyAC19ROGR    (0)    1 :  0.437 0.384 0.179 
  8 OmyAC19ROGR    (0)    1 :  0.093 0.670 0.237 
  9 OmyAC19ROGR    (0)    1 :  0.555 0.230 0.215 
 10 OmyAC19ROGR    (0)    1 :  0.483 0.134 0.384 
 11 OmyAC19ROGR    (0)    1 :  0.157 0.644 0.199 
 12 OmyAC19ROGR    (0)    1 :  0.377 0.250 0.372 
 13 OmyAC19ROGR    (0)    1 :  0.108 0.626 0.266 
 14 OmyAC19ROGR    (0)    1 :  0.349 0.407 0.244 
 15 OmyAC19ROGR    (0)    1 :  0.532 0.181 0.288 
 16 OmyAC19ROGR    (0)    1 :  0.217 0.461 0.322 
 17 OmyAC19ROGR    (0)    1 :  0.254 0.099 0.647 
 18 OmyAC19ROGR    (3)    1 :  0.063 0.366 0.572 
 19 OmyAC19ROGR    (0)    1 :  0.159 0.690 0.151 
 20 OmyAC19ROGR    (0)    1 :  0.436 0.112 0.452 
 21 OmyAC19ROGR    (0)    1 :  0.505 0.161 0.334 
 22 OmyAC19ROGR    (0)    1 :  0.198 0.613 0.189 
 23 OmyAC19ROGR    (0)    1 :  0.504 0.282 0.214 
 24 OmyAC19ROGR    (1)    1 :  0.125 0.378 0.496 
 25 OmyAC19ROGR    (0)    1 :  0.559 0.269 0.172 
 26 OmyAC19ROGR    (0)    1 :  0.265 0.445 0.289 
 27 OmyAC19ROGR    (2)    1 :  0.171 0.482 0.346 
 28 OmyAC19ROGR    (0)    1 :  0.187 0.287 0.525 
 29 OmyAC19ROGR    (0)    1 :  0.233 0.205 0.562 
 30 OmyAC19ROGR    (0)    1 :  0.562 0.182 0.256 
 31 OmyAC19ROGR    (0)    1 :  0.201 0.532 0.267 
 32 OmyAC19ROGR    (0)    1 :  0.329 0.211 0.460 
 33 OmyAC19ROGR    (0)    1 :  0.237 0.356 0.406 
 34 OmyAC19ROGR    (0)    1 :  0.571 0.227 0.202 
 35 OmyAC19ROGR    (0)    1 :  0.202 0.273 0.525 
 36 OmyAC19ROGR    (0)    1 :  0.151 0.644 0.205 
 37 OmyAC19ROGR    (0)    1 :  0.353 0.524 0.123 
 38 OmyAC19ROGR    (0)    1 :  0.660 0.210 0.131 
 39 OmyAC19ROGR    (0)    1 :  0.203 0.142 0.655 
 40 OmyAC19ROGR    (0)    1 :  0.500 0.178 0.323 
 41 OmyAC19ROGR    (0)    1 :  0.161 0.253 0.586 
 42 OmyAC19ROGR    (0)    1 :  0.772 0.116 0.112 
 43 OmyAC19ROGR    (0)    1 :  0.177 0.192 0.631 
 44 OmyAC19ROGR    (8)    1 :  0.154 0.413 0.433 
 45 OmyAC19ROGR    (2)    1 :  0.496 0.310 0.194 
 46 OmyAC19ROGR    (0)    1 :  0.224 0.491 0.285 
 47 OmyAC19ROGR    (0)    1 :  0.110 0.710 0.180 
 48 OmyAC19ROGR    (0)    1 :  0.103 0.304 0.593 
 49 OmyAC19ROGR    (0)    1 :  0.143 0.434 0.422 
 50 OmyAC19ROGR    (0)    1 :  0.109 0.113 0.777 
 51 OmyAC19ROGR    (2)    1 :  0.742 0.130 0.129 
 52 OmyAC19ROGR    (0)    1 :  0.808 0.098 0.094 
 53 OmyAC19ROGR    (1)    1 :  0.133 0.599 0.268 
 54 OmyAC19ROGR    (0)    1 :  0.207 0.258 0.535 
 55 OmyAC19ROGR    (4)    1 :  0.194 0.493 0.314 
 56 OmyAC19ROGR    (0)    1 :  0.363 0.440 0.197 
 57 OmyAC19ROGR    (0)    1 :  0.084 0.814 0.101 
 58 OmyAC19ROGR    (0)    1 :  0.624 0.305 0.072 
 59 OmyAC19ROGR    (0)    1 :  0.118 0.646 0.236 
 60 OmyAC19ROGR    (0)    1 :  0.285 0.567 0.148 
 61 OmyAC19ROGR    (0)    1 :  0.212 0.248 0.540 
 62 OmyAC19ROGR    (0)    1 :  0.195 0.435 0.370 
 63 OmyAC19ROGR    (0)    1 :  0.342 0.362 0.296 
 64 OmyAC19ROGR    (2)    1 :  0.199 0.181 0.620 
 65 OmyAC19ROGR    (0)    1 :  0.128 0.407 0.465 
 66 OmyAC19ROGR    (5)    1 :  0.424 0.340 0.236 
 67 OmyAC19ROGR    (0)    1 :  0.132 0.682 0.186 
 68 OmyAC19ROGR    (1)    1 :  0.339 0.326 0.335 
 69 OmyAC19ROGR    (3)    1 :  0.315 0.431 0.254 
 70 OmyAC19ROGR    (0)    1 :  0.121 0.183 0.697 
 71 OmyAC19ROGR    (0)    1 :  0.174 0.558 0.268 
 72 OmyAC19ROGR    (5)    1 :  0.147 0.426 0.427 
 73 OmyAC19ROGR    (0)    1 :  0.318 0.229 0.453 
 74 OmyAC19ROGR    (0)    1 :  0.191 0.211 0.598 
 75 OmyAC19ROGR    (0)    1 :  0.304 0.254 0.442 
 76 OmyAC19ROGR    (0)    1 :  0.183 0.314 0.503 
 77 OmyAC19ROGR    (1)    1 :  0.902 0.048 0.049 
 78 OmyAC19ROGR    (0)    1 :  0.098 0.142 0.760 
 79 OmyAC19ROGR    (3)    1 :  0.215 0.243 0.542 
 80 OmyAC19ROGR    (0)    1 :  0.757 0.120 0.123 
 81 OmyAC19ROGR    (3)    1 :  0.458 0.241 0.301 
 82 OmyAC19ROGR    (1)    1 :  0.057 0.786 0.157 
 83 OmyAC19ROGR    (0)    1 :  0.147 0.350 0.503 
 84 OmyAC19ROGR    (0)    1 :  0.226 0.488 0.286 
 85 OmyAC19ROGR    (7)    1 :  0.167 0.328 0.505 
 86 OmyAC19ROGR    (0)    1 :  0.236 0.248 0.516 
 87 OmyAC19ROGR    (0)    1 :  0.140 0.356 0.504 
 88 OmyJC19ROGR    (0)    2 :  0.824 0.067 0.109 
 89 OmyJC19ROGR    (0)    2 :  0.190 0.401 0.409 
 90 OmyJC19ROGR    (0)    2 :  0.861 0.058 0.081 
 91 OmyJC19ROGR    (0)    2 :  0.052 0.569 0.380 
 92 OmyJC19ROGR    (0)    2 :  0.168 0.189 0.642 
 93 OmyJC19ROGR    (0)    2 :  0.165 0.332 0.502 
 94 OmyJC19ROGR    (0)    2 :  0.271 0.147 0.582 
 95 OmyJC19ROGR    (0)    2 :  0.332 0.276 0.392 
 96 OmyJC19ROGR    (0)    2 :  0.374 0.301 0.325 
 97 OmyJC19ROGR    (0)    2 :  0.452 0.281 0.268 
 98 OmyJC19ROGR    (0)    2 :  0.141 0.505 0.354 
 99 OmyJC19ROGR    (0)    2 :  0.165 0.512 0.323 
100 OmyJC19ROGR    (0)    2 :  0.129 0.536 0.335 
101 OmyJC19ROGR    (1)    2 :  0.587 0.209 0.205 
102 OmyJC19ROGR    (0)    2 :  0.255 0.426 0.318 
103 OmyJC19ROGR    (0)    2 :  0.455 0.250 0.295 
104 OmyJC19ROGR    (0)    2 :  0.099 0.619 0.282 
105 OmyJC19ROGR    (0)    2 :  0.403 0.321 0.277 
106 OmyJC19ROGR    (0)    2 :  0.837 0.071 0.092 
107 OmyJC19ROGR    (0)    2 :  0.356 0.508 0.136 
108 OmyJC19ROGR    (0)    2 :  0.241 0.280 0.479 
109 OmyJC19ROGR    (0)    2 :  0.318 0.358 0.325 
110 OmyJC19ROGR    (0)    2 :  0.583 0.196 0.221 
111 OmyJC19ROGR    (0)    2 :  0.161 0.682 0.157 
112 OmyJC19ROGR    (2)    2 :  0.372 0.416 0.212 
113 OmyJC19ROGR    (0)    2 :  0.612 0.169 0.219 
114 OmyJC19ROGR    (5)    2 :  0.150 0.216 0.634 
115 OmyJC19ROGR    (0)    2 :  0.118 0.219 0.663 
116 OmyJC19ROGR    (0)    2 :  0.270 0.182 0.548 
117 OmyJC19ROGR    (0)    2 :  0.280 0.324 0.396 
118 OmyJC19ROGR    (0)    2 :  0.088 0.411 0.501 
119 OmyJC19ROGR    (2)    2 :  0.124 0.270 0.606 
120 OmyJC19ROGR    (0)    2 :  0.099 0.625 0.276 
121 OmyJC19ROGR    (0)    2 :  0.099 0.686 0.215 
122 OmyJC19ROGR    (0)    2 :  0.194 0.358 0.449 
123 OmyJC19ROGR    (1)    2 :  0.070 0.378 0.552 
124 OmyJC19ROGR    (0)    2 :  0.347 0.173 0.480 
125 OmyJC19ROGR    (0)    2 :  0.241 0.291 0.468 
126 OmyJC19ROGR    (0)    2 :  0.751 0.078 0.170 
127 OmyJC19ROGR    (0)    2 :  0.118 0.580 0.303 
128 OmyJC19ROGR    (1)    2 :  0.120 0.424 0.456 
129 OmyJC19ROGR    (0)    2 :  0.407 0.134 0.459 
130 OmyJC19ROGR    (2)    2 :  0.250 0.126 0.624 
131 OmyJC19ROGR    (0)    2 :  0.184 0.597 0.219 
132 OmyJC19ROGR    (0)    2 :  0.206 0.332 0.462 
133 OmyJC19ROGR    (0)    2 :  0.092 0.335 0.573 
134 OmyJC19ROGR    (0)    2 :  0.141 0.428 0.431 
135 OmyJC19ROGR    (0)    2 :  0.168 0.688 0.145 
136 OmyJC19ROGR    (4)    2 :  0.232 0.290 0.478 
137 OmyJC19ROGR    (0)    2 :  0.351 0.359 0.290 
138 OmyJC19ROGR    (0)    2 :  0.695 0.190 0.115 
139 OmyJC19ROGR    (3)    2 :  0.110 0.504 0.386 
140 OmyJC19ROGR    (1)    2 :  0.263 0.194 0.543 
141 OmyJC19ROGR    (0)    2 :  0.346 0.186 0.468 
142 OmyJC19ROGR    (0)    2 :  0.555 0.248 0.197 
143 OmyJC19ROGR    (0)    2 :  0.313 0.290 0.397 
144 OmyJC19ROGR    (0)    2 :  0.080 0.669 0.252 
145 OmyJC19ROGR    (0)    2 :  0.118 0.406 0.476 
146 OmyJC19ROGR    (1)    2 :  0.244 0.454 0.302 
147 OmyJC19ROGR    (0)    2 :  0.341 0.503 0.155 
148 OmyJC19ROGR    (0)    2 :  0.148 0.727 0.125 
149 OmyJC19ROGR    (0)    2 :  0.133 0.495 0.371 
150 OmyJC19ROGR    (1)    2 :  0.198 0.245 0.557 
151 OmyJC19ROGR    (0)    2 :  0.278 0.174 0.548 
152 OmyJC19ROGR    (0)    2 :  0.131 0.611 0.258 
153 OmyJC19ROGR    (0)    2 :  0.201 0.626 0.173 
154 OmyJC19ROGR    (0)    2 :  0.226 0.518 0.256 
155 OmyJC19ROGR    (0)    2 :  0.174 0.194 0.632 
156 OmyJC19ROGR    (0)    2 :  0.227 0.430 0.342 
157 OmyJC19ROGR    (0)    2 :  0.393 0.229 0.378 
158 OmyJC19ROGR    (0)    2 :  0.062 0.575 0.363 
159 OmyJC19ROGR    (0)    2 :  0.131 0.362 0.506 
160 OmyJC19ROGR    (0)    2 :  0.277 0.357 0.366 
161 OmyJC19ROGR    (1)    2 :  0.091 0.747 0.162 
162 OmyJC19ROGR    (0)    2 :  0.414 0.367 0.219 
163 OmyJC19ROGR    (0)    2 :  0.240 0.553 0.206 
164 OmyJC19ROGR    (0)    2 :  0.068 0.592 0.340 
165 OmyJC19ROGR    (0)    2 :  0.105 0.492 0.403 
166 OmyJC19ROGR    (0)    2 :  0.194 0.200 0.606 
167 OmyJC19ROGR    (0)    2 :  0.286 0.427 0.287 
168 OmyJC19ROGR    (0)    2 :  0.217 0.255 0.528 
169 OmyJC19ROGR    (0)    2 :  0.869 0.052 0.079 
170 OmyJC19ROGR    (0)    2 :  0.251 0.323 0.426 
171 OmyJC19ROGR    (0)    2 :  0.143 0.376 0.481 
172 OmyJC19ROGR    (0)    2 :  0.449 0.389 0.162 
173 OmyJC19ROGR    (0)    2 :  0.807 0.084 0.110 
174 OmyJC19ROGR    (0)    2 :  0.123 0.255 0.621 
175 OmyJC19ROGR    (0)    2 :  0.124 0.218 0.658 
176 OmyJC19ROGR    (0)    2 :  0.364 0.414 0.222 
177 OmyJC19ROGR    (0)    2 :  0.072 0.788 0.140 
178 OmyJC19ROGR    (0)    2 :  0.149 0.319 0.532 
179 OmyJC19ROGR    (0)    2 :  0.158 0.300 0.541 
180 OmyJC19ROGR    (0)    2 :  0.813 0.100 0.086 
181 OmyJC19ROGR    (0)    2 :  0.228 0.208 0.564 
182 OmyJC19ROGR    (0)    2 :  0.208 0.503 0.289 
183 OmyJC19ROGR    (0)    2 :  0.150 0.538 0.311 
184 OmyJC19ROGR    (0)    2 :  0.719 0.165 0.116 
185 OmyJC19ROGR    (0)    2 :  0.075 0.218 0.707 
186 OmyJC19ROGR    (0)    2 :  0.431 0.302 0.267 
187 OmyJC19ROGR    (0)    2 :  0.149 0.179 0.672 
188 OmyJC19ROGR    (0)    2 :  0.142 0.360 0.498 
189 OmyJC19ROGR    (0)    2 :  0.439 0.306 0.255 
190 OmyJC19ROGR    (0)    2 :  0.218 0.518 0.265 
191 OmyJC19ROGR    (0)    2 :  0.200 0.350 0.449 
192 OmyJC19ROGR    (0)    2 :  0.103 0.219 0.678 
193 OmyJC19ROGR    (0)    2 :  0.375 0.478 0.147 
194 OmyJC19ROGR    (0)    2 :  0.074 0.676 0.250 
195 OmyJC19ROGR    (0)    2 :  0.771 0.070 0.159 
196 OmyJC19ROGR    (0)    2 :  0.122 0.125 0.753 
197 OmyJC19ROGR    (0)    2 :  0.150 0.393 0.457 
198 OmyJC19ROGR    (0)    2 :  0.796 0.111 0.093 
199 OmyJC19ROGR    (0)    2 :  0.088 0.501 0.411 
200 OmyJC19ROGR    (0)    2 :  0.347 0.335 0.318 
201 OmyJC19ROGR    (0)    2 :  0.091 0.587 0.322 
202 OmyJC19ROGR    (0)    2 :  0.077 0.625 0.298 
203 OmyJC19ROGR    (0)    2 :  0.128 0.327 0.544 
204 OmyJC19ROGR    (0)    2 :  0.241 0.353 0.406 
205 OmyJC19ROGR    (0)    2 :  0.300 0.403 0.297 
206 OmyJC19ROGR    (0)    2 :  0.875 0.057 0.068 
207 OmyJC19ROGR    (0)    2 :  0.512 0.309 0.179 
208 OmyJC19ROGR    (0)    2 :  0.163 0.442 0.395 
209 OmyJC19ROGR    (0)    2 :  0.484 0.280 0.236 
210 OmyJC19ROGR    (0)    2 :  0.866 0.049 0.085 
211 OmyJC19ROGR    (0)    2 :  0.285 0.463 0.253 
212 OmyJC19ROGR    (1)    2 :  0.355 0.532 0.112 
213 OmyJC19ROGR    (1)    2 :  0.251 0.201 0.548 
214 OmyJC19ROGR    (0)    2 :  0.288 0.523 0.189 
215 OmyJC19ROGR    (0)    2 :  0.093 0.318 0.589 
216 OmyJC19ROGR    (0)    2 :  0.566 0.271 0.163 
217 OmyJC19ROGR    (0)    2 :  0.651 0.160 0.189 
218 OmyJC19ROGR    (0)    2 :  0.193 0.282 0.525 
219 OmyJC19ROGR    (0)    2 :  0.401 0.383 0.216 
220 OmyJC19ROGR    (0)    2 :  0.053 0.679 0.268 
221 OmyJC19ROGR    (0)    2 :  0.319 0.518 0.163 
222 OmyJC19ROGR    (0)    2 :  0.128 0.356 0.516 
223 OmyJC19ROGR    (0)    2 :  0.266 0.463 0.271 
224 OmyJC19ROGR    (1)    2 :  0.190 0.276 0.533 
225 OmyJC19ROGR    (0)    2 :  0.760 0.180 0.059 
226 OmyJC19ROGR    (0)    2 :  0.479 0.103 0.417 
227 OmyJC19ROGR    (0)    2 :  0.851 0.065 0.084 
228 OmyJC19ROGR    (0)    2 :  0.140 0.415 0.445 
229 OmyJC19ROGR    (0)    2 :  0.130 0.426 0.444 
230 OmyJC19ROGR    (0)    2 :  0.365 0.375 0.260 
231 OmyJC19ROGR    (0)    2 :  0.294 0.456 0.250 
232 OmyJC19ROGR    (2)    2 :  0.259 0.462 0.280 
233 OmyJC19ROGR    (0)    2 :  0.378 0.403 0.219 
234 OmyJC19ROGR    (0)    2 :  0.886 0.054 0.060 
235 OmyJC19ROGR    (0)    2 :  0.727 0.136 0.137 
236 OmyJC19ROGR    (0)    2 :  0.110 0.759 0.130 
237 OmyJC19ROGR    (0)    2 :  0.254 0.545 0.202 
238 OmyJC19ROGR    (0)    2 :  0.188 0.680 0.132 
239 OmyJC19ROGR    (0)    2 :  0.158 0.377 0.465 
240 OmyJC19ROGR    (0)    2 :  0.208 0.288 0.504 
241 OmyJC19ROGR    (0)    2 :  0.416 0.190 0.394 
242 OmyJC19ROGR    (0)    2 :  0.075 0.667 0.258 
243 OmyJC19ROGR    (0)    2 :  0.150 0.439 0.412 
244 OmyJC19ROGR    (0)    2 :  0.155 0.343 0.503 
245 OmyJC19ROGR    (0)    2 :  0.860 0.067 0.073 
246 OmyJC19ROGR    (0)    2 :  0.328 0.422 0.249 
247 OmyJC19ROGR    (0)    2 :  0.723 0.125 0.152 
248 OmyJC19ROGR    (0)    2 :  0.499 0.143 0.358 
249 OmyJC19ROGR    (0)    2 :  0.251 0.192 0.558 
250 OmyJC19ROGR    (0)    2 :  0.269 0.218 0.513 
251 OmyJC19ROGR    (0)    2 :  0.205 0.175 0.621 
252 OmyJC19ROGR    (0)    2 :  0.216 0.463 0.321 
253 OmyJC19ROGR    (0)    2 :  0.269 0.145 0.586 
254 OmyJC19ROGR    (0)    2 :  0.304 0.211 0.485 
255 OmyJC19ROGR    (0)    2 :  0.198 0.445 0.358 
256 OmyJC19ROGR    (0)    2 :  0.328 0.316 0.356 
257 OmyJC19ROGR    (0)    2 :  0.242 0.174 0.585 
258 OmyAC19ROGR    (0)    1 :  0.251 0.324 0.425 
259 OmyAC19ROGR    (0)    1 :  0.523 0.260 0.217 
260 OmyAC19ROGR    (0)    1 :  0.187 0.146 0.666 
261 OmyAC19ROGR    (0)    1 :  0.283 0.126 0.591 
262 OmyAC19ROGR    (0)    1 :  0.282 0.149 0.569 
263 OmyAC19ROGR    (0)    1 :  0.217 0.490 0.293 
264 OmyAC19ROGR    (0)    1 :  0.198 0.231 0.571 
265 OmyAC19ROGR    (0)    1 :  0.162 0.233 0.605 
266 OmyAC19ROGR    (0)    1 :  0.105 0.204 0.691 
267 OmyAC19ROGR    (0)    1 :  0.429 0.139 0.432 
268 OmyAC19ROGR    (0)    1 :  0.317 0.394 0.289 
269 OmyAC19ROGR    (1)    1 :  0.353 0.185 0.462 
270 OmyAC19ROGR    (0)    1 :  0.181 0.197 0.622 
271 OmyAC19ROGR    (0)    1 :  0.531 0.189 0.280 
272 OmyAC19ROGR    (0)    1 :  0.372 0.303 0.325 
273 OmyAC19ROGR    (0)    1 :  0.104 0.321 0.575 
274 OmyAC19ROGR    (0)    1 :  0.685 0.120 0.194 
275 OmyAC19ROGR    (0)    1 :  0.229 0.617 0.154 
276 OmyAC19ROGR    (0)    1 :  0.245 0.365 0.390 
277 OmyAC19ROGR    (0)    1 :  0.353 0.243 0.404 
278 OmyAC19ROGR    (0)    1 :  0.404 0.441 0.154 
279 OmyAC19ROGR    (0)    1 :  0.357 0.421 0.222 
280 OmyAC19ROGR    (0)    1 :  0.373 0.209 0.418 
281 OmyAC19ROGR    (0)    1 :  0.192 0.293 0.515 
282 OmyAC19ROGR    (0)    1 :  0.355 0.229 0.416 
283 OmyAC19ROGR    (0)    1 :  0.281 0.389 0.329 
284 OmyAC19ROGR    (0)    1 :  0.142 0.346 0.512 
285 OmyAC19ROGR    (0)    1 :  0.171 0.367 0.462 
286 OmyAC19ROGR    (0)    1 :  0.118 0.321 0.561 
287 OmyAC19ROGR    (0)    1 :  0.904 0.038 0.058 
288 OmyAC19ROGR    (0)    1 :  0.609 0.320 0.070 
289 OmyAC19ROGR    (0)    1 :  0.285 0.274 0.441 
290 OmyAC19ROGR    (1)    1 :  0.880 0.063 0.057 
291 OmyAC19ROGR    (0)    1 :  0.534 0.191 0.275 
292 OmyAC19ROGR    (0)    1 :  0.307 0.260 0.433 
293 OmyAC19ROGR    (0)    1 :  0.171 0.603 0.227 
294 OmyAC19ROGR    (0)    1 :  0.451 0.122 0.428 
295 OmyAC19ROGR    (0)    1 :  0.114 0.112 0.773 
296 OmyAC19ROGR    (0)    1 :  0.134 0.571 0.295 
297 OmyAC19ROGR    (0)    1 :  0.662 0.090 0.248 
298 OmyAC19ROGR    (0)    1 :  0.177 0.420 0.403 
299 OmyAC19ROGR    (0)    1 :  0.383 0.310 0.307 
300 OmyAC19ROGR    (0)    1 :  0.212 0.338 0.450 
301 OmyAC19ROGR    (0)    1 :  0.834 0.065 0.101 
302 OmyAC19ROGR    (0)    1 :  0.629 0.213 0.159 
303 OmyAC19ROGR    (0)    1 :  0.249 0.266 0.486 
304 OmyAC19ROGR    (0)    1 :  0.444 0.410 0.146 
305 OmyAC19ROGR    (0)    1 :  0.186 0.378 0.437 
306 OmyAC19ROGR    (0)    1 :  0.601 0.100 0.298 
307 OmyAC19ROGR    (1)    1 :  0.136 0.396 0.468 
308 OmyAC19ROGR    (0)    1 :  0.301 0.225 0.473 
309 OmyAC19ROGR    (0)    1 :  0.786 0.073 0.141 
310 OmyAC19ROGR    (0)    1 :  0.461 0.158 0.381 
311 OmyAC19ROGR    (0)    1 :  0.675 0.125 0.199 
312 OmyAC19ROGR    (0)    1 :  0.213 0.290 0.496 
313 OmyAC19ROGR    (0)    1 :  0.200 0.481 0.319 
314 OmyAC19ROGR    (0)    1 :  0.295 0.410 0.295 
315 OmyAC19ROGR    (0)    1 :  0.319 0.147 0.534 
316 OmyAC19ROGR    (0)    1 :  0.113 0.113 0.774 
317 OmyAC19ROGR    (0)    1 :  0.135 0.656 0.208 
318 OmyAC19ROGR    (0)    1 :  0.086 0.536 0.377 
319 OmyAC19ROGR    (0)    1 :  0.084 0.410 0.506 
320 OmyAC19ROGR    (0)    1 :  0.080 0.528 0.391 
321 OmyAC19ROGR    (0)    1 :  0.122 0.303 0.575 
322 OmyAC19ROGR    (0)    1 :  0.515 0.157 0.328 
323 OmyAC19ROGR    (0)    1 :  0.206 0.321 0.473 
324 OmyAC19ROGR    (0)    1 :  0.104 0.219 0.677 
325 OmyAC19ROGR    (0)    1 :  0.413 0.175 0.412 
326 OmyAC19ROGR    (0)    1 :  0.155 0.241 0.604 
327 OmyAC19ROGR    (0)    1 :  0.135 0.185 0.680 
328 OmyAC20ROGR    (0)    1 :  0.140 0.497 0.363 
329 OmyAC20ROGR    (0)    1 :  0.319 0.411 0.271 
330 OmyAC20ROGR    (0)    1 :  0.341 0.382 0.277 
331 OmyAC20ROGR    (0)    1 :  0.664 0.169 0.167 
332 OmyAC20ROGR    (0)    1 :  0.388 0.229 0.383 
333 OmyAC20ROGR    (0)    1 :  0.418 0.155 0.427 
334 OmyAC20ROGR    (0)    1 :  0.220 0.229 0.551 
335 OmyAC20ROGR    (0)    1 :  0.130 0.244 0.626 
336 OmyAC20ROGR    (0)    1 :  0.355 0.271 0.374 
337 OmyAC20ROGR    (0)    1 :  0.579 0.222 0.200 
338 OmyAC20ROGR    (0)    1 :  0.234 0.157 0.610 
339 OmyAC20ROGR    (0)    1 :  0.221 0.363 0.415 
340 OmyAC20ROGR    (0)    1 :  0.206 0.314 0.480 
341 OmyAC20ROGR    (0)    1 :  0.187 0.569 0.244 
342 OmyAC20ROGR    (0)    1 :  0.350 0.371 0.279 
343 OmyAC20ROGR    (0)    1 :  0.152 0.644 0.204 
344 OmyAC20ROGR    (0)    1 :  0.458 0.299 0.243 
345 OmyAC20ROGR    (1)    1 :  0.308 0.099 0.593 
346 OmyAC20ROGR    (0)    1 :  0.408 0.155 0.437 
347 OmyAC20ROGR    (0)    1 :  0.429 0.322 0.249 
348 OmyAC20ROGR    (0)    1 :  0.296 0.477 0.228 
349 OmyAC20ROGR    (0)    1 :  0.133 0.525 0.343 
350 OmyAC20ROGR    (0)    1 :  0.186 0.676 0.138 
351 OmyAC20ROGR    (0)    1 :  0.229 0.253 0.517 
352 OmyAC20ROGR    (0)    1 :  0.154 0.320 0.526 
353 OmyAC20ROGR    (0)    1 :  0.259 0.228 0.513 
354 OmyAC20ROGR    (0)    1 :  0.485 0.336 0.180 
355 OmyAC20ROGR    (0)    1 :  0.264 0.613 0.123 
356 OmyAC20ROGR    (0)    1 :  0.424 0.225 0.351 
357 OmyAC20ROGR    (0)    1 :  0.188 0.369 0.443 
358 OmyAC20ROGR    (0)    1 :  0.154 0.345 0.501 
359 OmyAC20ROGR    (0)    1 :  0.512 0.271 0.217 
360 OmyAC20ROGR    (0)    1 :  0.362 0.201 0.436 
361 OmyAC20ROGR    (0)    1 :  0.119 0.575 0.306 
362 OmyAC20ROGR    (0)    1 :  0.298 0.236 0.466 
363 OmyAC20ROGR    (0)    1 :  0.500 0.364 0.136 
364 OmyAC20ROGR    (1)    1 :  0.189 0.346 0.465 
365 OmyAC20ROGR    (0)    1 :  0.121 0.283 0.596 
366 OmyAC20ROGR    (0)    1 :  0.089 0.177 0.734 
367 OmyAC20ROGR    (0)    1 :  0.202 0.179 0.619 
368 OmyAC20ROGR    (0)    1 :  0.165 0.289 0.546 
369 OmyAC20ROGR    (0)    1 :  0.441 0.360 0.198 
370 OmyAC20ROGR    (0)    1 :  0.730 0.093 0.177 
371 OmyAC20ROGR    (0)    1 :  0.783 0.108 0.109 
372 OmyAC20ROGR    (2)    1 :  0.832 0.077 0.091 
373 OmyAC20ROGR    (0)    1 :  0.660 0.219 0.121 
374 OmyAC20ROGR    (0)    1 :  0.093 0.333 0.574 
375 OmyAC20ROGR    (0)    1 :  0.288 0.279 0.433 
376 OmyAC20ROGR    (0)    1 :  0.374 0.325 0.301 
377 OmyAC20ROGR    (0)    1 :  0.113 0.377 0.510 
378 OmyAC20ROGR    (0)    1 :  0.096 0.457 0.447 
379 OmyAC20ROGR    (0)    1 :  0.570 0.212 0.218 
380 OmyAC20ROGR    (0)    1 :  0.111 0.125 0.764 
381 OmyAC20ROGR    (0)    1 :  0.322 0.301 0.377 
382 OmyAC20ROGR    (0)    1 :  0.841 0.078 0.081 
383 OmyAC20ROGR    (0)    1 :  0.266 0.110 0.624 
384 OmyAC20ROGR    (0)    1 :  0.537 0.214 0.249 
385 OmyAC20ROGR    (0)    1 :  0.393 0.328 0.280 
386 OmyAC20ROGR    (0)    1 :  0.444 0.150 0.406 
387 OmyAC20ROGR    (0)    1 :  0.564 0.124 0.312 
388 OmyAC20ROGR    (0)    1 :  0.578 0.213 0.209 
389 OmyAC20ROGR    (0)    1 :  0.165 0.198 0.637 
390 OmyAC20ROGR    (0)    1 :  0.061 0.774 0.165 
391 OmyAC20ROGR    (0)    1 :  0.627 0.256 0.117 
392 OmyAC20ROGR    (0)    1 :  0.541 0.246 0.213 
393 OmyAC20ROGR    (0)    1 :  0.258 0.435 0.307 
394 OmyAC20ROGR    (0)    1 :  0.342 0.319 0.340 
395 OmyAC20ROGR    (0)    1 :  0.237 0.448 0.315 
396 OmyAC20ROGR    (0)    1 :  0.257 0.363 0.380 
397 OmyAC20ROGR    (0)    1 :  0.384 0.138 0.478 
398 OmyAC20ROGR    (0)    1 :  0.668 0.117 0.216 
399 OmyAC20ROGR    (0)    1 :  0.351 0.128 0.521 
400 OmyAC20ROGR    (0)    1 :  0.294 0.158 0.548 
401 OmyAC20ROGR    (0)    1 :  0.737 0.154 0.109 
402 OmyAC20ROGR    (0)    1 :  0.065 0.679 0.255 
403 OmyAC20ROGR    (0)    1 :  0.299 0.320 0.381 
404 OmyAC20ROGR    (0)    1 :  0.089 0.392 0.519 
405 OmyAC20ROGR    (0)    1 :  0.524 0.313 0.164 
406 OmyAC20ROGR    (0)    1 :  0.169 0.454 0.376 
407 OmyAC20ROGR    (0)    1 :  0.158 0.137 0.705 
408 OmyAC20ROGR    (0)    1 :  0.266 0.614 0.120 
409 OmyAC20ROGR    (0)    1 :  0.178 0.253 0.569 
410 OmyAC20ROGR    (0)    1 :  0.810 0.058 0.132 
411 OmyAC20ROGR    (0)    1 :  0.698 0.131 0.171 
412 OmyAC20ROGR    (0)    1 :  0.432 0.301 0.268 
413 OmyAC20ROGR    (0)    1 :  0.273 0.167 0.559 
414 OmyAC20ROGR    (0)    1 :  0.530 0.219 0.252 
415 OmyAC20ROGR    (0)    1 :  0.160 0.243 0.597 
416 OmyAC20ROGR    (0)    1 :  0.180 0.206 0.614 
417 OmyAC20ROGR    (0)    1 :  0.093 0.273 0.634 
418 OmyAC20ROGR    (0)    1 :  0.402 0.269 0.329 
419 OmyAC20ROGR    (0)    1 :  0.582 0.235 0.183 
420 OmyAC20ROGR    (0)    1 :  0.158 0.649 0.193 
421 OmyAC20ROGR    (0)    1 :  0.277 0.179 0.544 
422 OmyAC20ROGR    (0)    1 :  0.848 0.063 0.089 
423 OmyAC20ROGR    (0)    1 :  0.141 0.132 0.727 
424 OmyAC20ROGR    (0)    1 :  0.103 0.623 0.274 
425 OmyAC20ROGR    (0)    1 :  0.840 0.079 0.081 
426 OmyAC20ROGR    (0)    1 :  0.189 0.166 0.645 
427 OmyAC20ROGR    (0)    1 :  0.217 0.220 0.562 
428 OmyAC20ROGR    (0)    1 :  0.808 0.078 0.114 
429 OmyAC20ROGR    (0)    1 :  0.098 0.678 0.224 
430 OmyAC20ROGR    (0)    1 :  0.239 0.324 0.437 
431 OmyAC20ROGR    (0)    1 :  0.632 0.118 0.250 
432 OmyAC20ROGR    (0)    1 :  0.857 0.061 0.082 
433 OmyAC20ROGR    (0)    1 :  0.707 0.219 0.074 
434 OmyAC20ROGR    (0)    1 :  0.507 0.147 0.345 
435 OmyAC20ROGR    (0)    1 :  0.164 0.160 0.676 
436 OmyAC20ROGR    (0)    1 :  0.206 0.123 0.671 
437 OmyAC20ROGR    (0)    1 :  0.689 0.180 0.132 
438 OmyAC20ROGR    (0)    1 :  0.541 0.209 0.250 
439 OmyAC20ROGR    (0)    1 :  0.238 0.103 0.659 
440 OmyAC20ROGR    (0)    1 :  0.671 0.128 0.201 
441 OmyAC20ROGR    (0)    1 :  0.129 0.503 0.368 
442 OmyAC20ROGR    (0)    1 :  0.267 0.279 0.453 
443 OmyAC20ROGR    (0)    1 :  0.148 0.155 0.698 
444 OmyAC20ROGR    (0)    1 :  0.437 0.151 0.412 
445 OmyAC20ROGR    (0)    1 :  0.335 0.321 0.344 
446 OmyJC18ROGR    (0)    2 :  0.452 0.349 0.199 
447 OmyJC18ROGR    (0)    2 :  0.275 0.348 0.376 
448 OmyJC18ROGR    (0)    2 :  0.268 0.233 0.499 
449 OmyJC18ROGR    (0)    2 :  0.606 0.277 0.117 
450 OmyJC18ROGR    (0)    2 :  0.671 0.142 0.187 
451 OmyJC18ROGR    (0)    2 :  0.813 0.069 0.118 
452 OmyJC18ROGR    (0)    2 :  0.450 0.189 0.360 
453 OmyJC18ROGR    (0)    2 :  0.079 0.794 0.126 
454 OmyJC18ROGR    (0)    2 :  0.784 0.103 0.113 
455 OmyJC18ROGR    (0)    2 :  0.277 0.297 0.426 
456 OmyJC18ROGR    (0)    2 :  0.828 0.071 0.101 
457 OmyJC18ROGR    (0)    2 :  0.254 0.125 0.622 
458 OmyJC18ROGR    (0)    2 :  0.276 0.551 0.173 
459 OmyJC18ROGR    (1)    2 :  0.083 0.244 0.673 
460 OmyJC18ROGR    (2)    2 :  0.349 0.297 0.353 
461 OmyJC18ROGR    (2)    2 :  0.525 0.168 0.306 
462 OmyJC18ROGR    (3)    2 :  0.411 0.347 0.242 
463 OmyJC18ROGR    (0)    2 :  0.752 0.132 0.116 
464 OmyJC18ROGR    (4)    2 :  0.090 0.282 0.628 
465 OmyJC18ROGR    (3)    2 :  0.240 0.385 0.375 
466 OmyJC18ROGR    (0)    2 :  0.310 0.240 0.451 
467 OmyJC18ROGR    (0)    2 :  0.206 0.219 0.575 
468 OmyJC18ROGR    (0)    2 :  0.292 0.483 0.226 
469 OmyJC18ROGR    (0)    2 :  0.839 0.057 0.104 
470 OmyJC18ROGR    (5)    2 :  0.590 0.221 0.189 
471 OmyJC18ROGR    (1)    2 :  0.338 0.234 0.429 
472 OmyJC18ROGR    (2)    2 :  0.245 0.195 0.560 
473 OmyJC18ROGR    (3)    2 :  0.132 0.429 0.439 
474 OmyJC18ROGR    (0)    2 :  0.116 0.769 0.115 
475 OmyJC18ROGR    (2)    2 :  0.564 0.228 0.208 
476 OmyJC18ROGR    (1)    2 :  0.144 0.176 0.680 
477 OmyJC18ROGR    (4)    2 :  0.363 0.415 0.222 
478 OmyJC18ROGR    (0)    2 :  0.192 0.337 0.472 
479 OmyJC18ROGR    (0)    2 :  0.107 0.189 0.704 
480 OmyJC18ROGR    (1)    2 :  0.307 0.351 0.343 
481 OmyJC18ROGR    (3)    2 :  0.230 0.375 0.395 
482 OmyJC18ROGR    (3)    2 :  0.099 0.605 0.296 
483 OmyJC18ROGR    (4)    2 :  0.125 0.518 0.357 
484 OmyJC18ROGR    (4)    2 :  0.170 0.340 0.490 
485 OmyJC18ROGR    (3)    2 :  0.537 0.254 0.209 
486 OmyJC18ROGR    (3)    2 :  0.528 0.246 0.226 
487 OmyJC18ROGR    (1)    2 :  0.273 0.507 0.221 
488 OmyJC18ROGR    (5)    2 :  0.171 0.292 0.537 
489 OmyJC18ROGR    (0)    2 :  0.131 0.312 0.557 
490 OmyJC18ROGR    (3)    2 :  0.241 0.224 0.536 
491 OmyJC18ROGR    (7)    2 :  0.187 0.699 0.115 
492 OmyJC18ROGR    (6)    2 :  0.091 0.775 0.134 
493 OmyJC18ROGR    (3)    2 :  0.276 0.180 0.544 
494 OmyJC18ROGR    (3)    2 :  0.783 0.096 0.121 
495 OmyJC18ROGR    (5)    2 :  0.485 0.245 0.270 
496 OmyJC18ROGR    (0)    2 :  0.241 0.327 0.432 
497 OmyJC18ROGR    (5)    2 :  0.085 0.693 0.222 
498 OmyJC18ROGR    (6)    2 :  0.297 0.206 0.498 
499 OmyJC18ROGR    (0)    2 :  0.127 0.177 0.696 
500 OmyJC18ROGR    (1)    2 :  0.160 0.612 0.228 
501 OmyJC18ROGR    (4)    2 :  0.581 0.177 0.242 
502 OmyJC18ROGR    (2)    2 :  0.380 0.390 0.230 
503 OmyJC18ROGR    (5)    2 :  0.158 0.479 0.363 
504 OmyJC18ROGR    (2)    2 :  0.399 0.267 0.333 
505 OmyJC18ROGR    (0)    2 :  0.436 0.271 0.293 
506 OmyJC18ROGR    (8)    2 :  0.187 0.547 0.266 
507 OmyJC18ROGR    (0)    2 :  0.307 0.446 0.247 
508 OmyJC18ROGR    (0)    2 :  0.319 0.468 0.213 
509 OmyJC18ROGR    (1)    2 :  0.877 0.056 0.066 
510 OmyJC18ROGR    (1)    2 :  0.240 0.227 0.533 
511 OmyJC18ROGR    (5)    2 :  0.324 0.367 0.309 
512 OmyJC18ROGR    (2)    2 :  0.750 0.147 0.103 
513 OmyJC18ROGR    (9)    2 :  0.472 0.316 0.212 
514 OmyJC18ROGR    (4)    2 :  0.499 0.315 0.186 
515 OmyJC18ROGR    (1)    2 :  0.214 0.555 0.231 
516 OmyJC18ROGR    (3)    2 :  0.315 0.228 0.457 
517 OmyJC18ROGR    (3)    2 :  0.577 0.202 0.221 
518 OmyJC18ROGR    (0)    2 :  0.209 0.563 0.228 
519 OmyJC18ROGR    (9)    2 :  0.180 0.393 0.427 
520 OmyJC18ROGR    (6)    2 :  0.287 0.275 0.438 
521 OmyJC18ROGR    (2)    2 :  0.288 0.404 0.308 
522 OmyJC18ROGR    (1)    2 :  0.263 0.205 0.533 
523 OmyJC18ROGR    (4)    2 :  0.222 0.380 0.398 
524 OmyJC18ROGR    (0)    2 :  0.199 0.142 0.659 
525 OmyJC18ROGR    (2)    2 :  0.194 0.513 0.293 
526 OmyJC18ROGR    (3)    2 :  0.227 0.526 0.248 
527 OmyJC18ROGR    (0)    2 :  0.154 0.313 0.534 
528 OmyJC18ROGR    (0)    2 :  0.129 0.428 0.443 
529 OmyJC18ROGR    (1)    2 :  0.160 0.197 0.643 
530 OmyJC18ROGR    (0)    2 :  0.133 0.509 0.358 
531 OmyJC18ROGR    (0)    2 :  0.320 0.120 0.559 
532 OmyJC18ROGR    (2)    2 :  0.099 0.422 0.479 
533 OmyJC18ROGR    (2)    2 :  0.070 0.213 0.717 
534 OmyJC18ROGR    (2)    2 :  0.201 0.347 0.452 
535 OmyJC18ROGR    (0)    2 :  0.168 0.268 0.564 
536 OmyJC18ROGR    (0)    2 :  0.126 0.368 0.506 
537 OmyJC18ROGR    (0)    2 :  0.081 0.431 0.488 
538 OmyJC18ROGR    (0)    2 :  0.188 0.289 0.524 
539 OmyJC18ROGR    (0)    2 :  0.163 0.270 0.567 
540 OmyJC18ROGR    (8)    2 :  0.194 0.656 0.150 
541 OmyJC18ROGR    (1)    2 :  0.240 0.291 0.470 
542 OmyJC18ROGR    (1)    2 :  0.403 0.409 0.189 
543 OmyJC18ROGR    (0)    2 :  0.232 0.558 0.210 
544 OmyJC18ROGR    (2)    2 :  0.159 0.354 0.487 
545 OmyJC18ROGR    (1)    2 :  0.595 0.124 0.280 
546 OmyJC18ROGR    (9)    2 :  0.100 0.407 0.493 
547 OmyJC18ROGR    (0)    2 :  0.294 0.149 0.557 
548 OmyJC18ROGR    (0)    2 :  0.376 0.379 0.244 
549 OmyJC18ROGR    (0)    2 :  0.270 0.340 0.390 
550 OmyJC18ROGR    (1)    2 :  0.627 0.158 0.215 
551 OmyJC18ROGR    (1)    2 :  0.173 0.514 0.313 
552 OmyJC18ROGR    (2)    2 :  0.294 0.182 0.524 
553 OmyJC18ROGR   (10)    2 :  0.183 0.399 0.418 
554 OmyJC18ROGR    (2)    2 :  0.145 0.468 0.387 
555 OmyJC18ROGR    (4)    2 :  0.138 0.443 0.418 
556 OmyJC18ROGR    (0)    2 :  0.243 0.440 0.317 
557 OmyJC18ROGR    (2)    2 :  0.393 0.256 0.351 
558 OmyJC18ROGR    (0)    2 :  0.468 0.141 0.392 
559 OmyJC18ROGR    (0)    2 :  0.175 0.623 0.202 
560 OmyJC18ROGR    (8)    2 :  0.303 0.358 0.339 
561 OmyJC18ROGR    (0)    2 :  0.088 0.209 0.703 
562 OmyJC18ROGR    (8)    2 :  0.275 0.388 0.337 
563 OmyJC18ROGR    (2)    2 :  0.196 0.403 0.401 
564 OmyJC18ROGR    (4)    2 :  0.231 0.292 0.477 
565 OmyJC18ROGR    (3)    2 :  0.313 0.397 0.290 
566 OmyJC18ROGR    (1)    2 :  0.337 0.328 0.336 
567 OmyJC18ROGR    (0)    2 :  0.186 0.461 0.354 
568 OmyJC18ROGR    (5)    2 :  0.338 0.309 0.352 
569 OmyJC18ROGR    (2)    2 :  0.113 0.711 0.176 
570 OmyJC18ROGR    (0)    2 :  0.186 0.259 0.554 
571 OmyJC18ROGR    (2)    2 :  0.185 0.182 0.633 
572 OmyJC18ROGR    (6)    2 :  0.176 0.477 0.347 
573 OmyJC18ROGR    (5)    2 :  0.558 0.229 0.213 
574 OmyJC18ROGR    (8)    2 :  0.332 0.237 0.431 
575 OmyJC18ROGR    (3)    2 :  0.106 0.409 0.485 
576 OmyJC18ROGR    (0)    2 :  0.261 0.556 0.183 
577 OmyJC18ROGR    (0)    2 :  0.855 0.053 0.093 
578 OmyJC18ROGR    (1)    2 :  0.159 0.304 0.538 
579 OmyJC18ROGR    (0)    2 :  0.673 0.080 0.248 
580 OmyJC18ROGR    (0)    2 :  0.106 0.535 0.360 
581 OmyJC18ROGR    (6)    2 :  0.181 0.534 0.286 
582 OmyJC18ROGR    (7)    2 :  0.116 0.381 0.503 
583 OmyJC18ROGR    (3)    2 :  0.164 0.453 0.383 
584 OmyJC18ROGR    (5)    2 :  0.178 0.396 0.426 
585 OmyJC18ROGR    (1)    2 :  0.292 0.160 0.548 
586 OmyJC18ROGR    (2)    2 :  0.090 0.360 0.550 
587 OmyJC18ROGR    (0)    2 :  0.893 0.047 0.060 
588 OmyJC18ROGR    (0)    2 :  0.403 0.256 0.340 
589 OmyJC18ROGR    (1)    2 :  0.231 0.519 0.250 
590 OmyJC18ROGR    (2)    2 :  0.051 0.191 0.757 
591 OmyJC18ROGR    (0)    2 :  0.155 0.360 0.485 
592 OmyJC18ROGR    (4)    2 :  0.188 0.396 0.416 
593 OmyJC18ROGR    (0)    2 :  0.330 0.290 0.380 
594 OmyJC18ROGR    (1)    2 :  0.133 0.231 0.635 
595 OmyJC18ROGR    (0)    2 :  0.343 0.485 0.173 
596 OmyJC18ROGR    (0)    2 :  0.250 0.344 0.406 
597 OmyJC18ROGR    (0)    2 :  0.267 0.498 0.235 
598 OmyJC18ROGR    (0)    2 :  0.170 0.420 0.411 
599 OmyJC18ROGR    (0)    2 :  0.317 0.232 0.452 
600 OmyJC18ROGR    (0)    2 :  0.219 0.269 0.512 
601 OmyJC18ROGR    (0)    2 :  0.089 0.624 0.287 
602 OmyJC18ROGR    (0)    2 :  0.392 0.366 0.242 
603 OmyJC18ROGR    (0)    2 :  0.128 0.351 0.522 
604 OmyJC18ROGR    (0)    2 :  0.141 0.278 0.580 
605 OmyJC18ROGR    (0)    2 :  0.149 0.475 0.376 
606 OmyJC18ROGR    (0)    2 :  0.299 0.298 0.402 
607 OmyJC18ROGR    (0)    2 :  0.153 0.153 0.694 
608 OmyJC18ROGR    (0)    2 :  0.106 0.225 0.669 
609 OmyJC18ROGR    (0)    2 :  0.146 0.700 0.155 
610 OmyJC18ROGR    (6)    2 :  0.759 0.093 0.148 
611 OmyJC18ROGR    (0)    2 :  0.416 0.325 0.259 
612 OmyJC18ROGR    (3)    2 :  0.300 0.233 0.468 
613 OmyJC18ROGR    (0)    2 :  0.265 0.324 0.411 
614 OmyJC18ROGR    (0)    2 :  0.428 0.337 0.235 
615 OmyJC18ROGR    (0)    2 :  0.081 0.173 0.746 
616 OmyJC18ROGR    (0)    2 :  0.147 0.758 0.095 
617 OmyJC18ROGR    (0)    2 :  0.238 0.308 0.453 
618 OmyJC18ROGR    (0)    2 :  0.323 0.107 0.571 
619 OmyJC18ROGR    (0)    2 :  0.143 0.394 0.463 
620 OmyJC18ROGR    (0)    2 :  0.404 0.495 0.102 
621 OmyJC18ROGR    (2)    2 :  0.191 0.667 0.142 
622 OmyJC18ROGR    (3)    2 :  0.281 0.468 0.251 
623 OmyJC18ROGR    (1)    2 :  0.253 0.122 0.625 
624 OmyJC18ROGR    (2)    2 :  0.247 0.473 0.280 
625 OmyJC18ROGR    (1)    2 :  0.416 0.202 0.381 
626 OmyJC18ROGR    (9)    2 :  0.114 0.567 0.320 
627 OmyJC18ROGR    (0)    2 :  0.303 0.293 0.404 
628 OmyJC18ROGR    (0)    2 :  0.888 0.060 0.051 
629 OmyJC18ROGR    (2)    2 :  0.352 0.275 0.373 
630 OmyJC18ROGR    (1)    2 :  0.081 0.803 0.116 
631 OmyJC18ROGR    (4)    2 :  0.089 0.216 0.694 
632 OmyJC18ROGR    (0)    2 :  0.174 0.640 0.185 
633 OmyJC18ROGR    (7)    2 :  0.181 0.510 0.309 
634 OmyJC18ROGR    (2)    2 :  0.479 0.143 0.378 
635 OmyJC18ROGR    (0)    2 :  0.095 0.733 0.172 
636 OmyJC18ROGR    (0)    2 :  0.337 0.515 0.148 
637 OmyJC18ROGR    (0)    2 :  0.331 0.213 0.456 
638 OmyJC18ROGR    (0)    2 :  0.162 0.710 0.128 
639 OmyJC18ROGR    (1)    2 :  0.264 0.338 0.398 
640 OmyJC18ROGR    (2)    2 :  0.511 0.119 0.370 
641 OmyJC18ROGR    (1)    2 :  0.239 0.194 0.567 
642 OmyJC18ROGR    (3)    2 :  0.391 0.125 0.484 
643 OmyJC18ROGR    (1)    2 :  0.188 0.458 0.354 
644 OmyJC18ROGR   (10)    2 :  0.076 0.152 0.772 
645 OmyJC18ROGR    (6)    2 :  0.335 0.229 0.436 
646 OmyJC18ROGR    (0)    2 :  0.146 0.432 0.422 
647 OmyJC18ROGR    (2)    2 :  0.319 0.167 0.514 
648 OmyJC18ROGR    (0)    2 :  0.095 0.637 0.268 
649 OmyJC18ROGR    (0)    2 :  0.140 0.179 0.681 
650 OmyJC18ROGR    (1)    2 :  0.104 0.455 0.441 
651 OmyJC18ROGR    (6)    2 :  0.794 0.114 0.092 
652 OmyJC18ROGR    (1)    2 :  0.328 0.278 0.394 
653 OmyJC18ROGR    (4)    2 :  0.173 0.525 0.302 
654 OmyJC18ROGR    (1)    2 :  0.252 0.427 0.321 
655 OmyJC18ROGR    (4)    2 :  0.501 0.176 0.323 
656 OmyJC18ROGR    (0)    2 :  0.136 0.182 0.681 
657 OmyJC18ROGR    (0)    2 :  0.185 0.231 0.585 
658 OmyJC18ROGR    (0)    2 :  0.116 0.652 0.231 
659 OmyJC18ROGR    (7)    2 :  0.056 0.230 0.714 
660 OmyJC18ROGR    (4)    2 :  0.249 0.212 0.539 
661 OmyJC18ROGR    (3)    2 :  0.096 0.248 0.655 
662 OmyJC18ROGR    (2)    2 :  0.164 0.151 0.685 
663 OmyJC18ROGR    (2)    2 :  0.449 0.313 0.238 
664 OmyJC18ROGR    (0)    2 :  0.087 0.666 0.247 
665 OmyJC18ROGR    (1)    2 :  0.288 0.227 0.485 
666 OmyJC18ROGR    (0)    2 :  0.774 0.126 0.101 
667 OmyJC18ROGR    (0)    2 :  0.539 0.184 0.277 
668 OmyJC18ROGR    (1)    2 :  0.402 0.295 0.303 
669 OmyJC18ROGR    (5)    2 :  0.311 0.193 0.496 
670 OmyJC18ROGR   (10)    2 :  0.107 0.262 0.630 
671 OmyJC18ROGR    (3)    2 :  0.156 0.234 0.610 
672 OmyJC18ROGR    (0)    2 :  0.090 0.457 0.453 
673 OmyJC18ROGR    (6)    2 :  0.131 0.775 0.095 
674 OmyJC18ROGR    (0)    2 :  0.198 0.428 0.374 
675 OmyJC18ROGR    (0)    2 :  0.083 0.676 0.241 
676 OmyJC18ROGR    (1)    2 :  0.157 0.272 0.571 
677 OmyJC18ROGR    (4)    2 :  0.438 0.145 0.417 
678 OmyJC18ROGR    (9)    2 :  0.319 0.260 0.421 
679 OmyJC18ROGR    (1)    2 :  0.344 0.274 0.382 
680 OmyJC18ROGR    (1)    2 :  0.275 0.294 0.431 
681 OmyJC18ROGR    (1)    2 :  0.506 0.367 0.127 
682 OmyJC18ROGR    (2)    2 :  0.606 0.237 0.157 
683 OmyJC18ROGR    (0)    2 :  0.193 0.095 0.712 
684 OmyJC18ROGR    (0)    2 :  0.215 0.413 0.372 
685 OmyJC18ROGR    (0)    2 :  0.192 0.446 0.361 
686 OmyJC18ROGR    (0)    2 :  0.099 0.787 0.114 
687 OmyJC18ROGR    (4)    2 :  0.135 0.518 0.347 
688 OmyJC18ROGR    (2)    2 :  0.516 0.274 0.210 
689 OmyJC18ROGR    (2)    2 :  0.536 0.357 0.107 
690 OmyJC18ROGR    (6)    2 :  0.410 0.229 0.361 
691 OmyJC18ROGR    (7)    2 :  0.352 0.362 0.287 
692 OmyJC18ROGR    (0)    2 :  0.354 0.307 0.339 
693 OmyJC18ROGR    (3)    2 :  0.086 0.803 0.111 
694 OmyJC18ROGR    (0)    2 :  0.082 0.729 0.189 
695 OmyJC18ROGR    (0)    2 :  0.352 0.237 0.410 
696 OmyJC18ROGR    (0)    2 :  0.161 0.370 0.469 
697 OmyJC18ROGR    (3)    2 :  0.173 0.361 0.466 
698 OmyJC18ROGR    (0)    2 :  0.070 0.455 0.475 
699 OmyJC18ROGR    (0)    2 :  0.324 0.153 0.523 
700 OmyJC18ROGR    (0)    2 :  0.180 0.150 0.670 
701 OmyJC18ROGR    (0)    2 :  0.163 0.553 0.283 
702 OmyJC18ROGR    (1)    2 :  0.513 0.300 0.187 
703 OmyJC18ROGR    (0)    2 :  0.498 0.191 0.311 
704 OmyJC18ROGR    (0)    2 :  0.573 0.326 0.101 
705 OmyJC18ROGR    (0)    2 :  0.206 0.299 0.495 
706 OmyJC18ROGR    (0)    2 :  0.316 0.568 0.116 
707 OmyJC18ROGR    (2)    2 :  0.244 0.568 0.188 
708 OmyJC18ROGR    (1)    2 :  0.282 0.211 0.507 
709 OmyJC18ROGR    (0)    2 :  0.370 0.491 0.139 
710 OmyJC18ROGR    (0)    2 :  0.204 0.163 0.633 
711 OmyJC18ROGR    (0)    2 :  0.385 0.232 0.382 
712 OmyJC18ROGR    (1)    2 :  0.119 0.261 0.621 
713 OmyJC18ROGR    (0)    2 :  0.205 0.633 0.161 
714 OmyJC18ROGR    (0)    2 :  0.251 0.151 0.598 
715 OmyJC18ROGR    (0)    2 :  0.170 0.188 0.642 
716 OmyJC18ROGR    (0)    2 :  0.583 0.164 0.253 
717 OmyJC18ROGR    (2)    2 :  0.167 0.691 0.142 
718 OmyJC18ROGR    (1)    2 :  0.107 0.337 0.556 
719 OmyJC18ROGR    (9)    2 :  0.091 0.408 0.501 
720 OmyJC18ROGR    (4)    2 :  0.222 0.258 0.520 
721 OmyJC18ROGR    (2)    2 :  0.152 0.726 0.123 
722 OmyJC18ROGR    (0)    2 :  0.151 0.729 0.119 
723 OmyJC18ROGR    (0)    2 :  0.138 0.740 0.122 
724 OmyJC18ROGR    (0)    2 :  0.557 0.186 0.256 
725 OmyJC18ROGR    (0)    2 :  0.161 0.207 0.632 
726 OmyJC18ROGR    (0)    2 :  0.282 0.148 0.570 
727 OmyJC18ROGR    (1)    2 :  0.340 0.515 0.144 
728 OmyJC18ROGR    (1)    2 :  0.536 0.145 0.319 
729 OmyJC18ROGR    (1)    2 :  0.129 0.224 0.648 
730 OmyJC18ROGR    (0)    2 :  0.346 0.431 0.223 
731 OmyJC18ROGR    (2)    2 :  0.739 0.123 0.137 
732 OmyJC18ROGR    (1)    2 :  0.371 0.412 0.217 
733 OmyJC18ROGR    (0)    2 :  0.110 0.778 0.112 
734 OmyJC18ROGR    (0)    2 :  0.090 0.147 0.764 
735 OmyJC18ROGR    (0)    2 :  0.138 0.400 0.461 
736 OmyJC18ROGR    (0)    2 :  0.229 0.244 0.528 
737 OmyJC18ROGR    (0)    2 :  0.371 0.460 0.169 
738 OmyJC18ROGR    (0)    2 :  0.442 0.262 0.296 
739 OmyJC18ROGR    (0)    2 :  0.439 0.225 0.335 
740 OmyJC18ROGR    (0)    2 :  0.095 0.266 0.639 
741 OmyJC18ROGR    (0)    2 :  0.325 0.415 0.260 
742 OmyJC18ROGR    (0)    2 :  0.128 0.218 0.654 
743 OmyJC18ROGR    (0)    2 :  0.134 0.163 0.703 
744 OmyJC18ROGR    (0)    2 :  0.126 0.388 0.486 
745 OmyJC18ROGR    (0)    2 :  0.108 0.594 0.298 
746 OmyJC18ROGR    (0)    2 :  0.517 0.190 0.293 
747 OmyJC18ROGR    (0)    2 :  0.779 0.086 0.134 
748 OmyJC18ROGR    (2)    2 :  0.367 0.253 0.380 
749 OmyJC18ROGR    (7)    2 :  0.266 0.525 0.210 
750 OmyJC18ROGR    (2)    2 :  0.273 0.209 0.518 
751 OmyJC18ROGR    (0)    2 :  0.320 0.108 0.572 
752 OmyJC18ROGR    (5)    2 :  0.078 0.773 0.149 
753 OmyJC18ROGR    (0)    2 :  0.075 0.274 0.652 
754 OmyJC18ROGR    (0)    2 :  0.123 0.512 0.364 
755 OmyJC18ROGR    (0)    2 :  0.091 0.795 0.114 
756 OmyJC18ROGR    (0)    2 :  0.380 0.429 0.191 
757 OmyJC18ROGR    (0)    2 :  0.285 0.353 0.361 
758 OmyJC18ROGR    (1)    2 :  0.224 0.196 0.581 
759 OmyJC18ROGR    (0)    2 :  0.372 0.416 0.212 
760 OmyJC18ROGR    (0)    2 :  0.476 0.249 0.276 
761 OmyJC18ROGR    (0)    2 :  0.050 0.243 0.706 
