

----------------------------------------------------
STRUCTURE by Pritchard, Stephens and Donnelly (2000)
     and Falush, Stephens and Pritchard (2003)
       Code by Pritchard, Falush and Hubisz
             Version 2.3.4 (Jul 2012)
----------------------------------------------------



Command line arguments:   bin/structure -m "/Users/ddayan/FRA/half_pounder_2023/structure/halfpounder/10k_20k_adm_corr/mainparams" -e "/Users/ddayan/FRA/half_pounder_2023/structure/halfpounder/10k_20k_adm_corr/extraparams" 
Input File:    /Users/ddayan/FRA/half_pounder_2023/structure/halfpounder/project_data

Run parameters:
   1000 individuals
   233 loci
   5 populations assumed
   10000 Burn-in period
   20000 Reps


--------------------------------------------
Proportion of membership of each pre-defined
 population in each of the 5 clusters

Given    Inferred Clusters                     Number of
 Pop       1      2      3      4      5      Individuals

  1:     0.169  0.210  0.208  0.212  0.202      275
  2:     0.208  0.198  0.200  0.196  0.199      643
  3:     0.368  0.066  0.182  0.213  0.171       42
  4:     0.239  0.064  0.225  0.225  0.247       40
--------------------------------------------

Allele-freq. divergence among pops (Net nucleotide distance),
computed using point estimates of P.

      1       2       3       4       5      
 1      -    0.0139  0.0038  0.0039  0.0035  
 2   0.0139     -    0.0102  0.0104  0.0098  
 3   0.0038  0.0102     -    0.0002  0.0004  
 4   0.0039  0.0104  0.0002     -    0.0005  
 5   0.0035  0.0098  0.0004  0.0005     -    

Average distances (expected heterozygosity) between individuals in same cluster:
cluster  1  : 0.3050 
cluster  2  : 0.2799 
cluster  3  : 0.3132 
cluster  4  : 0.3120 
cluster  5  : 0.3143 

--------------------------------------------
Estimated Ln Prob of Data   = -217274.9
Mean value of ln likelihood = -214743.0
Variance of ln likelihood   = 5063.7
Mean value of alpha         = 0.2688

Mean value of Fst_1         = 0.0297
Mean value of Fst_2         = 0.0817
Mean value of Fst_3         = 0.0150
Mean value of Fst_4         = 0.0161
Mean value of Fst_5         = 0.0130


Inferred ancestry of individuals:
        Label (%Miss) Pop:  Inferred clusters
  1 OmyAC19ROGR    (0)    1 :  0.149 0.038 0.288 0.277 0.247 
  2 OmyAC19ROGR    (0)    1 :  0.052 0.099 0.293 0.353 0.204 
  3 OmyAC19ROGR    (0)    1 :  0.188 0.061 0.298 0.194 0.258 
  4 OmyAC19ROGR    (0)    1 :  0.057 0.027 0.315 0.459 0.142 
  5 OmyAC19ROGR    (1)    1 :  0.030 0.865 0.033 0.032 0.040 
  6 OmyAC19ROGR    (0)    1 :  0.316 0.326 0.123 0.141 0.095 
  7 OmyAC19ROGR    (0)    1 :  0.292 0.266 0.123 0.115 0.203 
  8 OmyAC19ROGR    (0)    1 :  0.619 0.032 0.115 0.077 0.157 
  9 OmyAC19ROGR    (0)    1 :  0.109 0.395 0.196 0.165 0.134 
 10 OmyAC19ROGR    (0)    1 :  0.060 0.330 0.234 0.178 0.198 
 11 OmyAC19ROGR    (0)    1 :  0.524 0.065 0.135 0.151 0.125 
 12 OmyAC19ROGR    (0)    1 :  0.092 0.210 0.322 0.167 0.209 
 13 OmyAC19ROGR    (0)    1 :  0.343 0.035 0.131 0.119 0.371 
 14 OmyAC19ROGR    (0)    1 :  0.173 0.180 0.134 0.168 0.345 
 15 OmyAC19ROGR    (0)    1 :  0.077 0.390 0.139 0.113 0.281 
 16 OmyAC19ROGR    (0)    1 :  0.365 0.082 0.158 0.204 0.191 
 17 OmyAC19ROGR    (0)    1 :  0.037 0.137 0.242 0.263 0.320 
 18 OmyAC19ROGR    (3)    1 :  0.134 0.022 0.390 0.242 0.212 
 19 OmyAC19ROGR    (0)    1 :  0.717 0.054 0.081 0.068 0.081 
 20 OmyAC19ROGR    (0)    1 :  0.031 0.316 0.191 0.249 0.213 
 21 OmyAC19ROGR    (0)    1 :  0.067 0.334 0.214 0.184 0.201 
 22 OmyAC19ROGR    (0)    1 :  0.558 0.071 0.161 0.101 0.109 
 23 OmyAC19ROGR    (0)    1 :  0.160 0.315 0.176 0.119 0.231 
 24 OmyAC19ROGR    (1)    1 :  0.192 0.044 0.337 0.269 0.158 
 25 OmyAC19ROGR    (0)    1 :  0.161 0.426 0.114 0.114 0.185 
 26 OmyAC19ROGR    (0)    1 :  0.289 0.119 0.222 0.171 0.198 
 27 OmyAC19ROGR    (2)    1 :  0.295 0.054 0.236 0.127 0.288 
 28 OmyAC19ROGR    (0)    1 :  0.112 0.064 0.268 0.361 0.195 
 29 OmyAC19ROGR    (0)    1 :  0.070 0.081 0.301 0.290 0.258 
 30 OmyAC19ROGR    (0)    1 :  0.134 0.426 0.214 0.134 0.092 
 31 OmyAC19ROGR    (0)    1 :  0.262 0.069 0.249 0.271 0.148 
 32 OmyAC19ROGR    (0)    1 :  0.095 0.158 0.247 0.237 0.264 
 33 OmyAC19ROGR    (0)    1 :  0.102 0.094 0.272 0.381 0.151 
 34 OmyAC19ROGR    (0)    1 :  0.103 0.439 0.151 0.150 0.158 
 35 OmyAC19ROGR    (0)    1 :  0.075 0.070 0.302 0.377 0.176 
 36 OmyAC19ROGR    (0)    1 :  0.496 0.061 0.155 0.117 0.171 
 37 OmyAC19ROGR    (0)    1 :  0.580 0.186 0.075 0.079 0.080 
 38 OmyAC19ROGR    (0)    1 :  0.170 0.537 0.095 0.079 0.118 
 39 OmyAC19ROGR    (0)    1 :  0.044 0.067 0.390 0.271 0.228 
 40 OmyAC19ROGR    (0)    1 :  0.064 0.395 0.228 0.162 0.151 
 41 OmyAC19ROGR    (0)    1 :  0.107 0.060 0.289 0.303 0.241 
 42 OmyAC19ROGR    (0)    1 :  0.071 0.716 0.070 0.063 0.080 
 43 OmyAC19ROGR    (0)    1 :  0.066 0.059 0.377 0.186 0.312 
 44 OmyAC19ROGR    (8)    1 :  0.157 0.048 0.281 0.341 0.173 
 45 OmyAC19ROGR    (2)    1 :  0.193 0.409 0.134 0.154 0.110 
 46 OmyAC19ROGR    (0)    1 :  0.214 0.097 0.194 0.307 0.187 
 47 OmyAC19ROGR    (0)    1 :  0.580 0.042 0.111 0.163 0.105 
 48 OmyAC19ROGR    (0)    1 :  0.174 0.040 0.294 0.220 0.272 
 49 OmyAC19ROGR    (0)    1 :  0.236 0.050 0.153 0.240 0.321 
 50 OmyAC19ROGR    (0)    1 :  0.039 0.036 0.298 0.274 0.354 
 51 OmyAC19ROGR    (2)    1 :  0.072 0.711 0.070 0.073 0.074 
 52 OmyAC19ROGR    (0)    1 :  0.059 0.771 0.063 0.050 0.057 
 53 OmyAC19ROGR    (1)    1 :  0.425 0.041 0.156 0.177 0.200 
 54 OmyAC19ROGR    (0)    1 :  0.105 0.083 0.264 0.324 0.224 
 55 OmyAC19ROGR    (4)    1 :  0.297 0.070 0.248 0.153 0.233 
 56 OmyAC19ROGR    (0)    1 :  0.328 0.196 0.144 0.187 0.145 
 57 OmyAC19ROGR    (0)    1 :  0.814 0.027 0.055 0.052 0.053 
 58 OmyAC19ROGR    (0)    1 :  0.282 0.549 0.046 0.044 0.079 
 59 OmyAC19ROGR    (0)    1 :  0.525 0.045 0.161 0.136 0.134 
 60 OmyAC19ROGR    (0)    1 :  0.532 0.120 0.097 0.096 0.155 
 61 OmyAC19ROGR    (0)    1 :  0.077 0.070 0.214 0.152 0.487 
 62 OmyAC19ROGR    (0)    1 :  0.257 0.070 0.229 0.153 0.291 
 63 OmyAC19ROGR    (0)    1 :  0.162 0.187 0.159 0.237 0.256 
 64 OmyAC19ROGR    (2)    1 :  0.062 0.087 0.266 0.386 0.199 
 65 OmyAC19ROGR    (0)    1 :  0.245 0.045 0.242 0.266 0.203 
 66 OmyAC19ROGR    (5)    1 :  0.159 0.229 0.138 0.107 0.367 
 67 OmyAC19ROGR    (0)    1 :  0.582 0.043 0.085 0.189 0.101 
 68 OmyAC19ROGR    (1)    1 :  0.185 0.175 0.246 0.220 0.173 
 69 OmyAC19ROGR    (3)    1 :  0.324 0.148 0.164 0.161 0.203 
 70 OmyAC19ROGR    (0)    1 :  0.067 0.041 0.356 0.256 0.280 
 71 OmyAC19ROGR    (0)    1 :  0.280 0.068 0.181 0.173 0.298 
 72 OmyAC19ROGR    (5)    1 :  0.199 0.046 0.238 0.203 0.314 
 73 OmyAC19ROGR    (0)    1 :  0.078 0.156 0.268 0.243 0.255 
 74 OmyAC19ROGR    (0)    1 :  0.064 0.068 0.384 0.234 0.250 
 75 OmyAC19ROGR    (0)    1 :  0.086 0.124 0.269 0.329 0.192 
 76 OmyAC19ROGR    (0)    1 :  0.104 0.059 0.324 0.352 0.161 
 77 OmyAC19ROGR    (1)    1 :  0.018 0.915 0.024 0.019 0.024 
 78 OmyAC19ROGR    (0)    1 :  0.048 0.035 0.330 0.241 0.345 
 79 OmyAC19ROGR    (3)    1 :  0.080 0.080 0.294 0.322 0.224 
 80 OmyAC19ROGR    (0)    1 :  0.075 0.736 0.057 0.056 0.075 
 81 OmyAC19ROGR    (3)    1 :  0.147 0.285 0.179 0.193 0.196 
 82 OmyAC19ROGR    (1)    1 :  0.666 0.020 0.117 0.101 0.096 
 83 OmyAC19ROGR    (0)    1 :  0.142 0.041 0.292 0.313 0.212 
 84 OmyAC19ROGR    (0)    1 :  0.293 0.083 0.199 0.242 0.182 
 85 OmyAC19ROGR    (7)    1 :  0.111 0.061 0.298 0.268 0.263 
 86 OmyAC19ROGR    (0)    1 :  0.084 0.096 0.207 0.234 0.379 
 87 OmyAC19ROGR    (0)    1 :  0.106 0.042 0.277 0.413 0.162 
 88 OmyJC19ROGR    (0)    2 :  0.026 0.811 0.056 0.044 0.064 
 89 OmyJC19ROGR    (0)    2 :  0.315 0.065 0.272 0.119 0.229 
 90 OmyJC19ROGR    (0)    2 :  0.025 0.856 0.048 0.037 0.035 
 91 OmyJC19ROGR    (0)    2 :  0.391 0.017 0.147 0.185 0.261 
 92 OmyJC19ROGR    (0)    2 :  0.084 0.062 0.218 0.342 0.294 
 93 OmyJC19ROGR    (0)    2 :  0.113 0.062 0.332 0.339 0.154 
 94 OmyJC19ROGR    (0)    2 :  0.053 0.119 0.291 0.301 0.237 
 95 OmyJC19ROGR    (0)    2 :  0.104 0.162 0.277 0.285 0.171 
 96 OmyJC19ROGR    (0)    2 :  0.144 0.199 0.168 0.144 0.345 
 97 OmyJC19ROGR    (0)    2 :  0.154 0.293 0.165 0.211 0.177 
 98 OmyJC19ROGR    (0)    2 :  0.290 0.058 0.239 0.260 0.153 
 99 OmyJC19ROGR    (0)    2 :  0.291 0.066 0.162 0.307 0.173 
100 OmyJC19ROGR    (0)    2 :  0.189 0.040 0.386 0.209 0.176 
101 OmyJC19ROGR    (1)    2 :  0.129 0.484 0.137 0.129 0.122 
102 OmyJC19ROGR    (0)    2 :  0.275 0.106 0.170 0.239 0.210 
103 OmyJC19ROGR    (0)    2 :  0.131 0.304 0.171 0.215 0.178 
104 OmyJC19ROGR    (0)    2 :  0.400 0.030 0.239 0.154 0.177 
105 OmyJC19ROGR    (0)    2 :  0.163 0.244 0.177 0.297 0.119 
106 OmyJC19ROGR    (0)    2 :  0.033 0.841 0.045 0.045 0.036 
107 OmyJC19ROGR    (0)    2 :  0.524 0.197 0.088 0.116 0.076 
108 OmyJC19ROGR    (0)    2 :  0.085 0.085 0.234 0.333 0.263 
109 OmyJC19ROGR    (0)    2 :  0.210 0.136 0.227 0.127 0.300 
110 OmyJC19ROGR    (0)    2 :  0.127 0.507 0.107 0.133 0.125 
111 OmyJC19ROGR    (0)    2 :  0.649 0.051 0.086 0.109 0.105 
112 OmyJC19ROGR    (2)    2 :  0.236 0.187 0.218 0.145 0.215 
113 OmyJC19ROGR    (0)    2 :  0.072 0.476 0.133 0.156 0.163 
114 OmyJC19ROGR    (5)    2 :  0.090 0.043 0.375 0.277 0.216 
115 OmyJC19ROGR    (0)    2 :  0.058 0.042 0.394 0.297 0.209 
116 OmyJC19ROGR    (0)    2 :  0.068 0.093 0.348 0.278 0.212 
117 OmyJC19ROGR    (0)    2 :  0.168 0.125 0.148 0.281 0.278 
118 OmyJC19ROGR    (0)    2 :  0.132 0.033 0.250 0.391 0.194 
119 OmyJC19ROGR    (2)    2 :  0.104 0.039 0.221 0.380 0.256 
120 OmyJC19ROGR    (0)    2 :  0.554 0.035 0.179 0.094 0.137 
121 OmyJC19ROGR    (0)    2 :  0.461 0.032 0.156 0.172 0.179 
122 OmyJC19ROGR    (0)    2 :  0.175 0.074 0.266 0.246 0.238 
123 OmyJC19ROGR    (1)    2 :  0.139 0.025 0.247 0.329 0.259 
124 OmyJC19ROGR    (0)    2 :  0.075 0.217 0.296 0.250 0.162 
125 OmyJC19ROGR    (0)    2 :  0.091 0.085 0.314 0.240 0.270 
126 OmyJC19ROGR    (0)    2 :  0.037 0.716 0.078 0.079 0.090 
127 OmyJC19ROGR    (0)    2 :  0.360 0.043 0.132 0.203 0.262 
128 OmyJC19ROGR    (1)    2 :  0.173 0.037 0.244 0.277 0.269 
129 OmyJC19ROGR    (0)    2 :  0.056 0.218 0.225 0.248 0.253 
130 OmyJC19ROGR    (2)    2 :  0.045 0.104 0.367 0.095 0.389 
131 OmyJC19ROGR    (0)    2 :  0.429 0.068 0.203 0.155 0.146 
132 OmyJC19ROGR    (0)    2 :  0.139 0.066 0.300 0.392 0.103 
133 OmyJC19ROGR    (0)    2 :  0.115 0.033 0.289 0.390 0.173 
134 OmyJC19ROGR    (0)    2 :  0.169 0.053 0.177 0.329 0.273 
135 OmyJC19ROGR    (0)    2 :  0.572 0.059 0.122 0.122 0.124 
136 OmyJC19ROGR    (4)    2 :  0.098 0.102 0.285 0.336 0.177 
137 OmyJC19ROGR    (0)    2 :  0.245 0.167 0.197 0.122 0.268 
138 OmyJC19ROGR    (0)    2 :  0.145 0.650 0.075 0.070 0.060 
139 OmyJC19ROGR    (3)    2 :  0.225 0.034 0.251 0.155 0.335 
140 OmyJC19ROGR    (1)    2 :  0.086 0.098 0.258 0.199 0.360 
141 OmyJC19ROGR    (0)    2 :  0.081 0.124 0.271 0.226 0.298 
142 OmyJC19ROGR    (0)    2 :  0.171 0.436 0.130 0.122 0.141 
143 OmyJC19ROGR    (0)    2 :  0.077 0.113 0.291 0.330 0.188 
144 OmyJC19ROGR    (0)    2 :  0.342 0.029 0.160 0.120 0.348 
145 OmyJC19ROGR    (0)    2 :  0.149 0.036 0.292 0.212 0.311 
146 OmyJC19ROGR    (1)    2 :  0.243 0.102 0.189 0.165 0.302 
147 OmyJC19ROGR    (0)    2 :  0.508 0.188 0.079 0.122 0.104 
148 OmyJC19ROGR    (0)    2 :  0.625 0.056 0.087 0.113 0.120 
149 OmyJC19ROGR    (0)    2 :  0.173 0.058 0.197 0.307 0.266 
150 OmyJC19ROGR    (1)    2 :  0.084 0.071 0.291 0.387 0.168 
151 OmyJC19ROGR    (0)    2 :  0.059 0.098 0.283 0.160 0.400 
152 OmyJC19ROGR    (0)    2 :  0.403 0.040 0.166 0.284 0.108 
153 OmyJC19ROGR    (0)    2 :  0.439 0.077 0.126 0.238 0.120 
154 OmyJC19ROGR    (0)    2 :  0.280 0.084 0.198 0.156 0.282 
155 OmyJC19ROGR    (0)    2 :  0.059 0.057 0.189 0.187 0.508 
156 OmyJC19ROGR    (0)    2 :  0.211 0.090 0.306 0.263 0.131 
157 OmyJC19ROGR    (0)    2 :  0.094 0.204 0.227 0.276 0.199 
158 OmyJC19ROGR    (0)    2 :  0.220 0.019 0.244 0.401 0.117 
159 OmyJC19ROGR    (0)    2 :  0.151 0.040 0.308 0.313 0.187 
160 OmyJC19ROGR    (0)    2 :  0.167 0.098 0.310 0.172 0.253 
161 OmyJC19ROGR    (1)    2 :  0.690 0.035 0.130 0.077 0.067 
162 OmyJC19ROGR    (0)    2 :  0.303 0.214 0.123 0.250 0.109 
163 OmyJC19ROGR    (0)    2 :  0.461 0.095 0.161 0.150 0.133 
164 OmyJC19ROGR    (0)    2 :  0.304 0.025 0.218 0.131 0.322 
165 OmyJC19ROGR    (0)    2 :  0.187 0.029 0.243 0.348 0.193 
166 OmyJC19ROGR    (0)    2 :  0.080 0.068 0.298 0.318 0.236 
167 OmyJC19ROGR    (0)    2 :  0.272 0.124 0.263 0.200 0.140 
168 OmyJC19ROGR    (0)    2 :  0.134 0.094 0.252 0.303 0.217 
169 OmyJC19ROGR    (0)    2 :  0.020 0.861 0.041 0.037 0.040 
170 OmyJC19ROGR    (0)    2 :  0.112 0.091 0.271 0.265 0.262 
171 OmyJC19ROGR    (0)    2 :  0.183 0.049 0.258 0.297 0.214 
172 OmyJC19ROGR    (0)    2 :  0.295 0.254 0.126 0.135 0.190 
173 OmyJC19ROGR    (0)    2 :  0.046 0.783 0.051 0.058 0.061 
174 OmyJC19ROGR    (0)    2 :  0.086 0.036 0.370 0.230 0.279 
175 OmyJC19ROGR    (0)    2 :  0.081 0.039 0.287 0.306 0.287 
176 OmyJC19ROGR    (0)    2 :  0.289 0.225 0.121 0.152 0.213 
177 OmyJC19ROGR    (0)    2 :  0.732 0.022 0.081 0.103 0.062 
178 OmyJC19ROGR    (0)    2 :  0.125 0.045 0.318 0.133 0.378 
179 OmyJC19ROGR    (0)    2 :  0.093 0.051 0.309 0.232 0.315 
180 OmyJC19ROGR    (0)    2 :  0.052 0.813 0.047 0.049 0.040 
181 OmyJC19ROGR    (0)    2 :  0.100 0.089 0.324 0.292 0.196 
182 OmyJC19ROGR    (0)    2 :  0.323 0.070 0.201 0.111 0.295 
183 OmyJC19ROGR    (0)    2 :  0.259 0.052 0.209 0.255 0.225 
184 OmyJC19ROGR    (0)    2 :  0.069 0.695 0.061 0.097 0.077 
185 OmyJC19ROGR    (0)    2 :  0.073 0.022 0.311 0.226 0.369 
186 OmyJC19ROGR    (0)    2 :  0.160 0.298 0.196 0.176 0.170 
187 OmyJC19ROGR    (0)    2 :  0.057 0.052 0.312 0.393 0.185 
188 OmyJC19ROGR    (0)    2 :  0.142 0.049 0.262 0.256 0.291 
189 OmyJC19ROGR    (0)    2 :  0.131 0.263 0.257 0.205 0.144 
190 OmyJC19ROGR    (0)    2 :  0.357 0.086 0.139 0.255 0.164 
191 OmyJC19ROGR    (0)    2 :  0.154 0.078 0.328 0.325 0.115 
192 OmyJC19ROGR    (0)    2 :  0.105 0.036 0.140 0.250 0.469 
193 OmyJC19ROGR    (0)    2 :  0.441 0.223 0.123 0.106 0.107 
194 OmyJC19ROGR    (0)    2 :  0.493 0.022 0.103 0.187 0.195 
195 OmyJC19ROGR    (0)    2 :  0.035 0.745 0.080 0.079 0.061 
196 OmyJC19ROGR    (0)    2 :  0.032 0.037 0.463 0.349 0.119 
197 OmyJC19ROGR    (0)    2 :  0.200 0.049 0.213 0.203 0.335 
198 OmyJC19ROGR    (0)    2 :  0.078 0.776 0.043 0.053 0.049 
199 OmyJC19ROGR    (0)    2 :  0.215 0.028 0.205 0.185 0.366 
200 OmyJC19ROGR    (0)    2 :  0.192 0.196 0.209 0.247 0.156 
201 OmyJC19ROGR    (0)    2 :  0.265 0.029 0.172 0.218 0.316 
202 OmyJC19ROGR    (0)    2 :  0.335 0.035 0.173 0.251 0.206 
203 OmyJC19ROGR    (0)    2 :  0.076 0.042 0.216 0.448 0.218 
204 OmyJC19ROGR    (0)    2 :  0.162 0.108 0.203 0.251 0.278 
205 OmyJC19ROGR    (0)    2 :  0.231 0.132 0.272 0.216 0.150 
206 OmyJC19ROGR    (0)    2 :  0.024 0.866 0.038 0.035 0.037 
207 OmyJC19ROGR    (0)    2 :  0.266 0.402 0.129 0.077 0.126 
208 OmyJC19ROGR    (0)    2 :  0.217 0.056 0.166 0.167 0.393 
209 OmyJC19ROGR    (0)    2 :  0.171 0.296 0.149 0.131 0.253 
210 OmyJC19ROGR    (0)    2 :  0.021 0.846 0.041 0.049 0.043 
211 OmyJC19ROGR    (0)    2 :  0.279 0.123 0.176 0.168 0.253 
212 OmyJC19ROGR    (1)    2 :  0.576 0.213 0.063 0.089 0.058 
213 OmyJC19ROGR    (1)    2 :  0.051 0.098 0.369 0.219 0.263 
214 OmyJC19ROGR    (0)    2 :  0.390 0.145 0.155 0.158 0.153 
215 OmyJC19ROGR    (0)    2 :  0.086 0.029 0.213 0.367 0.305 
216 OmyJC19ROGR    (0)    2 :  0.198 0.476 0.116 0.070 0.141 
217 OmyJC19ROGR    (0)    2 :  0.081 0.551 0.100 0.137 0.132 
218 OmyJC19ROGR    (0)    2 :  0.088 0.060 0.261 0.405 0.186 
219 OmyJC19ROGR    (0)    2 :  0.264 0.220 0.148 0.148 0.220 
220 OmyJC19ROGR    (0)    2 :  0.556 0.018 0.121 0.178 0.128 
221 OmyJC19ROGR    (0)    2 :  0.408 0.157 0.166 0.155 0.114 
222 OmyJC19ROGR    (0)    2 :  0.195 0.045 0.325 0.223 0.213 
223 OmyJC19ROGR    (0)    2 :  0.268 0.126 0.168 0.244 0.194 
224 OmyJC19ROGR    (1)    2 :  0.132 0.075 0.232 0.264 0.297 
225 OmyJC19ROGR    (0)    2 :  0.131 0.739 0.048 0.036 0.047 
226 OmyJC19ROGR    (0)    2 :  0.038 0.346 0.205 0.210 0.202 
227 OmyJC19ROGR    (0)    2 :  0.027 0.839 0.046 0.051 0.037 
228 OmyJC19ROGR    (0)    2 :  0.214 0.052 0.205 0.127 0.401 
229 OmyJC19ROGR    (0)    2 :  0.106 0.037 0.306 0.386 0.165 
230 OmyJC19ROGR    (0)    2 :  0.193 0.215 0.204 0.192 0.197 
231 OmyJC19ROGR    (0)    2 :  0.320 0.129 0.177 0.162 0.212 
232 OmyJC19ROGR    (2)    2 :  0.303 0.115 0.192 0.199 0.191 
233 OmyJC19ROGR    (0)    2 :  0.351 0.209 0.148 0.154 0.137 
234 OmyJC19ROGR    (0)    2 :  0.025 0.880 0.029 0.034 0.033 
235 OmyJC19ROGR    (0)    2 :  0.055 0.681 0.074 0.096 0.094 
236 OmyJC19ROGR    (0)    2 :  0.697 0.042 0.076 0.070 0.115 
237 OmyJC19ROGR    (0)    2 :  0.474 0.103 0.114 0.094 0.215 
238 OmyJC19ROGR    (0)    2 :  0.698 0.079 0.065 0.073 0.084 
239 OmyJC19ROGR    (0)    2 :  0.223 0.054 0.226 0.273 0.224 
240 OmyJC19ROGR    (0)    2 :  0.101 0.073 0.297 0.189 0.340 
241 OmyJC19ROGR    (0)    2 :  0.090 0.199 0.273 0.256 0.182 
242 OmyJC19ROGR    (0)    2 :  0.512 0.025 0.135 0.147 0.180 
243 OmyJC19ROGR    (0)    2 :  0.143 0.047 0.251 0.338 0.221 
244 OmyJC19ROGR    (0)    2 :  0.121 0.055 0.248 0.400 0.175 
245 OmyJC19ROGR    (0)    2 :  0.038 0.814 0.054 0.048 0.046 
246 OmyJC19ROGR    (0)    2 :  0.226 0.157 0.193 0.244 0.180 
247 OmyJC19ROGR    (0)    2 :  0.058 0.637 0.091 0.128 0.086 
248 OmyJC19ROGR    (0)    2 :  0.055 0.349 0.202 0.150 0.244 
249 OmyJC19ROGR    (0)    2 :  0.074 0.075 0.335 0.340 0.176 
250 OmyJC19ROGR    (0)    2 :  0.074 0.109 0.238 0.343 0.236 
251 OmyJC19ROGR    (0)    2 :  0.049 0.069 0.360 0.319 0.203 
252 OmyJC19ROGR    (0)    2 :  0.290 0.077 0.223 0.208 0.202 
253 OmyJC19ROGR    (0)    2 :  0.058 0.108 0.234 0.277 0.324 
254 OmyJC19ROGR    (0)    2 :  0.080 0.123 0.274 0.287 0.236 
255 OmyJC19ROGR    (0)    2 :  0.188 0.065 0.316 0.256 0.175 
256 OmyJC19ROGR    (0)    2 :  0.144 0.153 0.287 0.276 0.140 
257 OmyJC19ROGR    (0)    2 :  0.069 0.081 0.325 0.336 0.189 
258 OmyAC19ROGR    (0)    1 :  0.117 0.098 0.236 0.108 0.441 
259 OmyAC19ROGR    (0)    1 :  0.139 0.336 0.155 0.108 0.262 
260 OmyAC19ROGR    (0)    1 :  0.045 0.057 0.201 0.222 0.476 
261 OmyAC19ROGR    (0)    1 :  0.049 0.107 0.256 0.262 0.326 
262 OmyAC19ROGR    (0)    1 :  0.055 0.117 0.367 0.261 0.201 
263 OmyAC19ROGR    (0)    1 :  0.247 0.093 0.220 0.309 0.132 
264 OmyAC19ROGR    (0)    1 :  0.082 0.070 0.289 0.379 0.180 
265 OmyAC19ROGR    (0)    1 :  0.044 0.048 0.210 0.492 0.206 
266 OmyAC19ROGR    (0)    1 :  0.077 0.041 0.389 0.313 0.179 
267 OmyAC19ROGR    (0)    1 :  0.052 0.254 0.236 0.314 0.145 
268 OmyAC19ROGR    (0)    1 :  0.256 0.122 0.199 0.230 0.193 
269 OmyAC19ROGR    (1)    1 :  0.075 0.168 0.294 0.284 0.179 
270 OmyAC19ROGR    (0)    1 :  0.060 0.058 0.411 0.320 0.151 
271 OmyAC19ROGR    (0)    1 :  0.079 0.402 0.135 0.257 0.126 
272 OmyAC19ROGR    (0)    1 :  0.190 0.173 0.257 0.181 0.199 
273 OmyAC19ROGR    (0)    1 :  0.110 0.030 0.270 0.242 0.349 
274 OmyAC19ROGR    (0)    1 :  0.073 0.572 0.145 0.106 0.103 
275 OmyAC19ROGR    (0)    1 :  0.602 0.082 0.101 0.072 0.141 
276 OmyAC19ROGR    (0)    1 :  0.179 0.082 0.204 0.246 0.288 
277 OmyAC19ROGR    (0)    1 :  0.093 0.164 0.252 0.165 0.327 
278 OmyAC19ROGR    (0)    1 :  0.378 0.274 0.113 0.132 0.103 
279 OmyAC19ROGR    (0)    1 :  0.332 0.166 0.112 0.077 0.312 
280 OmyAC19ROGR    (0)    1 :  0.083 0.191 0.254 0.223 0.249 
281 OmyAC19ROGR    (0)    1 :  0.114 0.060 0.270 0.307 0.249 
282 OmyAC19ROGR    (0)    1 :  0.110 0.212 0.261 0.196 0.222 
283 OmyAC19ROGR    (0)    1 :  0.127 0.107 0.205 0.342 0.219 
284 OmyAC19ROGR    (0)    1 :  0.095 0.044 0.275 0.439 0.146 
285 OmyAC19ROGR    (0)    1 :  0.145 0.065 0.204 0.339 0.247 
286 OmyAC19ROGR    (0)    1 :  0.097 0.043 0.218 0.316 0.327 
287 OmyAC19ROGR    (0)    1 :  0.013 0.910 0.028 0.024 0.024 
288 OmyAC19ROGR    (0)    1 :  0.306 0.561 0.034 0.052 0.046 
289 OmyAC19ROGR    (0)    1 :  0.114 0.124 0.237 0.296 0.229 
290 OmyAC19ROGR    (1)    1 :  0.036 0.883 0.024 0.026 0.030 
291 OmyAC19ROGR    (0)    1 :  0.080 0.374 0.202 0.212 0.132 
292 OmyAC19ROGR    (0)    1 :  0.091 0.124 0.321 0.147 0.318 
293 OmyAC19ROGR    (0)    1 :  0.456 0.060 0.158 0.190 0.136 
294 OmyAC19ROGR    (0)    1 :  0.052 0.274 0.207 0.308 0.158 
295 OmyAC19ROGR    (0)    1 :  0.037 0.034 0.268 0.216 0.444 
296 OmyAC19ROGR    (0)    1 :  0.536 0.042 0.119 0.103 0.200 
297 OmyAC19ROGR    (0)    1 :  0.040 0.536 0.127 0.166 0.132 
298 OmyAC19ROGR    (0)    1 :  0.160 0.052 0.163 0.182 0.442 
299 OmyAC19ROGR    (0)    1 :  0.108 0.179 0.237 0.279 0.197 
300 OmyAC19ROGR    (0)    1 :  0.133 0.064 0.211 0.368 0.224 
301 OmyAC19ROGR    (0)    1 :  0.029 0.833 0.046 0.046 0.047 
302 OmyAC19ROGR    (0)    1 :  0.106 0.547 0.116 0.109 0.123 
303 OmyAC19ROGR    (0)    1 :  0.111 0.110 0.311 0.203 0.265 
304 OmyAC19ROGR    (0)    1 :  0.432 0.300 0.076 0.076 0.117 
305 OmyAC19ROGR    (0)    1 :  0.111 0.054 0.263 0.414 0.159 
306 OmyAC19ROGR    (0)    1 :  0.044 0.482 0.153 0.128 0.193 
307 OmyAC19ROGR    (1)    1 :  0.208 0.046 0.275 0.307 0.165 
308 OmyAC19ROGR    (0)    1 :  0.144 0.144 0.291 0.304 0.116 
309 OmyAC19ROGR    (0)    1 :  0.037 0.724 0.071 0.098 0.069 
310 OmyAC19ROGR    (0)    1 :  0.077 0.299 0.227 0.247 0.150 
311 OmyAC19ROGR    (0)    1 :  0.055 0.557 0.137 0.109 0.142 
312 OmyAC19ROGR    (0)    1 :  0.102 0.066 0.254 0.352 0.225 
313 OmyAC19ROGR    (0)    1 :  0.172 0.071 0.199 0.331 0.226 
314 OmyAC19ROGR    (0)    1 :  0.224 0.145 0.174 0.297 0.160 
315 OmyAC19ROGR    (0)    1 :  0.055 0.132 0.329 0.275 0.208 
316 OmyAC19ROGR    (0)    1 :  0.037 0.035 0.282 0.450 0.196 
317 OmyAC19ROGR    (0)    1 :  0.570 0.046 0.120 0.110 0.154 
318 OmyAC19ROGR    (0)    1 :  0.254 0.030 0.294 0.269 0.154 
319 OmyAC19ROGR    (0)    1 :  0.187 0.028 0.220 0.301 0.265 
320 OmyAC19ROGR    (0)    1 :  0.206 0.024 0.231 0.380 0.158 
321 OmyAC19ROGR    (0)    1 :  0.107 0.035 0.318 0.213 0.327 
322 OmyAC19ROGR    (0)    1 :  0.040 0.280 0.221 0.131 0.327 
323 OmyAC19ROGR    (0)    1 :  0.093 0.069 0.245 0.151 0.442 
324 OmyAC19ROGR    (0)    1 :  0.050 0.037 0.362 0.353 0.198 
325 OmyAC19ROGR    (0)    1 :  0.063 0.247 0.275 0.252 0.163 
326 OmyAC19ROGR    (0)    1 :  0.080 0.054 0.315 0.395 0.157 
327 OmyAC19ROGR    (0)    1 :  0.065 0.044 0.234 0.395 0.261 
328 OmyAC20ROGR    (0)    1 :  0.269 0.050 0.194 0.265 0.223 
329 OmyAC20ROGR    (0)    1 :  0.209 0.134 0.197 0.268 0.192 
330 OmyAC20ROGR    (0)    1 :  0.228 0.157 0.227 0.179 0.209 
331 OmyAC20ROGR    (0)    1 :  0.083 0.560 0.116 0.141 0.100 
332 OmyAC20ROGR    (0)    1 :  0.106 0.218 0.225 0.266 0.185 
333 OmyAC20ROGR    (0)    1 :  0.054 0.240 0.221 0.340 0.145 
334 OmyAC20ROGR    (0)    1 :  0.062 0.077 0.232 0.400 0.229 
335 OmyAC20ROGR    (0)    1 :  0.090 0.039 0.335 0.266 0.270 
336 OmyAC20ROGR    (0)    1 :  0.097 0.162 0.322 0.251 0.168 
337 OmyAC20ROGR    (0)    1 :  0.115 0.466 0.115 0.143 0.161 
338 OmyAC20ROGR    (0)    1 :  0.058 0.092 0.299 0.380 0.171 
339 OmyAC20ROGR    (0)    1 :  0.173 0.096 0.177 0.170 0.384 
340 OmyAC20ROGR    (0)    1 :  0.126 0.069 0.289 0.357 0.158 
341 OmyAC20ROGR    (0)    1 :  0.457 0.063 0.128 0.190 0.162 
342 OmyAC20ROGR    (0)    1 :  0.149 0.143 0.161 0.218 0.329 
343 OmyAC20ROGR    (0)    1 :  0.543 0.049 0.153 0.170 0.086 
344 OmyAC20ROGR    (0)    1 :  0.177 0.282 0.225 0.168 0.148 
345 OmyAC20ROGR    (1)    1 :  0.036 0.150 0.286 0.305 0.224 
346 OmyAC20ROGR    (0)    1 :  0.045 0.227 0.215 0.332 0.181 
347 OmyAC20ROGR    (0)    1 :  0.189 0.297 0.205 0.167 0.142 
348 OmyAC20ROGR    (0)    1 :  0.358 0.145 0.153 0.190 0.153 
349 OmyAC20ROGR    (0)    1 :  0.259 0.040 0.188 0.332 0.181 
350 OmyAC20ROGR    (0)    1 :  0.628 0.076 0.073 0.122 0.100 
351 OmyAC20ROGR    (0)    1 :  0.077 0.078 0.253 0.356 0.237 
352 OmyAC20ROGR    (0)    1 :  0.128 0.057 0.241 0.194 0.380 
353 OmyAC20ROGR    (0)    1 :  0.077 0.089 0.318 0.352 0.164 
354 OmyAC20ROGR    (0)    1 :  0.255 0.342 0.125 0.124 0.154 
355 OmyAC20ROGR    (0)    1 :  0.573 0.133 0.069 0.128 0.097 
356 OmyAC20ROGR    (0)    1 :  0.095 0.235 0.175 0.278 0.217 
357 OmyAC20ROGR    (0)    1 :  0.196 0.069 0.264 0.277 0.193 
358 OmyAC20ROGR    (0)    1 :  0.157 0.046 0.243 0.211 0.343 
359 OmyAC20ROGR    (0)    1 :  0.162 0.347 0.120 0.082 0.289 
360 OmyAC20ROGR    (0)    1 :  0.080 0.155 0.285 0.232 0.248 
361 OmyAC20ROGR    (0)    1 :  0.348 0.034 0.156 0.115 0.346 
362 OmyAC20ROGR    (0)    1 :  0.115 0.116 0.240 0.214 0.315 
363 OmyAC20ROGR    (0)    1 :  0.301 0.378 0.114 0.118 0.091 
364 OmyAC20ROGR    (1)    1 :  0.215 0.067 0.182 0.275 0.261 
365 OmyAC20ROGR    (0)    1 :  0.084 0.039 0.244 0.407 0.226 
366 OmyAC20ROGR    (0)    1 :  0.047 0.028 0.437 0.287 0.201 
367 OmyAC20ROGR    (0)    1 :  0.052 0.074 0.323 0.183 0.368 
368 OmyAC20ROGR    (0)    1 :  0.156 0.063 0.303 0.252 0.226 
369 OmyAC20ROGR    (0)    1 :  0.248 0.284 0.146 0.149 0.174 
370 OmyAC20ROGR    (0)    1 :  0.051 0.641 0.086 0.081 0.140 
371 OmyAC20ROGR    (0)    1 :  0.066 0.737 0.062 0.068 0.067 
372 OmyAC20ROGR    (2)    1 :  0.030 0.811 0.056 0.056 0.047 
373 OmyAC20ROGR    (0)    1 :  0.139 0.609 0.073 0.080 0.099 
374 OmyAC20ROGR    (0)    1 :  0.099 0.029 0.325 0.187 0.360 
375 OmyAC20ROGR    (0)    1 :  0.095 0.127 0.260 0.284 0.234 
376 OmyAC20ROGR    (0)    1 :  0.183 0.192 0.227 0.212 0.185 
377 OmyAC20ROGR    (0)    1 :  0.147 0.036 0.271 0.349 0.198 
378 OmyAC20ROGR    (0)    1 :  0.187 0.039 0.233 0.331 0.210 
379 OmyAC20ROGR    (0)    1 :  0.111 0.462 0.157 0.152 0.118 
380 OmyAC20ROGR    (0)    1 :  0.040 0.035 0.420 0.375 0.129 
381 OmyAC20ROGR    (0)    1 :  0.115 0.139 0.214 0.229 0.303 
382 OmyAC20ROGR    (0)    1 :  0.055 0.785 0.057 0.061 0.043 
383 OmyAC20ROGR    (0)    1 :  0.038 0.120 0.252 0.337 0.253 
384 OmyAC20ROGR    (0)    1 :  0.118 0.401 0.179 0.161 0.141 
385 OmyAC20ROGR    (0)    1 :  0.140 0.194 0.225 0.158 0.284 
386 OmyAC20ROGR    (0)    1 :  0.063 0.256 0.318 0.236 0.128 
387 OmyAC20ROGR    (0)    1 :  0.064 0.453 0.208 0.165 0.111 
388 OmyAC20ROGR    (0)    1 :  0.114 0.449 0.135 0.169 0.133 
389 OmyAC20ROGR    (0)    1 :  0.065 0.068 0.275 0.385 0.208 
390 OmyAC20ROGR    (0)    1 :  0.711 0.019 0.092 0.058 0.120 
391 OmyAC20ROGR    (0)    1 :  0.207 0.565 0.086 0.073 0.069 
392 OmyAC20ROGR    (0)    1 :  0.140 0.393 0.145 0.146 0.176 
393 OmyAC20ROGR    (0)    1 :  0.255 0.105 0.228 0.218 0.193 
394 OmyAC20ROGR    (0)    1 :  0.143 0.148 0.234 0.166 0.310 
395 OmyAC20ROGR    (0)    1 :  0.293 0.109 0.188 0.145 0.265 
396 OmyAC20ROGR    (0)    1 :  0.214 0.085 0.217 0.171 0.314 
397 OmyAC20ROGR    (0)    1 :  0.049 0.207 0.253 0.235 0.256 
398 OmyAC20ROGR    (0)    1 :  0.045 0.564 0.131 0.158 0.101 
399 OmyAC20ROGR    (0)    1 :  0.037 0.165 0.338 0.185 0.275 
400 OmyAC20ROGR    (0)    1 :  0.053 0.120 0.257 0.311 0.259 
401 OmyAC20ROGR    (0)    1 :  0.105 0.684 0.056 0.052 0.104 
402 OmyAC20ROGR    (0)    1 :  0.386 0.025 0.160 0.205 0.224 
403 OmyAC20ROGR    (0)    1 :  0.162 0.118 0.316 0.233 0.171 
404 OmyAC20ROGR    (0)    1 :  0.121 0.027 0.274 0.425 0.153 
405 OmyAC20ROGR    (0)    1 :  0.164 0.421 0.135 0.090 0.190 
406 OmyAC20ROGR    (0)    1 :  0.253 0.056 0.216 0.166 0.310 
407 OmyAC20ROGR    (0)    1 :  0.046 0.050 0.463 0.199 0.241 
408 OmyAC20ROGR    (0)    1 :  0.653 0.117 0.082 0.084 0.064 
409 OmyAC20ROGR    (0)    1 :  0.068 0.052 0.269 0.390 0.221 
410 OmyAC20ROGR    (0)    1 :  0.026 0.781 0.079 0.053 0.061 
411 OmyAC20ROGR    (0)    1 :  0.062 0.618 0.103 0.115 0.102 
412 OmyAC20ROGR    (0)    1 :  0.122 0.249 0.224 0.271 0.135 
413 OmyAC20ROGR    (0)    1 :  0.067 0.103 0.300 0.246 0.284 
414 OmyAC20ROGR    (0)    1 :  0.123 0.354 0.177 0.141 0.205 
415 OmyAC20ROGR    (0)    1 :  0.103 0.060 0.235 0.208 0.394 
416 OmyAC20ROGR    (0)    1 :  0.076 0.055 0.366 0.373 0.130 
417 OmyAC20ROGR    (0)    1 :  0.109 0.028 0.260 0.348 0.256 
418 OmyAC20ROGR    (0)    1 :  0.117 0.193 0.262 0.261 0.168 
419 OmyAC20ROGR    (0)    1 :  0.167 0.461 0.094 0.119 0.159 
420 OmyAC20ROGR    (0)    1 :  0.581 0.051 0.104 0.073 0.191 
421 OmyAC20ROGR    (0)    1 :  0.056 0.107 0.218 0.259 0.359 
422 OmyAC20ROGR    (0)    1 :  0.032 0.814 0.050 0.046 0.058 
423 OmyAC20ROGR    (0)    1 :  0.050 0.054 0.371 0.287 0.238 
424 OmyAC20ROGR    (0)    1 :  0.377 0.035 0.167 0.145 0.276 
425 OmyAC20ROGR    (0)    1 :  0.047 0.836 0.037 0.040 0.040 
426 OmyAC20ROGR    (0)    1 :  0.047 0.070 0.246 0.472 0.165 
427 OmyAC20ROGR    (0)    1 :  0.072 0.065 0.308 0.279 0.277 
428 OmyAC20ROGR    (0)    1 :  0.031 0.785 0.066 0.058 0.060 
429 OmyAC20ROGR    (0)    1 :  0.486 0.034 0.133 0.182 0.164 
430 OmyAC20ROGR    (0)    1 :  0.108 0.091 0.185 0.190 0.426 
431 OmyAC20ROGR    (0)    1 :  0.055 0.528 0.173 0.148 0.096 
432 OmyAC20ROGR    (0)    1 :  0.024 0.854 0.045 0.037 0.041 
433 OmyAC20ROGR    (0)    1 :  0.148 0.693 0.052 0.050 0.057 
434 OmyAC20ROGR    (0)    1 :  0.068 0.360 0.205 0.179 0.188 
435 OmyAC20ROGR    (0)    1 :  0.070 0.041 0.407 0.306 0.176 
436 OmyAC20ROGR    (0)    1 :  0.043 0.078 0.332 0.271 0.276 
437 OmyAC20ROGR    (0)    1 :  0.110 0.656 0.076 0.094 0.065 
438 OmyAC20ROGR    (0)    1 :  0.089 0.333 0.135 0.135 0.308 
439 OmyAC20ROGR    (0)    1 :  0.038 0.083 0.293 0.219 0.367 
440 OmyAC20ROGR    (0)    1 :  0.049 0.583 0.110 0.128 0.131 
441 OmyAC20ROGR    (0)    1 :  0.311 0.039 0.174 0.138 0.337 
442 OmyAC20ROGR    (0)    1 :  0.130 0.095 0.214 0.204 0.357 
443 OmyAC20ROGR    (0)    1 :  0.062 0.045 0.283 0.248 0.363 
444 OmyAC20ROGR    (0)    1 :  0.045 0.248 0.248 0.316 0.143 
445 OmyAC20ROGR    (0)    1 :  0.197 0.150 0.228 0.103 0.322 
446 OmyJC18ROGR    (0)    2 :  0.218 0.300 0.161 0.162 0.159 
447 OmyJC18ROGR    (0)    2 :  0.187 0.121 0.260 0.268 0.165 
448 OmyJC18ROGR    (0)    2 :  0.091 0.105 0.318 0.147 0.339 
449 OmyJC18ROGR    (0)    2 :  0.248 0.568 0.058 0.051 0.075 
450 OmyJC18ROGR    (0)    2 :  0.084 0.587 0.128 0.090 0.110 
451 OmyJC18ROGR    (0)    2 :  0.029 0.761 0.063 0.069 0.078 
452 OmyJC18ROGR    (0)    2 :  0.083 0.323 0.218 0.139 0.237 
453 OmyJC18ROGR    (0)    2 :  0.762 0.028 0.078 0.061 0.070 
454 OmyJC18ROGR    (0)    2 :  0.040 0.782 0.060 0.060 0.058 
455 OmyJC18ROGR    (0)    2 :  0.111 0.096 0.297 0.288 0.208 
456 OmyJC18ROGR    (0)    2 :  0.037 0.815 0.048 0.050 0.049 
457 OmyJC18ROGR    (0)    2 :  0.047 0.097 0.333 0.333 0.190 
458 OmyJC18ROGR    (0)    2 :  0.519 0.166 0.112 0.090 0.114 
459 OmyJC18ROGR    (1)    2 :  0.070 0.028 0.233 0.453 0.216 
460 OmyJC18ROGR    (2)    2 :  0.117 0.143 0.278 0.224 0.238 
461 OmyJC18ROGR    (2)    2 :  0.082 0.326 0.284 0.192 0.116 
462 OmyJC18ROGR    (3)    2 :  0.206 0.212 0.190 0.174 0.219 
463 OmyJC18ROGR    (0)    2 :  0.100 0.693 0.068 0.064 0.075 
464 OmyJC18ROGR    (4)    2 :  0.087 0.030 0.392 0.279 0.213 
465 OmyJC18ROGR    (3)    2 :  0.151 0.103 0.241 0.194 0.311 
466 OmyJC18ROGR    (0)    2 :  0.087 0.117 0.383 0.185 0.228 
467 OmyJC18ROGR    (0)    2 :  0.092 0.079 0.260 0.340 0.229 
468 OmyJC18ROGR    (0)    2 :  0.435 0.118 0.137 0.131 0.178 
469 OmyJC18ROGR    (0)    2 :  0.023 0.798 0.047 0.045 0.087 
470 OmyJC18ROGR    (5)    2 :  0.138 0.448 0.096 0.125 0.193 
471 OmyJC18ROGR    (1)    2 :  0.070 0.130 0.299 0.214 0.286 
472 OmyJC18ROGR    (2)    2 :  0.056 0.076 0.326 0.176 0.366 
473 OmyJC18ROGR    (3)    2 :  0.185 0.043 0.383 0.251 0.137 
474 OmyJC18ROGR    (0)    2 :  0.748 0.044 0.078 0.065 0.065 
475 OmyJC18ROGR    (2)    2 :  0.147 0.383 0.219 0.115 0.136 
476 OmyJC18ROGR    (1)    2 :  0.062 0.042 0.391 0.236 0.269 
477 OmyJC18ROGR    (4)    2 :  0.344 0.198 0.148 0.122 0.188 
478 OmyJC18ROGR    (0)    2 :  0.120 0.077 0.272 0.308 0.222 
479 OmyJC18ROGR    (0)    2 :  0.074 0.038 0.303 0.273 0.313 
480 OmyJC18ROGR    (1)    2 :  0.115 0.139 0.211 0.296 0.238 
481 OmyJC18ROGR    (3)    2 :  0.183 0.079 0.184 0.155 0.399 
482 OmyJC18ROGR    (3)    2 :  0.452 0.029 0.203 0.160 0.155 
483 OmyJC18ROGR    (4)    2 :  0.253 0.038 0.191 0.157 0.360 
484 OmyJC18ROGR    (4)    2 :  0.114 0.045 0.243 0.293 0.305 
485 OmyJC18ROGR    (3)    2 :  0.111 0.424 0.130 0.186 0.150 
486 OmyJC18ROGR    (3)    2 :  0.130 0.379 0.145 0.171 0.174 
487 OmyJC18ROGR    (1)    2 :  0.318 0.126 0.164 0.231 0.161 
488 OmyJC18ROGR    (5)    2 :  0.096 0.060 0.333 0.317 0.194 
489 OmyJC18ROGR    (0)    2 :  0.103 0.041 0.223 0.182 0.451 
490 OmyJC18ROGR    (3)    2 :  0.094 0.084 0.325 0.228 0.269 
491 OmyJC18ROGR    (7)    2 :  0.729 0.071 0.065 0.053 0.082 
492 OmyJC18ROGR    (6)    2 :  0.717 0.033 0.068 0.092 0.090 
493 OmyJC18ROGR    (3)    2 :  0.060 0.110 0.248 0.300 0.281 
494 OmyJC18ROGR    (3)    2 :  0.046 0.749 0.060 0.073 0.073 
495 OmyJC18ROGR    (5)    2 :  0.115 0.294 0.208 0.243 0.139 
496 OmyJC18ROGR    (0)    2 :  0.145 0.108 0.226 0.250 0.272 
497 OmyJC18ROGR    (5)    2 :  0.570 0.026 0.154 0.121 0.130 
498 OmyJC18ROGR    (6)    2 :  0.076 0.110 0.361 0.221 0.232 
499 OmyJC18ROGR    (0)    2 :  0.058 0.043 0.352 0.290 0.258 
500 OmyJC18ROGR    (1)    2 :  0.470 0.057 0.185 0.142 0.146 
501 OmyJC18ROGR    (4)    2 :  0.078 0.391 0.178 0.138 0.215 
502 OmyJC18ROGR    (2)    2 :  0.221 0.192 0.129 0.114 0.344 
503 OmyJC18ROGR    (5)    2 :  0.260 0.052 0.201 0.136 0.351 
504 OmyJC18ROGR    (2)    2 :  0.108 0.167 0.208 0.121 0.395 
505 OmyJC18ROGR    (0)    2 :  0.174 0.273 0.186 0.180 0.186 
506 OmyJC18ROGR    (8)    2 :  0.277 0.067 0.272 0.150 0.235 
507 OmyJC18ROGR    (0)    2 :  0.235 0.132 0.196 0.188 0.249 
508 OmyJC18ROGR    (0)    2 :  0.379 0.171 0.125 0.121 0.204 
509 OmyJC18ROGR    (1)    2 :  0.026 0.881 0.032 0.035 0.026 
510 OmyJC18ROGR    (1)    2 :  0.095 0.091 0.317 0.249 0.248 
511 OmyJC18ROGR    (5)    2 :  0.199 0.167 0.238 0.230 0.166 
512 OmyJC18ROGR    (2)    2 :  0.081 0.734 0.059 0.061 0.065 
513 OmyJC18ROGR    (9)    2 :  0.204 0.271 0.173 0.199 0.153 
514 OmyJC18ROGR    (4)    2 :  0.240 0.397 0.139 0.110 0.114 
515 OmyJC18ROGR    (1)    2 :  0.402 0.104 0.182 0.182 0.131 
516 OmyJC18ROGR    (3)    2 :  0.106 0.166 0.316 0.241 0.172 
517 OmyJC18ROGR    (3)    2 :  0.108 0.460 0.142 0.141 0.149 
518 OmyJC18ROGR    (0)    2 :  0.404 0.069 0.179 0.139 0.210 
519 OmyJC18ROGR    (9)    2 :  0.184 0.067 0.279 0.268 0.201 
520 OmyJC18ROGR    (6)    2 :  0.090 0.104 0.291 0.156 0.359 
521 OmyJC18ROGR    (2)    2 :  0.190 0.122 0.336 0.174 0.178 
522 OmyJC18ROGR    (1)    2 :  0.060 0.097 0.249 0.143 0.451 
523 OmyJC18ROGR    (4)    2 :  0.161 0.074 0.220 0.302 0.243 
524 OmyJC18ROGR    (0)    2 :  0.044 0.063 0.215 0.301 0.377 
525 OmyJC18ROGR    (2)    2 :  0.277 0.071 0.188 0.253 0.211 
526 OmyJC18ROGR    (3)    2 :  0.403 0.078 0.149 0.201 0.168 
527 OmyJC18ROGR    (0)    2 :  0.091 0.040 0.345 0.285 0.238 
528 OmyJC18ROGR    (0)    2 :  0.248 0.049 0.224 0.248 0.232 
529 OmyJC18ROGR    (1)    2 :  0.054 0.059 0.281 0.304 0.303 
530 OmyJC18ROGR    (0)    2 :  0.304 0.051 0.203 0.160 0.281 
531 OmyJC18ROGR    (0)    2 :  0.049 0.177 0.313 0.234 0.227 
532 OmyJC18ROGR    (2)    2 :  0.166 0.032 0.199 0.274 0.329 
533 OmyJC18ROGR    (2)    2 :  0.058 0.022 0.422 0.299 0.199 
534 OmyJC18ROGR    (2)    2 :  0.126 0.062 0.188 0.222 0.402 
535 OmyJC18ROGR    (0)    2 :  0.101 0.061 0.390 0.219 0.229 
536 OmyJC18ROGR    (0)    2 :  0.135 0.046 0.311 0.290 0.218 
537 OmyJC18ROGR    (0)    2 :  0.151 0.022 0.304 0.233 0.290 
538 OmyJC18ROGR    (0)    2 :  0.119 0.077 0.409 0.229 0.167 
539 OmyJC18ROGR    (0)    2 :  0.148 0.059 0.229 0.251 0.314 
540 OmyJC18ROGR    (8)    2 :  0.599 0.075 0.120 0.101 0.105 
541 OmyJC18ROGR    (1)    2 :  0.113 0.085 0.238 0.370 0.193 
542 OmyJC18ROGR    (1)    2 :  0.288 0.261 0.171 0.141 0.139 
543 OmyJC18ROGR    (0)    2 :  0.375 0.091 0.232 0.135 0.167 
544 OmyJC18ROGR    (2)    2 :  0.151 0.059 0.333 0.337 0.120 
545 OmyJC18ROGR    (1)    2 :  0.052 0.453 0.136 0.106 0.253 
546 OmyJC18ROGR    (9)    2 :  0.133 0.028 0.395 0.232 0.212 
547 OmyJC18ROGR    (0)    2 :  0.047 0.118 0.278 0.293 0.264 
548 OmyJC18ROGR    (0)    2 :  0.235 0.222 0.219 0.169 0.156 
549 OmyJC18ROGR    (0)    2 :  0.175 0.107 0.292 0.248 0.177 
550 OmyJC18ROGR    (1)    2 :  0.076 0.511 0.156 0.172 0.085 
551 OmyJC18ROGR    (1)    2 :  0.304 0.081 0.245 0.199 0.172 
552 OmyJC18ROGR    (2)    2 :  0.063 0.098 0.292 0.352 0.195 
553 OmyJC18ROGR   (10)    2 :  0.255 0.058 0.282 0.219 0.186 
554 OmyJC18ROGR    (2)    2 :  0.239 0.053 0.304 0.216 0.189 
555 OmyJC18ROGR    (4)    2 :  0.286 0.055 0.202 0.180 0.277 
556 OmyJC18ROGR    (0)    2 :  0.274 0.115 0.273 0.230 0.108 
557 OmyJC18ROGR    (2)    2 :  0.090 0.206 0.216 0.115 0.374 
558 OmyJC18ROGR    (0)    2 :  0.051 0.253 0.242 0.223 0.231 
559 OmyJC18ROGR    (0)    2 :  0.496 0.062 0.110 0.134 0.197 
560 OmyJC18ROGR    (8)    2 :  0.265 0.141 0.189 0.210 0.196 
561 OmyJC18ROGR    (0)    2 :  0.054 0.027 0.299 0.308 0.313 
562 OmyJC18ROGR    (8)    2 :  0.264 0.137 0.243 0.222 0.135 
563 OmyJC18ROGR    (2)    2 :  0.141 0.073 0.339 0.190 0.258 
564 OmyJC18ROGR    (4)    2 :  0.093 0.076 0.245 0.434 0.152 
565 OmyJC18ROGR    (3)    2 :  0.224 0.148 0.173 0.252 0.203 
566 OmyJC18ROGR    (1)    2 :  0.151 0.156 0.165 0.146 0.383 
567 OmyJC18ROGR    (0)    2 :  0.314 0.069 0.123 0.085 0.409 
568 OmyJC18ROGR    (5)    2 :  0.148 0.150 0.261 0.294 0.146 
569 OmyJC18ROGR    (2)    2 :  0.566 0.040 0.107 0.096 0.191 
570 OmyJC18ROGR    (0)    2 :  0.069 0.058 0.327 0.190 0.357 
571 OmyJC18ROGR    (2)    2 :  0.070 0.070 0.337 0.324 0.200 
572 OmyJC18ROGR    (6)    2 :  0.319 0.066 0.210 0.203 0.201 
573 OmyJC18ROGR    (5)    2 :  0.073 0.415 0.106 0.189 0.217 
574 OmyJC18ROGR    (8)    2 :  0.084 0.183 0.260 0.188 0.283 
575 OmyJC18ROGR    (3)    2 :  0.159 0.034 0.307 0.236 0.263 
576 OmyJC18ROGR    (0)    2 :  0.446 0.122 0.149 0.151 0.132 
577 OmyJC18ROGR    (0)    2 :  0.024 0.851 0.039 0.040 0.046 
578 OmyJC18ROGR    (1)    2 :  0.118 0.051 0.306 0.287 0.239 
579 OmyJC18ROGR    (0)    2 :  0.028 0.532 0.114 0.138 0.188 
580 OmyJC18ROGR    (0)    2 :  0.305 0.039 0.285 0.172 0.199 
581 OmyJC18ROGR    (6)    2 :  0.446 0.063 0.127 0.141 0.222 
582 OmyJC18ROGR    (7)    2 :  0.130 0.038 0.281 0.320 0.230 
583 OmyJC18ROGR    (3)    2 :  0.131 0.056 0.245 0.342 0.226 
584 OmyJC18ROGR    (5)    2 :  0.211 0.072 0.267 0.198 0.252 
585 OmyJC18ROGR    (1)    2 :  0.069 0.107 0.380 0.200 0.243 
586 OmyJC18ROGR    (2)    2 :  0.143 0.028 0.329 0.264 0.236 
587 OmyJC18ROGR    (0)    2 :  0.021 0.904 0.024 0.026 0.026 
588 OmyJC18ROGR    (0)    2 :  0.144 0.200 0.203 0.096 0.357 
589 OmyJC18ROGR    (1)    2 :  0.194 0.089 0.181 0.340 0.195 
590 OmyJC18ROGR    (2)    2 :  0.066 0.020 0.350 0.248 0.316 
591 OmyJC18ROGR    (0)    2 :  0.131 0.052 0.263 0.373 0.181 
592 OmyJC18ROGR    (4)    2 :  0.170 0.056 0.269 0.166 0.339 
593 OmyJC18ROGR    (0)    2 :  0.137 0.140 0.313 0.214 0.195 
594 OmyJC18ROGR    (1)    2 :  0.077 0.045 0.369 0.285 0.224 
595 OmyJC18ROGR    (0)    2 :  0.420 0.200 0.125 0.138 0.117 
596 OmyJC18ROGR    (0)    2 :  0.208 0.092 0.240 0.252 0.208 
597 OmyJC18ROGR    (0)    2 :  0.334 0.143 0.196 0.151 0.176 
598 OmyJC18ROGR    (0)    2 :  0.176 0.071 0.167 0.204 0.381 
599 OmyJC18ROGR    (0)    2 :  0.076 0.131 0.317 0.309 0.166 
600 OmyJC18ROGR    (0)    2 :  0.095 0.072 0.373 0.277 0.182 
601 OmyJC18ROGR    (0)    2 :  0.365 0.027 0.163 0.227 0.218 
602 OmyJC18ROGR    (0)    2 :  0.181 0.224 0.167 0.260 0.169 
603 OmyJC18ROGR    (0)    2 :  0.085 0.034 0.241 0.170 0.469 
604 OmyJC18ROGR    (0)    2 :  0.081 0.038 0.299 0.426 0.155 
605 OmyJC18ROGR    (0)    2 :  0.211 0.046 0.241 0.279 0.223 
606 OmyJC18ROGR    (0)    2 :  0.144 0.115 0.268 0.207 0.266 
607 OmyJC18ROGR    (0)    2 :  0.049 0.049 0.305 0.431 0.165 
608 OmyJC18ROGR    (0)    2 :  0.066 0.036 0.278 0.318 0.304 
