

----------------------------------------------------
STRUCTURE by Pritchard, Stephens and Donnelly (2000)
     and Falush, Stephens and Pritchard (2003)
       Code by Pritchard, Falush and Hubisz
             Version 2.3.4 (Jul 2012)
----------------------------------------------------



Command line arguments:   bin/structure -m "/Users/ddayan/FRA/half_pounder_2023/structure/halfpounder_p2/10k_20k_adm_corr_2/mainparams" -e "/Users/ddayan/FRA/half_pounder_2023/structure/halfpounder_p2/10k_20k_adm_corr_2/extraparams" 
Input File:    /Users/ddayan/FRA/half_pounder_2023/structure/halfpounder_p2/project_data

Run parameters:
   1000 individuals
   233 loci
   5 populations assumed
   10000 Burn-in period
   20000 Reps


--------------------------------------------
Proportion of membership of each pre-defined
 population in each of the 5 clusters

Given    Inferred Clusters                     Number of
 Pop       1      2      3      4      5      Individuals

  1:     0.203  0.208  0.209  0.168  0.212      275
  2:     0.201  0.193  0.200  0.208  0.199      643
  3:     0.154  0.201  0.219  0.362  0.064       42
  4:     0.247  0.238  0.209  0.242  0.064       40
--------------------------------------------

Allele-freq. divergence among pops (Net nucleotide distance),
computed using point estimates of P.

      1       2       3       4       5      
 1      -    0.0005  0.0005  0.0037  0.0097  
 2   0.0005     -    0.0002  0.0040  0.0103  
 3   0.0005  0.0002     -    0.0038  0.0101  
 4   0.0037  0.0040  0.0038     -    0.0138  
 5   0.0097  0.0103  0.0101  0.0138     -    

Average distances (expected heterozygosity) between individuals in same cluster:
cluster  1  : 0.3145 
cluster  2  : 0.3123 
cluster  3  : 0.3123 
cluster  4  : 0.3051 
cluster  5  : 0.2801 

--------------------------------------------
Estimated Ln Prob of Data   = -217277.7
Mean value of ln likelihood = -214738.7
Variance of ln likelihood   = 5078.0
Mean value of alpha         = 0.2659

Mean value of Fst_1         = 0.0122
Mean value of Fst_2         = 0.0160
Mean value of Fst_3         = 0.0159
Mean value of Fst_4         = 0.0294
Mean value of Fst_5         = 0.0806


Inferred ancestry of individuals:
        Label (%Miss) Pop:  Inferred clusters
  1 OmyAC19ROGR    (0)    1 :  0.329 0.232 0.265 0.140 0.033 
  2 OmyAC19ROGR    (0)    1 :  0.305 0.252 0.261 0.057 0.124 
  3 OmyAC19ROGR    (0)    1 :  0.301 0.186 0.229 0.223 0.061 
  4 OmyAC19ROGR    (0)    1 :  0.143 0.403 0.353 0.069 0.032 
  5 OmyAC19ROGR    (1)    1 :  0.041 0.030 0.029 0.034 0.866 
  6 OmyAC19ROGR    (0)    1 :  0.104 0.126 0.136 0.291 0.342 
  7 OmyAC19ROGR    (0)    1 :  0.215 0.142 0.116 0.271 0.256 
  8 OmyAC19ROGR    (0)    1 :  0.143 0.122 0.100 0.607 0.028 
  9 OmyAC19ROGR    (0)    1 :  0.151 0.121 0.185 0.136 0.407 
 10 OmyAC19ROGR    (0)    1 :  0.218 0.168 0.208 0.063 0.343 
 11 OmyAC19ROGR    (0)    1 :  0.104 0.162 0.172 0.489 0.072 
 12 OmyAC19ROGR    (0)    1 :  0.308 0.193 0.190 0.100 0.209 
 13 OmyAC19ROGR    (0)    1 :  0.318 0.223 0.098 0.324 0.038 
 14 OmyAC19ROGR    (0)    1 :  0.318 0.176 0.107 0.213 0.186 
 15 OmyAC19ROGR    (0)    1 :  0.235 0.171 0.122 0.093 0.379 
 16 OmyAC19ROGR    (0)    1 :  0.150 0.228 0.202 0.327 0.092 
 17 OmyAC19ROGR    (0)    1 :  0.281 0.375 0.178 0.037 0.129 
 18 OmyAC19ROGR    (3)    1 :  0.286 0.172 0.359 0.162 0.020 
 19 OmyAC19ROGR    (0)    1 :  0.083 0.068 0.076 0.714 0.060 
 20 OmyAC19ROGR    (0)    1 :  0.202 0.241 0.195 0.037 0.324 
 21 OmyAC19ROGR    (0)    1 :  0.177 0.188 0.236 0.078 0.321 
 22 OmyAC19ROGR    (0)    1 :  0.165 0.092 0.109 0.560 0.074 
 23 OmyAC19ROGR    (0)    1 :  0.238 0.145 0.135 0.167 0.315 
 24 OmyAC19ROGR    (1)    1 :  0.214 0.207 0.334 0.202 0.042 
 25 OmyAC19ROGR    (0)    1 :  0.185 0.107 0.082 0.189 0.436 
 26 OmyAC19ROGR    (0)    1 :  0.217 0.176 0.179 0.312 0.115 
 27 OmyAC19ROGR    (2)    1 :  0.320 0.161 0.163 0.291 0.065 
 28 OmyAC19ROGR    (0)    1 :  0.170 0.285 0.396 0.096 0.053 
 29 OmyAC19ROGR    (0)    1 :  0.275 0.215 0.367 0.065 0.079 
 30 OmyAC19ROGR    (0)    1 :  0.177 0.094 0.174 0.126 0.429 
 31 OmyAC19ROGR    (0)    1 :  0.144 0.208 0.310 0.271 0.067 
 32 OmyAC19ROGR    (0)    1 :  0.180 0.239 0.346 0.069 0.165 
 33 OmyAC19ROGR    (0)    1 :  0.139 0.341 0.324 0.098 0.098 
 34 OmyAC19ROGR    (0)    1 :  0.144 0.131 0.164 0.119 0.442 
 35 OmyAC19ROGR    (0)    1 :  0.230 0.299 0.313 0.081 0.078 
 36 OmyAC19ROGR    (0)    1 :  0.162 0.109 0.112 0.558 0.060 
 37 OmyAC19ROGR    (0)    1 :  0.081 0.074 0.067 0.577 0.201 
 38 OmyAC19ROGR    (0)    1 :  0.137 0.078 0.084 0.163 0.537 
 39 OmyAC19ROGR    (0)    1 :  0.320 0.204 0.344 0.049 0.083 
 40 OmyAC19ROGR    (0)    1 :  0.186 0.206 0.160 0.068 0.379 
 41 OmyAC19ROGR    (0)    1 :  0.249 0.242 0.350 0.101 0.058 
 42 OmyAC19ROGR    (0)    1 :  0.071 0.070 0.087 0.058 0.714 
 43 OmyAC19ROGR    (0)    1 :  0.413 0.195 0.286 0.050 0.057 
 44 OmyAC19ROGR    (8)    1 :  0.141 0.312 0.348 0.148 0.051 
 45 OmyAC19ROGR    (2)    1 :  0.094 0.133 0.176 0.193 0.404 
 46 OmyAC19ROGR    (0)    1 :  0.130 0.334 0.240 0.202 0.094 
 47 OmyAC19ROGR    (0)    1 :  0.112 0.109 0.131 0.606 0.043 
 48 OmyAC19ROGR    (0)    1 :  0.352 0.231 0.212 0.167 0.038 
 49 OmyAC19ROGR    (0)    1 :  0.251 0.286 0.217 0.201 0.045 
 50 OmyAC19ROGR    (0)    1 :  0.371 0.306 0.240 0.046 0.037 
 51 OmyAC19ROGR    (2)    1 :  0.064 0.078 0.073 0.064 0.722 
 52 OmyAC19ROGR    (0)    1 :  0.062 0.051 0.064 0.050 0.773 
 53 OmyAC19ROGR    (1)    1 :  0.176 0.184 0.187 0.412 0.041 
 54 OmyAC19ROGR    (0)    1 :  0.257 0.292 0.263 0.107 0.081 
 55 OmyAC19ROGR    (4)    1 :  0.236 0.195 0.205 0.301 0.063 
 56 OmyAC19ROGR    (0)    1 :  0.119 0.160 0.162 0.355 0.204 
 57 OmyAC19ROGR    (0)    1 :  0.048 0.061 0.039 0.825 0.026 
 58 OmyAC19ROGR    (0)    1 :  0.064 0.050 0.044 0.284 0.557 
 59 OmyAC19ROGR    (0)    1 :  0.154 0.117 0.174 0.512 0.043 
 60 OmyAC19ROGR    (0)    1 :  0.131 0.104 0.112 0.524 0.130 
 61 OmyAC19ROGR    (0)    1 :  0.416 0.250 0.177 0.080 0.077 
 62 OmyAC19ROGR    (0)    1 :  0.321 0.185 0.174 0.249 0.072 
 63 OmyAC19ROGR    (0)    1 :  0.201 0.257 0.181 0.169 0.192 
 64 OmyAC19ROGR    (2)    1 :  0.179 0.398 0.286 0.061 0.076 
 65 OmyAC19ROGR    (0)    1 :  0.230 0.222 0.222 0.279 0.046 
 66 OmyAC19ROGR    (5)    1 :  0.307 0.186 0.112 0.163 0.232 
 67 OmyAC19ROGR    (0)    1 :  0.067 0.145 0.143 0.599 0.045 
 68 OmyAC19ROGR    (1)    1 :  0.211 0.179 0.248 0.187 0.176 
 69 OmyAC19ROGR    (3)    1 :  0.198 0.179 0.168 0.303 0.151 
 70 OmyAC19ROGR    (0)    1 :  0.265 0.292 0.334 0.065 0.044 
 71 OmyAC19ROGR    (0)    1 :  0.299 0.242 0.126 0.265 0.069 
 72 OmyAC19ROGR    (5)    1 :  0.299 0.242 0.241 0.176 0.042 
 73 OmyAC19ROGR    (0)    1 :  0.353 0.173 0.251 0.073 0.150 
 74 OmyAC19ROGR    (0)    1 :  0.311 0.310 0.240 0.056 0.082 
 75 OmyAC19ROGR    (0)    1 :  0.153 0.322 0.312 0.090 0.123 
 76 OmyAC19ROGR    (0)    1 :  0.222 0.212 0.396 0.119 0.051 
 77 OmyAC19ROGR    (1)    1 :  0.026 0.023 0.023 0.021 0.907 
 78 OmyAC19ROGR    (0)    1 :  0.301 0.279 0.334 0.046 0.041 
 79 OmyAC19ROGR    (3)    1 :  0.219 0.272 0.348 0.080 0.081 
 80 OmyAC19ROGR    (0)    1 :  0.067 0.068 0.064 0.069 0.732 
 81 OmyAC19ROGR    (3)    1 :  0.220 0.188 0.157 0.144 0.291 
 82 OmyAC19ROGR    (1)    1 :  0.103 0.080 0.088 0.711 0.017 
 83 OmyAC19ROGR    (0)    1 :  0.182 0.338 0.292 0.141 0.046 
 84 OmyAC19ROGR    (0)    1 :  0.153 0.207 0.212 0.346 0.082 
 85 OmyAC19ROGR    (7)    1 :  0.334 0.240 0.273 0.096 0.057 
 86 OmyAC19ROGR    (0)    1 :  0.339 0.280 0.214 0.084 0.083 
 87 OmyAC19ROGR    (0)    1 :  0.110 0.379 0.351 0.120 0.039 
 88 OmyJC19ROGR    (0)    2 :  0.056 0.055 0.042 0.036 0.811 
 89 OmyJC19ROGR    (0)    2 :  0.272 0.182 0.164 0.320 0.063 
 90 OmyJC19ROGR    (0)    2 :  0.037 0.045 0.041 0.022 0.856 
 91 OmyJC19ROGR    (0)    2 :  0.194 0.217 0.164 0.406 0.019 
 92 OmyJC19ROGR    (0)    2 :  0.254 0.307 0.299 0.079 0.062 
 93 OmyJC19ROGR    (0)    2 :  0.203 0.216 0.408 0.121 0.052 
 94 OmyJC19ROGR    (0)    2 :  0.246 0.263 0.315 0.054 0.122 
 95 OmyJC19ROGR    (0)    2 :  0.179 0.228 0.321 0.108 0.165 
 96 OmyJC19ROGR    (0)    2 :  0.337 0.214 0.124 0.128 0.197 
 97 OmyJC19ROGR    (0)    2 :  0.164 0.175 0.212 0.131 0.318 
 98 OmyJC19ROGR    (0)    2 :  0.141 0.200 0.299 0.308 0.053 
 99 OmyJC19ROGR    (0)    2 :  0.113 0.257 0.325 0.240 0.064 
100 OmyJC19ROGR    (0)    2 :  0.325 0.111 0.305 0.223 0.036 
101 OmyJC19ROGR    (1)    2 :  0.132 0.108 0.128 0.150 0.482 
102 OmyJC19ROGR    (0)    2 :  0.154 0.305 0.201 0.241 0.099 
103 OmyJC19ROGR    (0)    2 :  0.223 0.192 0.181 0.115 0.289 
104 OmyJC19ROGR    (0)    2 :  0.202 0.149 0.200 0.417 0.032 
105 OmyJC19ROGR    (0)    2 :  0.113 0.254 0.241 0.145 0.248 
106 OmyJC19ROGR    (0)    2 :  0.040 0.046 0.045 0.032 0.836 
107 OmyJC19ROGR    (0)    2 :  0.059 0.094 0.128 0.520 0.199 
108 OmyJC19ROGR    (0)    2 :  0.213 0.369 0.258 0.081 0.079 
109 OmyJC19ROGR    (0)    2 :  0.303 0.169 0.164 0.216 0.149 
110 OmyJC19ROGR    (0)    2 :  0.097 0.148 0.131 0.121 0.502 
111 OmyJC19ROGR    (0)    2 :  0.090 0.111 0.116 0.628 0.056 
112 OmyJC19ROGR    (2)    2 :  0.225 0.140 0.206 0.233 0.196 
113 OmyJC19ROGR    (0)    2 :  0.194 0.126 0.124 0.089 0.467 
114 OmyJC19ROGR    (5)    2 :  0.306 0.171 0.399 0.083 0.041 
115 OmyJC19ROGR    (0)    2 :  0.217 0.393 0.285 0.067 0.038 
116 OmyJC19ROGR    (0)    2 :  0.311 0.252 0.251 0.091 0.094 
117 OmyJC19ROGR    (0)    2 :  0.279 0.246 0.200 0.157 0.119 
118 OmyJC19ROGR    (0)    2 :  0.153 0.409 0.290 0.118 0.031 
119 OmyJC19ROGR    (2)    2 :  0.177 0.336 0.353 0.098 0.036 
120 OmyJC19ROGR    (0)    2 :  0.170 0.110 0.104 0.585 0.032 
121 OmyJC19ROGR    (0)    2 :  0.160 0.176 0.145 0.486 0.033 
122 OmyJC19ROGR    (0)    2 :  0.276 0.235 0.241 0.174 0.074 
123 OmyJC19ROGR    (1)    2 :  0.185 0.309 0.364 0.121 0.022 
124 OmyJC19ROGR    (0)    2 :  0.241 0.225 0.248 0.069 0.216 
125 OmyJC19ROGR    (0)    2 :  0.346 0.176 0.298 0.090 0.090 
126 OmyJC19ROGR    (0)    2 :  0.070 0.090 0.075 0.038 0.727 
127 OmyJC19ROGR    (0)    2 :  0.237 0.186 0.168 0.371 0.037 
128 OmyJC19ROGR    (1)    2 :  0.264 0.214 0.312 0.176 0.035 
129 OmyJC19ROGR    (0)    2 :  0.287 0.225 0.172 0.059 0.257 
130 OmyJC19ROGR    (2)    2 :  0.405 0.252 0.154 0.064 0.126 
131 OmyJC19ROGR    (0)    2 :  0.191 0.142 0.173 0.423 0.070 
132 OmyJC19ROGR    (0)    2 :  0.099 0.295 0.400 0.140 0.066 
133 OmyJC19ROGR    (0)    2 :  0.177 0.359 0.314 0.123 0.026 
134 OmyJC19ROGR    (0)    2 :  0.177 0.340 0.247 0.187 0.048 
135 OmyJC19ROGR    (0)    2 :  0.126 0.085 0.118 0.601 0.070 
136 OmyJC19ROGR    (4)    2 :  0.162 0.320 0.302 0.123 0.093 
137 OmyJC19ROGR    (0)    2 :  0.313 0.180 0.140 0.198 0.169 
138 OmyJC19ROGR    (0)    2 :  0.058 0.067 0.073 0.144 0.658 
139 OmyJC19ROGR    (3)    2 :  0.379 0.197 0.178 0.214 0.031 
140 OmyJC19ROGR    (1)    2 :  0.388 0.239 0.198 0.073 0.102 
141 OmyJC19ROGR    (0)    2 :  0.324 0.193 0.259 0.086 0.138 
142 OmyJC19ROGR    (0)    2 :  0.129 0.119 0.141 0.169 0.442 
143 OmyJC19ROGR    (0)    2 :  0.190 0.270 0.346 0.078 0.116 
144 OmyJC19ROGR    (0)    2 :  0.298 0.163 0.143 0.374 0.023 
145 OmyJC19ROGR    (0)    2 :  0.394 0.193 0.219 0.153 0.041 
146 OmyJC19ROGR    (1)    2 :  0.238 0.222 0.175 0.260 0.105 
147 OmyJC19ROGR    (0)    2 :  0.109 0.105 0.113 0.482 0.190 
148 OmyJC19ROGR    (0)    2 :  0.092 0.151 0.133 0.568 0.056 
149 OmyJC19ROGR    (0)    2 :  0.124 0.355 0.327 0.154 0.040 
150 OmyJC19ROGR    (1)    2 :  0.185 0.339 0.330 0.085 0.061 
151 OmyJC19ROGR    (0)    2 :  0.393 0.258 0.184 0.059 0.106 
152 OmyJC19ROGR    (0)    2 :  0.101 0.259 0.238 0.357 0.045 
153 OmyJC19ROGR    (0)    2 :  0.105 0.207 0.204 0.407 0.077 
154 OmyJC19ROGR    (0)    2 :  0.201 0.195 0.186 0.334 0.084 
155 OmyJC19ROGR    (0)    2 :  0.456 0.224 0.208 0.062 0.049 
156 OmyJC19ROGR    (0)    2 :  0.189 0.189 0.309 0.224 0.089 
157 OmyJC19ROGR    (0)    2 :  0.277 0.193 0.195 0.111 0.224 
158 OmyJC19ROGR    (0)    2 :  0.092 0.396 0.329 0.163 0.020 
159 OmyJC19ROGR    (0)    2 :  0.176 0.285 0.358 0.140 0.041 
160 OmyJC19ROGR    (0)    2 :  0.249 0.203 0.251 0.188 0.108 
161 OmyJC19ROGR    (1)    2 :  0.091 0.101 0.108 0.666 0.033 
162 OmyJC19ROGR    (0)    2 :  0.106 0.182 0.221 0.282 0.208 
163 OmyJC19ROGR    (0)    2 :  0.141 0.128 0.175 0.457 0.098 
164 OmyJC19ROGR    (0)    2 :  0.267 0.247 0.194 0.271 0.023 
165 OmyJC19ROGR    (0)    2 :  0.173 0.357 0.281 0.158 0.031 
166 OmyJC19ROGR    (0)    2 :  0.306 0.308 0.234 0.088 0.064 
167 OmyJC19ROGR    (0)    2 :  0.209 0.131 0.259 0.263 0.137 
168 OmyJC19ROGR    (0)    2 :  0.262 0.210 0.296 0.139 0.093 
169 OmyJC19ROGR    (0)    2 :  0.036 0.040 0.038 0.023 0.862 
170 OmyJC19ROGR    (0)    2 :  0.267 0.271 0.264 0.106 0.092 
171 OmyJC19ROGR    (0)    2 :  0.203 0.290 0.298 0.161 0.048 
172 OmyJC19ROGR    (0)    2 :  0.163 0.124 0.127 0.324 0.262 
173 OmyJC19ROGR    (0)    2 :  0.044 0.061 0.053 0.043 0.799 
174 OmyJC19ROGR    (0)    2 :  0.392 0.190 0.305 0.081 0.032 
175 OmyJC19ROGR    (0)    2 :  0.272 0.373 0.250 0.068 0.036 
176 OmyJC19ROGR    (0)    2 :  0.214 0.136 0.145 0.305 0.200 
177 OmyJC19ROGR    (0)    2 :  0.062 0.080 0.114 0.719 0.025 
178 OmyJC19ROGR    (0)    2 :  0.381 0.186 0.235 0.145 0.054 
179 OmyJC19ROGR    (0)    2 :  0.336 0.219 0.309 0.089 0.047 
180 OmyJC19ROGR    (0)    2 :  0.043 0.039 0.055 0.052 0.811 
181 OmyJC19ROGR    (0)    2 :  0.213 0.261 0.363 0.083 0.080 
182 OmyJC19ROGR    (0)    2 :  0.256 0.163 0.148 0.355 0.078 
183 OmyJC19ROGR    (0)    2 :  0.225 0.236 0.247 0.241 0.051 
184 OmyJC19ROGR    (0)    2 :  0.051 0.106 0.085 0.078 0.680 
185 OmyJC19ROGR    (0)    2 :  0.471 0.160 0.251 0.096 0.021 
186 OmyJC19ROGR    (0)    2 :  0.179 0.155 0.194 0.166 0.305 
187 OmyJC19ROGR    (0)    2 :  0.227 0.342 0.322 0.053 0.056 
188 OmyJC19ROGR    (0)    2 :  0.260 0.317 0.224 0.147 0.051 
189 OmyJC19ROGR    (0)    2 :  0.119 0.162 0.332 0.131 0.256 
190 OmyJC19ROGR    (0)    2 :  0.092 0.205 0.210 0.408 0.085 
191 OmyJC19ROGR    (0)    2 :  0.160 0.304 0.335 0.127 0.075 
192 OmyJC19ROGR    (0)    2 :  0.289 0.347 0.216 0.113 0.034 
193 OmyJC19ROGR    (0)    2 :  0.124 0.121 0.124 0.409 0.222 
194 OmyJC19ROGR    (0)    2 :  0.128 0.197 0.112 0.541 0.022 
195 OmyJC19ROGR    (0)    2 :  0.064 0.067 0.088 0.027 0.754 
196 OmyJC19ROGR    (0)    2 :  0.337 0.177 0.414 0.031 0.042 
197 OmyJC19ROGR    (0)    2 :  0.289 0.240 0.224 0.197 0.051 
198 OmyJC19ROGR    (0)    2 :  0.048 0.050 0.043 0.063 0.795 
199 OmyJC19ROGR    (0)    2 :  0.371 0.221 0.183 0.196 0.029 
200 OmyJC19ROGR    (0)    2 :  0.182 0.203 0.254 0.160 0.201 
201 OmyJC19ROGR    (0)    2 :  0.268 0.283 0.152 0.267 0.030 
202 OmyJC19ROGR    (0)    2 :  0.147 0.322 0.169 0.329 0.033 
203 OmyJC19ROGR    (0)    2 :  0.118 0.403 0.363 0.077 0.039 
204 OmyJC19ROGR    (0)    2 :  0.211 0.321 0.213 0.139 0.116 
205 OmyJC19ROGR    (0)    2 :  0.182 0.158 0.280 0.238 0.141 
206 OmyJC19ROGR    (0)    2 :  0.049 0.027 0.030 0.024 0.871 
207 OmyJC19ROGR    (0)    2 :  0.126 0.083 0.074 0.288 0.429 
208 OmyJC19ROGR    (0)    2 :  0.364 0.277 0.132 0.183 0.044 
209 OmyJC19ROGR    (0)    2 :  0.242 0.159 0.095 0.182 0.322 
210 OmyJC19ROGR    (0)    2 :  0.050 0.048 0.045 0.019 0.839 
211 OmyJC19ROGR    (0)    2 :  0.271 0.136 0.142 0.335 0.116 
212 OmyJC19ROGR    (1)    2 :  0.055 0.068 0.093 0.570 0.213 
213 OmyJC19ROGR    (1)    2 :  0.320 0.238 0.291 0.051 0.101 
214 OmyJC19ROGR    (0)    2 :  0.156 0.161 0.134 0.392 0.158 
215 OmyJC19ROGR    (0)    2 :  0.188 0.465 0.248 0.071 0.028 
216 OmyJC19ROGR    (0)    2 :  0.162 0.096 0.075 0.184 0.483 
217 OmyJC19ROGR    (0)    2 :  0.151 0.098 0.112 0.094 0.546 
218 OmyJC19ROGR    (0)    2 :  0.156 0.387 0.331 0.073 0.053 
219 OmyJC19ROGR    (0)    2 :  0.168 0.176 0.207 0.244 0.205 
220 OmyJC19ROGR    (0)    2 :  0.116 0.162 0.176 0.529 0.017 
221 OmyJC19ROGR    (0)    2 :  0.127 0.109 0.146 0.465 0.152 
222 OmyJC19ROGR    (0)    2 :  0.263 0.244 0.271 0.186 0.036 
223 OmyJC19ROGR    (0)    2 :  0.175 0.193 0.215 0.295 0.121 
224 OmyJC19ROGR    (1)    2 :  0.319 0.221 0.257 0.125 0.077 
225 OmyJC19ROGR    (0)    2 :  0.044 0.037 0.033 0.138 0.748 
226 OmyJC19ROGR    (0)    2 :  0.223 0.181 0.206 0.043 0.347 
227 OmyJC19ROGR    (0)    2 :  0.039 0.038 0.058 0.037 0.829 
228 OmyJC19ROGR    (0)    2 :  0.318 0.306 0.119 0.211 0.047 
229 OmyJC19ROGR    (0)    2 :  0.157 0.357 0.327 0.116 0.043 
230 OmyJC19ROGR    (0)    2 :  0.173 0.205 0.224 0.192 0.206 
231 OmyJC19ROGR    (0)    2 :  0.189 0.183 0.160 0.342 0.126 
232 OmyJC19ROGR    (2)    2 :  0.208 0.183 0.187 0.301 0.121 
233 OmyJC19ROGR    (0)    2 :  0.151 0.147 0.163 0.331 0.208 
234 OmyJC19ROGR    (0)    2 :  0.029 0.033 0.032 0.031 0.876 
235 OmyJC19ROGR    (0)    2 :  0.078 0.087 0.079 0.073 0.683 
236 OmyJC19ROGR    (0)    2 :  0.117 0.071 0.072 0.702 0.038 
237 OmyJC19ROGR    (0)    2 :  0.195 0.141 0.094 0.448 0.121 
238 OmyJC19ROGR    (0)    2 :  0.108 0.067 0.093 0.655 0.077 
239 OmyJC19ROGR    (0)    2 :  0.318 0.188 0.143 0.295 0.057 
240 OmyJC19ROGR    (0)    2 :  0.345 0.258 0.190 0.120 0.087 
241 OmyJC19ROGR    (0)    2 :  0.211 0.150 0.348 0.092 0.199 
242 OmyJC19ROGR    (0)    2 :  0.192 0.130 0.126 0.528 0.024 
243 OmyJC19ROGR    (0)    2 :  0.207 0.319 0.303 0.122 0.049 
244 OmyJC19ROGR    (0)    2 :  0.186 0.281 0.369 0.112 0.052 
245 OmyJC19ROGR    (0)    2 :  0.039 0.042 0.043 0.032 0.844 
246 OmyJC19ROGR    (0)    2 :  0.178 0.168 0.288 0.229 0.136 
247 OmyJC19ROGR    (0)    2 :  0.057 0.110 0.144 0.073 0.616 
248 OmyJC19ROGR    (0)    2 :  0.233 0.206 0.146 0.040 0.375 
249 OmyJC19ROGR    (0)    2 :  0.196 0.311 0.332 0.065 0.096 
250 OmyJC19ROGR    (0)    2 :  0.227 0.309 0.272 0.081 0.111 
251 OmyJC19ROGR    (0)    2 :  0.236 0.240 0.398 0.055 0.071 
252 OmyJC19ROGR    (0)    2 :  0.250 0.144 0.208 0.310 0.088 
253 OmyJC19ROGR    (0)    2 :  0.329 0.260 0.252 0.055 0.104 
254 OmyJC19ROGR    (0)    2 :  0.229 0.247 0.319 0.077 0.128 
255 OmyJC19ROGR    (0)    2 :  0.180 0.248 0.289 0.213 0.070 
256 OmyJC19ROGR    (0)    2 :  0.212 0.170 0.328 0.146 0.143 
257 OmyJC19ROGR    (0)    2 :  0.150 0.310 0.408 0.057 0.075 
258 OmyAC19ROGR    (0)    1 :  0.428 0.210 0.139 0.124 0.100 
259 OmyAC19ROGR    (0)    1 :  0.250 0.170 0.103 0.143 0.333 
260 OmyAC19ROGR    (0)    1 :  0.492 0.269 0.131 0.046 0.062 
261 OmyAC19ROGR    (0)    1 :  0.314 0.299 0.221 0.052 0.114 
262 OmyAC19ROGR    (0)    1 :  0.337 0.167 0.320 0.058 0.118 
263 OmyAC19ROGR    (0)    1 :  0.117 0.250 0.322 0.225 0.086 
264 OmyAC19ROGR    (0)    1 :  0.208 0.255 0.395 0.074 0.068 
265 OmyAC19ROGR    (0)    1 :  0.066 0.493 0.355 0.042 0.044 
266 OmyAC19ROGR    (0)    1 :  0.253 0.289 0.321 0.094 0.045 
267 OmyAC19ROGR    (0)    1 :  0.134 0.211 0.332 0.056 0.267 
268 OmyAC19ROGR    (0)    1 :  0.210 0.187 0.228 0.248 0.127 
269 OmyAC19ROGR    (1)    1 :  0.220 0.184 0.359 0.069 0.167 
270 OmyAC19ROGR    (0)    1 :  0.244 0.253 0.412 0.043 0.048 
271 OmyAC19ROGR    (0)    1 :  0.151 0.195 0.195 0.081 0.377 
272 OmyAC19ROGR    (0)    1 :  0.190 0.182 0.288 0.178 0.162 
273 OmyAC19ROGR    (0)    1 :  0.341 0.231 0.287 0.105 0.035 
274 OmyAC19ROGR    (0)    1 :  0.116 0.089 0.148 0.067 0.579 
275 OmyAC19ROGR    (0)    1 :  0.131 0.086 0.069 0.631 0.083 
276 OmyAC19ROGR    (0)    1 :  0.261 0.311 0.178 0.173 0.077 
277 OmyAC19ROGR    (0)    1 :  0.382 0.215 0.156 0.102 0.145 
278 OmyAC19ROGR    (0)    1 :  0.111 0.129 0.135 0.369 0.256 
279 OmyAC19ROGR    (0)    1 :  0.344 0.129 0.058 0.291 0.178 
280 OmyAC19ROGR    (0)    1 :  0.255 0.260 0.195 0.087 0.203 
281 OmyAC19ROGR    (0)    1 :  0.186 0.370 0.288 0.088 0.067 
282 OmyAC19ROGR    (0)    1 :  0.192 0.206 0.277 0.119 0.205 
283 OmyAC19ROGR    (0)    1 :  0.178 0.308 0.246 0.148 0.119 
284 OmyAC19ROGR    (0)    1 :  0.138 0.366 0.361 0.087 0.048 
285 OmyAC19ROGR    (0)    1 :  0.191 0.340 0.288 0.126 0.054 
286 OmyAC19ROGR    (0)    1 :  0.248 0.407 0.218 0.084 0.043 
287 OmyAC19ROGR    (0)    1 :  0.028 0.024 0.021 0.015 0.912 
288 OmyAC19ROGR    (0)    1 :  0.051 0.051 0.043 0.260 0.594 
289 OmyAC19ROGR    (0)    1 :  0.182 0.297 0.305 0.094 0.122 
290 OmyAC19ROGR    (1)    1 :  0.028 0.024 0.033 0.033 0.883 
291 OmyAC19ROGR    (0)    1 :  0.154 0.181 0.205 0.077 0.384 
292 OmyAC19ROGR    (0)    1 :  0.301 0.259 0.225 0.082 0.133 
293 OmyAC19ROGR    (0)    1 :  0.132 0.164 0.205 0.436 0.063 
294 OmyAC19ROGR    (0)    1 :  0.172 0.275 0.236 0.045 0.272 
295 OmyAC19ROGR    (0)    1 :  0.433 0.329 0.167 0.032 0.038 
296 OmyAC19ROGR    (0)    1 :  0.170 0.140 0.075 0.570 0.045 
297 OmyAC19ROGR    (0)    1 :  0.115 0.156 0.166 0.037 0.526 
298 OmyAC19ROGR    (0)    1 :  0.263 0.373 0.177 0.128 0.060 
299 OmyAC19ROGR    (0)    1 :  0.165 0.227 0.285 0.126 0.197 
300 OmyAC19ROGR    (0)    1 :  0.144 0.369 0.289 0.126 0.072 
301 OmyAC19ROGR    (0)    1 :  0.042 0.053 0.039 0.036 0.830 
302 OmyAC19ROGR    (0)    1 :  0.113 0.109 0.130 0.100 0.547 
303 OmyAC19ROGR    (0)    1 :  0.260 0.232 0.318 0.095 0.095 
304 OmyAC19ROGR    (0)    1 :  0.102 0.101 0.095 0.416 0.286 
305 OmyAC19ROGR    (0)    1 :  0.138 0.370 0.341 0.095 0.056 
306 OmyAC19ROGR    (0)    1 :  0.198 0.152 0.110 0.060 0.480 
307 OmyAC19ROGR    (1)    1 :  0.209 0.295 0.235 0.209 0.053 
308 OmyAC19ROGR    (0)    1 :  0.225 0.181 0.326 0.128 0.140 
309 OmyAC19ROGR    (0)    1 :  0.080 0.082 0.081 0.039 0.719 
310 OmyAC19ROGR    (0)    1 :  0.181 0.204 0.252 0.069 0.294 
311 OmyAC19ROGR    (0)    1 :  0.188 0.082 0.090 0.080 0.561 
312 OmyAC19ROGR    (0)    1 :  0.185 0.252 0.391 0.112 0.060 
313 OmyAC19ROGR    (0)    1 :  0.154 0.340 0.259 0.177 0.069 
314 OmyAC19ROGR    (0)    1 :  0.153 0.217 0.273 0.207 0.150 
315 OmyAC19ROGR    (0)    1 :  0.230 0.245 0.335 0.051 0.139 
316 OmyAC19ROGR    (0)    1 :  0.157 0.480 0.285 0.036 0.042 
317 OmyAC19ROGR    (0)    1 :  0.105 0.112 0.117 0.624 0.042 
318 OmyAC19ROGR    (0)    1 :  0.232 0.187 0.323 0.227 0.031 
319 OmyAC19ROGR    (0)    1 :  0.192 0.346 0.288 0.143 0.032 
320 OmyAC19ROGR    (0)    1 :  0.114 0.348 0.305 0.211 0.023 
321 OmyAC19ROGR    (0)    1 :  0.330 0.230 0.278 0.127 0.035 
322 OmyAC19ROGR    (0)    1 :  0.349 0.187 0.125 0.046 0.294 
323 OmyAC19ROGR    (0)    1 :  0.468 0.227 0.141 0.099 0.066 
324 OmyAC19ROGR    (0)    1 :  0.251 0.361 0.300 0.053 0.035 
325 OmyAC19ROGR    (0)    1 :  0.235 0.227 0.256 0.065 0.217 
326 OmyAC19ROGR    (0)    1 :  0.231 0.367 0.286 0.068 0.047 
327 OmyAC19ROGR    (0)    1 :  0.189 0.401 0.310 0.061 0.040 
328 OmyAC20ROGR    (0)    1 :  0.175 0.257 0.229 0.285 0.053 
329 OmyAC20ROGR    (0)    1 :  0.157 0.286 0.252 0.167 0.138 
330 OmyAC20ROGR    (0)    1 :  0.241 0.158 0.207 0.235 0.158 
331 OmyAC20ROGR    (0)    1 :  0.083 0.122 0.131 0.106 0.558 
332 OmyAC20ROGR    (0)    1 :  0.152 0.214 0.322 0.096 0.217 
333 OmyAC20ROGR    (0)    1 :  0.091 0.307 0.329 0.053 0.220 
334 OmyAC20ROGR    (0)    1 :  0.178 0.336 0.346 0.065 0.074 
335 OmyAC20ROGR    (0)    1 :  0.287 0.209 0.389 0.079 0.036 
336 OmyAC20ROGR    (0)    1 :  0.211 0.164 0.354 0.103 0.169 
337 OmyAC20ROGR    (0)    1 :  0.158 0.130 0.142 0.104 0.467 
338 OmyAC20ROGR    (0)    1 :  0.225 0.226 0.385 0.062 0.101 
339 OmyAC20ROGR    (0)    1 :  0.264 0.277 0.213 0.157 0.089 
340 OmyAC20ROGR    (0)    1 :  0.212 0.232 0.327 0.151 0.078 
341 OmyAC20ROGR    (0)    1 :  0.135 0.144 0.176 0.477 0.067 
342 OmyAC20ROGR    (0)    1 :  0.191 0.276 0.217 0.155 0.161 
343 OmyAC20ROGR    (0)    1 :  0.135 0.122 0.181 0.513 0.049 
344 OmyAC20ROGR    (0)    1 :  0.131 0.197 0.226 0.158 0.287 
345 OmyAC20ROGR    (1)    1 :  0.248 0.303 0.255 0.031 0.164 
346 OmyAC20ROGR    (0)    1 :  0.132 0.327 0.259 0.048 0.235 
347 OmyAC20ROGR    (0)    1 :  0.177 0.149 0.211 0.172 0.292 
348 OmyAC20ROGR    (0)    1 :  0.103 0.233 0.166 0.344 0.154 
349 OmyAC20ROGR    (0)    1 :  0.123 0.328 0.283 0.228 0.039 
350 OmyAC20ROGR    (0)    1 :  0.085 0.090 0.085 0.666 0.073 
351 OmyAC20ROGR    (0)    1 :  0.258 0.324 0.252 0.088 0.078 
352 OmyAC20ROGR    (0)    1 :  0.398 0.262 0.167 0.115 0.058 
353 OmyAC20ROGR    (0)    1 :  0.216 0.210 0.399 0.081 0.094 
354 OmyAC20ROGR    (0)    1 :  0.158 0.115 0.118 0.283 0.326 
355 OmyAC20ROGR    (0)    1 :  0.061 0.120 0.093 0.584 0.142 
356 OmyAC20ROGR    (0)    1 :  0.189 0.301 0.182 0.073 0.254 
357 OmyAC20ROGR    (0)    1 :  0.276 0.193 0.279 0.193 0.059 
358 OmyAC20ROGR    (0)    1 :  0.312 0.300 0.200 0.144 0.043 
359 OmyAC20ROGR    (0)    1 :  0.247 0.142 0.089 0.158 0.363 
360 OmyAC20ROGR    (0)    1 :  0.307 0.169 0.235 0.107 0.183 
361 OmyAC20ROGR    (0)    1 :  0.311 0.223 0.087 0.342 0.038 
362 OmyAC20ROGR    (0)    1 :  0.376 0.218 0.188 0.103 0.116 
363 OmyAC20ROGR    (0)    1 :  0.089 0.119 0.137 0.294 0.361 
364 OmyAC20ROGR    (1)    1 :  0.176 0.296 0.257 0.203 0.068 
365 OmyAC20ROGR    (0)    1 :  0.189 0.322 0.363 0.086 0.039 
366 OmyAC20ROGR    (0)    1 :  0.232 0.306 0.376 0.058 0.028 
367 OmyAC20ROGR    (0)    1 :  0.456 0.250 0.166 0.054 0.074 
368 OmyAC20ROGR    (0)    1 :  0.312 0.213 0.234 0.187 0.054 
369 OmyAC20ROGR    (0)    1 :  0.190 0.115 0.128 0.253 0.314 
370 OmyAC20ROGR    (0)    1 :  0.131 0.085 0.078 0.056 0.650 
371 OmyAC20ROGR    (0)    1 :  0.076 0.072 0.070 0.059 0.723 
372 OmyAC20ROGR    (2)    1 :  0.049 0.035 0.049 0.034 0.833 
373 OmyAC20ROGR    (0)    1 :  0.096 0.070 0.072 0.146 0.616 
374 OmyAC20ROGR    (0)    1 :  0.335 0.260 0.285 0.091 0.030 
375 OmyAC20ROGR    (0)    1 :  0.189 0.296 0.301 0.099 0.115 
376 OmyAC20ROGR    (0)    1 :  0.239 0.184 0.179 0.175 0.222 
377 OmyAC20ROGR    (0)    1 :  0.183 0.320 0.341 0.121 0.035 
378 OmyAC20ROGR    (0)    1 :  0.204 0.260 0.286 0.216 0.035 
379 OmyAC20ROGR    (0)    1 :  0.129 0.130 0.163 0.108 0.470 
380 OmyAC20ROGR    (0)    1 :  0.267 0.296 0.355 0.044 0.038 
381 OmyAC20ROGR    (0)    1 :  0.279 0.291 0.202 0.107 0.121 
382 OmyAC20ROGR    (0)    1 :  0.047 0.049 0.054 0.054 0.797 
383 OmyAC20ROGR    (0)    1 :  0.184 0.366 0.298 0.035 0.117 
384 OmyAC20ROGR    (0)    1 :  0.139 0.183 0.177 0.103 0.398 
385 OmyAC20ROGR    (0)    1 :  0.267 0.186 0.155 0.153 0.238 
386 OmyAC20ROGR    (0)    1 :  0.207 0.148 0.330 0.068 0.247 
387 OmyAC20ROGR    (0)    1 :  0.144 0.177 0.226 0.042 0.411 
388 OmyAC20ROGR    (0)    1 :  0.128 0.125 0.186 0.109 0.452 
389 OmyAC20ROGR    (0)    1 :  0.135 0.369 0.374 0.063 0.059 
390 OmyAC20ROGR    (0)    1 :  0.147 0.088 0.072 0.673 0.019 
391 OmyAC20ROGR    (0)    1 :  0.063 0.078 0.088 0.232 0.538 
392 OmyAC20ROGR    (0)    1 :  0.176 0.152 0.143 0.140 0.389 
393 OmyAC20ROGR    (0)    1 :  0.206 0.188 0.223 0.277 0.106 
394 OmyAC20ROGR    (0)    1 :  0.369 0.186 0.148 0.137 0.161 
395 OmyAC20ROGR    (0)    1 :  0.257 0.214 0.192 0.245 0.092 
396 OmyAC20ROGR    (0)    1 :  0.315 0.255 0.159 0.185 0.086 
397 OmyAC20ROGR    (0)    1 :  0.270 0.264 0.219 0.045 0.202 
398 OmyAC20ROGR    (0)    1 :  0.103 0.152 0.115 0.044 0.587 
399 OmyAC20ROGR    (0)    1 :  0.366 0.178 0.240 0.039 0.178 
400 OmyAC20ROGR    (0)    1 :  0.242 0.320 0.258 0.055 0.125 
401 OmyAC20ROGR    (0)    1 :  0.085 0.063 0.039 0.106 0.707 
402 OmyAC20ROGR    (0)    1 :  0.183 0.249 0.196 0.348 0.023 
403 OmyAC20ROGR    (0)    1 :  0.257 0.109 0.340 0.178 0.116 
404 OmyAC20ROGR    (0)    1 :  0.110 0.411 0.348 0.102 0.028 
405 OmyAC20ROGR    (0)    1 :  0.200 0.095 0.093 0.178 0.434 
406 OmyAC20ROGR    (0)    1 :  0.322 0.195 0.171 0.253 0.058 
407 OmyAC20ROGR    (0)    1 :  0.379 0.239 0.287 0.045 0.050 
408 OmyAC20ROGR    (0)    1 :  0.069 0.079 0.091 0.638 0.123 
409 OmyAC20ROGR    (0)    1 :  0.173 0.419 0.289 0.066 0.052 
410 OmyAC20ROGR    (0)    1 :  0.054 0.057 0.066 0.027 0.796 
411 OmyAC20ROGR    (0)    1 :  0.104 0.109 0.094 0.070 0.623 
412 OmyAC20ROGR    (0)    1 :  0.132 0.216 0.256 0.133 0.263 
413 OmyAC20ROGR    (0)    1 :  0.281 0.384 0.177 0.046 0.111 
414 OmyAC20ROGR    (0)    1 :  0.217 0.134 0.172 0.113 0.364 
415 OmyAC20ROGR    (0)    1 :  0.348 0.283 0.209 0.111 0.048 
416 OmyAC20ROGR    (0)    1 :  0.146 0.283 0.439 0.075 0.056 
417 OmyAC20ROGR    (0)    1 :  0.192 0.345 0.343 0.089 0.030 
418 OmyAC20ROGR    (0)    1 :  0.156 0.239 0.324 0.095 0.187 
419 OmyAC20ROGR    (0)    1 :  0.127 0.114 0.095 0.176 0.488 
420 OmyAC20ROGR    (0)    1 :  0.184 0.090 0.080 0.597 0.049 
421 OmyAC20ROGR    (0)    1 :  0.312 0.274 0.234 0.067 0.113 
422 OmyAC20ROGR    (0)    1 :  0.038 0.047 0.050 0.029 0.835 
423 OmyAC20ROGR    (0)    1 :  0.324 0.253 0.326 0.045 0.052 
424 OmyAC20ROGR    (0)    1 :  0.276 0.144 0.134 0.406 0.040 
425 OmyAC20ROGR    (0)    1 :  0.046 0.044 0.044 0.048 0.817 
426 OmyAC20ROGR    (0)    1 :  0.111 0.439 0.329 0.050 0.071 
427 OmyAC20ROGR    (0)    1 :  0.305 0.232 0.323 0.071 0.068 
428 OmyAC20ROGR    (0)    1 :  0.067 0.056 0.058 0.037 0.782 
429 OmyAC20ROGR    (0)    1 :  0.123 0.222 0.213 0.407 0.035 
430 OmyAC20ROGR    (0)    1 :  0.316 0.289 0.184 0.111 0.100 
431 OmyAC20ROGR    (0)    1 :  0.163 0.120 0.142 0.055 0.520 
432 OmyAC20ROGR    (0)    1 :  0.041 0.038 0.043 0.033 0.845 
433 OmyAC20ROGR    (0)    1 :  0.054 0.054 0.039 0.154 0.699 
434 OmyAC20ROGR    (0)    1 :  0.191 0.172 0.221 0.064 0.352 
435 OmyAC20ROGR    (0)    1 :  0.229 0.197 0.477 0.050 0.047 
436 OmyAC20ROGR    (0)    1 :  0.362 0.259 0.254 0.045 0.080 
437 OmyAC20ROGR    (0)    1 :  0.069 0.094 0.073 0.098 0.667 
438 OmyAC20ROGR    (0)    1 :  0.279 0.153 0.131 0.087 0.351 
439 OmyAC20ROGR    (0)    1 :  0.411 0.265 0.197 0.039 0.088 
440 OmyAC20ROGR    (0)    1 :  0.095 0.143 0.112 0.049 0.601 
441 OmyAC20ROGR    (0)    1 :  0.325 0.202 0.105 0.324 0.044 
442 OmyAC20ROGR    (0)    1 :  0.375 0.210 0.177 0.130 0.107 
443 OmyAC20ROGR    (0)    1 :  0.432 0.265 0.188 0.064 0.050 
444 OmyAC20ROGR    (0)    1 :  0.124 0.273 0.308 0.043 0.253 
445 OmyAC20ROGR    (0)    1 :  0.295 0.179 0.162 0.201 0.164 
446 OmyJC18ROGR    (0)    2 :  0.151 0.188 0.156 0.200 0.305 
447 OmyJC18ROGR    (0)    2 :  0.187 0.206 0.316 0.176 0.114 
448 OmyJC18ROGR    (0)    2 :  0.387 0.203 0.206 0.087 0.118 
449 OmyJC18ROGR    (0)    2 :  0.079 0.067 0.059 0.224 0.571 
450 OmyJC18ROGR    (0)    2 :  0.108 0.105 0.130 0.078 0.579 
451 OmyJC18ROGR    (0)    2 :  0.076 0.055 0.050 0.026 0.793 
452 OmyJC18ROGR    (0)    2 :  0.222 0.218 0.147 0.083 0.330 
453 OmyJC18ROGR    (0)    2 :  0.069 0.054 0.065 0.778 0.035 
454 OmyJC18ROGR    (0)    2 :  0.065 0.056 0.074 0.050 0.754 
455 OmyJC18ROGR    (0)    2 :  0.223 0.238 0.328 0.109 0.102 
456 OmyJC18ROGR    (0)    2 :  0.044 0.058 0.051 0.038 0.808 
457 OmyJC18ROGR    (0)    2 :  0.201 0.227 0.436 0.048 0.087 
458 OmyJC18ROGR    (0)    2 :  0.106 0.109 0.109 0.510 0.166 
459 OmyJC18ROGR    (1)    2 :  0.091 0.440 0.377 0.065 0.028 
460 OmyJC18ROGR    (2)    2 :  0.349 0.169 0.216 0.116 0.150 
461 OmyJC18ROGR    (2)    2 :  0.192 0.117 0.285 0.070 0.336 
462 OmyJC18ROGR    (3)    2 :  0.251 0.137 0.126 0.260 0.226 
463 OmyJC18ROGR    (0)    2 :  0.094 0.065 0.066 0.111 0.665 
464 OmyJC18ROGR    (4)    2 :  0.302 0.297 0.282 0.087 0.032 
465 OmyJC18ROGR    (3)    2 :  0.223 0.254 0.264 0.154 0.105 
466 OmyJC18ROGR    (0)    2 :  0.334 0.142 0.326 0.082 0.116 
467 OmyJC18ROGR    (0)    2 :  0.191 0.352 0.292 0.088 0.078 
468 OmyJC18ROGR    (0)    2 :  0.205 0.107 0.162 0.423 0.103 
469 OmyJC18ROGR    (0)    2 :  0.069 0.062 0.039 0.027 0.803 
470 OmyJC18ROGR    (5)    2 :  0.153 0.154 0.142 0.104 0.447 
471 OmyJC18ROGR    (1)    2 :  0.371 0.175 0.232 0.075 0.147 
472 OmyJC18ROGR    (2)    2 :  0.382 0.267 0.202 0.061 0.088 
473 OmyJC18ROGR    (3)    2 :  0.257 0.162 0.362 0.176 0.043 
474 OmyJC18ROGR    (0)    2 :  0.054 0.067 0.074 0.763 0.042 
475 OmyJC18ROGR    (2)    2 :  0.186 0.110 0.220 0.122 0.362 
476 OmyJC18ROGR    (1)    2 :  0.380 0.185 0.344 0.055 0.036 
477 OmyJC18ROGR    (4)    2 :  0.180 0.144 0.134 0.342 0.200 
478 OmyJC18ROGR    (0)    2 :  0.136 0.384 0.320 0.088 0.072 
479 OmyJC18ROGR    (0)    2 :  0.396 0.273 0.232 0.068 0.031 
480 OmyJC18ROGR    (1)    2 :  0.160 0.311 0.277 0.123 0.129 
481 OmyJC18ROGR    (3)    2 :  0.342 0.219 0.153 0.193 0.093 
482 OmyJC18ROGR    (3)    2 :  0.172 0.143 0.132 0.524 0.029 
483 OmyJC18ROGR    (4)    2 :  0.352 0.217 0.160 0.232 0.040 
484 OmyJC18ROGR    (4)    2 :  0.322 0.280 0.219 0.129 0.050 
485 OmyJC18ROGR    (3)    2 :  0.126 0.160 0.149 0.115 0.449 
486 OmyJC18ROGR    (3)    2 :  0.143 0.149 0.185 0.140 0.383 
487 OmyJC18ROGR    (1)    2 :  0.148 0.176 0.214 0.348 0.114 
488 OmyJC18ROGR    (5)    2 :  0.271 0.247 0.296 0.116 0.071 
489 OmyJC18ROGR    (0)    2 :  0.440 0.264 0.157 0.094 0.044 
490 OmyJC18ROGR    (3)    2 :  0.401 0.195 0.232 0.090 0.082 
491 OmyJC18ROGR    (7)    2 :  0.083 0.062 0.070 0.709 0.076 
492 OmyJC18ROGR    (6)    2 :  0.075 0.098 0.110 0.689 0.028 
493 OmyJC18ROGR    (3)    2 :  0.282 0.303 0.234 0.069 0.112 
494 OmyJC18ROGR    (3)    2 :  0.072 0.076 0.062 0.039 0.751 
495 OmyJC18ROGR    (5)    2 :  0.135 0.201 0.224 0.117 0.324 
496 OmyJC18ROGR    (0)    2 :  0.244 0.241 0.235 0.170 0.110 
497 OmyJC18ROGR    (5)    2 :  0.147 0.123 0.134 0.573 0.024 
498 OmyJC18ROGR    (6)    2 :  0.410 0.179 0.209 0.091 0.111 
499 OmyJC18ROGR    (0)    2 :  0.355 0.254 0.281 0.065 0.046 
500 OmyJC18ROGR    (1)    2 :  0.180 0.117 0.174 0.474 0.055 
501 OmyJC18ROGR    (4)    2 :  0.247 0.173 0.141 0.077 0.362 
502 OmyJC18ROGR    (2)    2 :  0.296 0.213 0.123 0.171 0.196 
503 OmyJC18ROGR    (5)    2 :  0.342 0.236 0.137 0.236 0.049 
504 OmyJC18ROGR    (2)    2 :  0.424 0.159 0.124 0.109 0.183 
505 OmyJC18ROGR    (0)    2 :  0.164 0.194 0.205 0.160 0.277 
506 OmyJC18ROGR    (8)    2 :  0.206 0.215 0.238 0.269 0.072 
507 OmyJC18ROGR    (0)    2 :  0.273 0.181 0.161 0.247 0.138 
508 OmyJC18ROGR    (0)    2 :  0.208 0.161 0.115 0.343 0.173 
509 OmyJC18ROGR    (1)    2 :  0.035 0.029 0.030 0.027 0.880 
510 OmyJC18ROGR    (1)    2 :  0.354 0.175 0.275 0.101 0.096 
511 OmyJC18ROGR    (5)    2 :  0.183 0.214 0.207 0.218 0.178 
512 OmyJC18ROGR    (2)    2 :  0.063 0.054 0.050 0.073 0.760 
513 OmyJC18ROGR    (9)    2 :  0.134 0.200 0.172 0.224 0.269 
514 OmyJC18ROGR    (4)    2 :  0.125 0.130 0.134 0.222 0.389 
515 OmyJC18ROGR    (1)    2 :  0.150 0.189 0.199 0.375 0.086 
516 OmyJC18ROGR    (3)    2 :  0.222 0.201 0.296 0.124 0.157 
517 OmyJC18ROGR    (3)    2 :  0.162 0.115 0.110 0.123 0.491 
518 OmyJC18ROGR    (0)    2 :  0.280 0.126 0.126 0.401 0.067 
519 OmyJC18ROGR    (9)    2 :  0.195 0.242 0.322 0.180 0.062 
520 OmyJC18ROGR    (6)    2 :  0.484 0.213 0.133 0.083 0.087 
521 OmyJC18ROGR    (2)    2 :  0.272 0.142 0.288 0.184 0.113 
522 OmyJC18ROGR    (1)    2 :  0.382 0.275 0.192 0.060 0.091 
523 OmyJC18ROGR    (4)    2 :  0.235 0.298 0.233 0.159 0.075 
524 OmyJC18ROGR    (0)    2 :  0.317 0.318 0.238 0.050 0.077 
525 OmyJC18ROGR    (2)    2 :  0.123 0.327 0.234 0.248 0.067 
526 OmyJC18ROGR    (3)    2 :  0.137 0.161 0.154 0.462 0.085 
527 OmyJC18ROGR    (0)    2 :  0.329 0.209 0.298 0.114 0.050 
528 OmyJC18ROGR    (0)    2 :  0.190 0.269 0.266 0.231 0.043 
529 OmyJC18ROGR    (1)    2 :  0.274 0.301 0.316 0.052 0.057 
530 OmyJC18ROGR    (0)    2 :  0.218 0.288 0.163 0.285 0.046 
531 OmyJC18ROGR    (0)    2 :  0.271 0.193 0.301 0.046 0.189 
532 OmyJC18ROGR    (2)    2 :  0.199 0.415 0.193 0.163 0.030 
533 OmyJC18ROGR    (2)    2 :  0.378 0.208 0.331 0.063 0.021 
534 OmyJC18ROGR    (2)    2 :  0.359 0.272 0.196 0.109 0.065 
535 OmyJC18ROGR    (0)    2 :  0.320 0.182 0.367 0.079 0.052 
536 OmyJC18ROGR    (0)    2 :  0.268 0.234 0.317 0.134 0.046 
537 OmyJC18ROGR    (0)    2 :  0.289 0.198 0.356 0.134 0.022 
538 OmyJC18ROGR    (0)    2 :  0.301 0.173 0.373 0.091 0.061 
539 OmyJC18ROGR    (0)    2 :  0.264 0.332 0.223 0.122 0.060 
540 OmyJC18ROGR    (8)    2 :  0.141 0.069 0.115 0.598 0.077 
541 OmyJC18ROGR    (1)    2 :  0.145 0.282 0.381 0.101 0.090 
542 OmyJC18ROGR    (1)    2 :  0.171 0.141 0.141 0.287 0.260 
543 OmyJC18ROGR    (0)    2 :  0.233 0.142 0.199 0.334 0.092 
544 OmyJC18ROGR    (2)    2 :  0.164 0.251 0.357 0.169 0.059 
545 OmyJC18ROGR    (1)    2 :  0.247 0.148 0.100 0.055 0.450 
546 OmyJC18ROGR    (9)    2 :  0.312 0.204 0.316 0.138 0.030 
547 OmyJC18ROGR    (0)    2 :  0.243 0.303 0.262 0.052 0.140 
548 OmyJC18ROGR    (0)    2 :  0.196 0.152 0.178 0.238 0.236 
549 OmyJC18ROGR    (0)    2 :  0.215 0.205 0.298 0.177 0.105 
550 OmyJC18ROGR    (1)    2 :  0.091 0.168 0.177 0.060 0.504 
551 OmyJC18ROGR    (1)    2 :  0.151 0.268 0.267 0.241 0.072 
552 OmyJC18ROGR    (2)    2 :  0.179 0.216 0.455 0.057 0.094 
553 OmyJC18ROGR   (10)    2 :  0.204 0.233 0.283 0.222 0.058 
554 OmyJC18ROGR    (2)    2 :  0.240 0.180 0.304 0.226 0.050 
555 OmyJC18ROGR    (4)    2 :  0.258 0.198 0.149 0.347 0.047 
556 OmyJC18ROGR    (0)    2 :  0.161 0.123 0.320 0.296 0.100 
557 OmyJC18ROGR    (2)    2 :  0.395 0.204 0.132 0.092 0.177 
558 OmyJC18ROGR    (0)    2 :  0.213 0.166 0.314 0.043 0.264 
559 OmyJC18ROGR    (0)    2 :  0.150 0.139 0.091 0.551 0.068 
560 OmyJC18ROGR    (8)    2 :  0.158 0.171 0.226 0.312 0.133 
561 OmyJC18ROGR    (0)    2 :  0.190 0.441 0.298 0.044 0.028 
562 OmyJC18ROGR    (8)    2 :  0.201 0.142 0.254 0.256 0.147 
563 OmyJC18ROGR    (2)    2 :  0.340 0.208 0.224 0.151 0.076 
564 OmyJC18ROGR    (4)    2 :  0.141 0.333 0.345 0.094 0.088 
565 OmyJC18ROGR    (3)    2 :  0.134 0.302 0.276 0.159 0.128 
566 OmyJC18ROGR    (1)    2 :  0.367 0.193 0.138 0.141 0.161 
567 OmyJC18ROGR    (0)    2 :  0.338 0.214 0.104 0.290 0.054 
568 OmyJC18ROGR    (5)    2 :  0.180 0.154 0.345 0.164 0.157 
569 OmyJC18ROGR    (2)    2 :  0.159 0.120 0.099 0.584 0.037 
570 OmyJC18ROGR    (0)    2 :  0.336 0.273 0.267 0.068 0.056 
571 OmyJC18ROGR    (2)    2 :  0.319 0.268 0.280 0.066 0.067 
572 OmyJC18ROGR    (6)    2 :  0.234 0.195 0.209 0.293 0.069 
573 OmyJC18ROGR    (5)    2 :  0.146 0.185 0.154 0.097 0.418 
574 OmyJC18ROGR    (8)    2 :  0.279 0.232 0.218 0.102 0.169 
575 OmyJC18ROGR    (3)    2 :  0.293 0.260 0.282 0.126 0.039 
576 OmyJC18ROGR    (0)    2 :  0.126 0.139 0.153 0.459 0.123 
577 OmyJC18ROGR    (0)    2 :  0.038 0.048 0.041 0.025 0.848 
578 OmyJC18ROGR    (1)    2 :  0.294 0.215 0.303 0.130 0.058 
579 OmyJC18ROGR    (0)    2 :  0.155 0.156 0.116 0.029 0.545 
580 OmyJC18ROGR    (0)    2 :  0.210 0.203 0.333 0.217 0.036 
581 OmyJC18ROGR    (6)    2 :  0.197 0.182 0.137 0.417 0.068 
582 OmyJC18ROGR    (7)    2 :  0.217 0.345 0.254 0.144 0.039 
583 OmyJC18ROGR    (3)    2 :  0.164 0.322 0.308 0.153 0.054 
584 OmyJC18ROGR    (5)    2 :  0.227 0.200 0.304 0.196 0.073 
585 OmyJC18ROGR    (1)    2 :  0.377 0.194 0.242 0.074 0.114 
586 OmyJC18ROGR    (2)    2 :  0.381 0.206 0.224 0.165 0.024 
587 OmyJC18ROGR    (0)    2 :  0.027 0.024 0.031 0.020 0.898 
588 OmyJC18ROGR    (0)    2 :  0.322 0.245 0.120 0.113 0.200 
589 OmyJC18ROGR    (1)    2 :  0.113 0.348 0.277 0.178 0.085 
590 OmyJC18ROGR    (2)    2 :  0.489 0.213 0.218 0.063 0.017 
591 OmyJC18ROGR    (0)    2 :  0.245 0.242 0.283 0.174 0.056 
592 OmyJC18ROGR    (4)    2 :  0.428 0.213 0.151 0.155 0.053 
593 OmyJC18ROGR    (0)    2 :  0.220 0.218 0.310 0.117 0.135 
594 OmyJC18ROGR    (1)    2 :  0.385 0.171 0.322 0.083 0.039 
595 OmyJC18ROGR    (0)    2 :  0.109 0.128 0.150 0.400 0.213 
596 OmyJC18ROGR    (0)    2 :  0.214 0.259 0.246 0.194 0.086 
597 OmyJC18ROGR    (0)    2 :  0.195 0.135 0.166 0.375 0.129 
598 OmyJC18ROGR    (0)    2 :  0.247 0.290 0.256 0.149 0.058 
599 OmyJC18ROGR    (0)    2 :  0.120 0.352 0.319 0.071 0.138 
600 OmyJC18ROGR    (0)    2 :  0.241 0.195 0.396 0.090 0.078 
601 OmyJC18ROGR    (0)    2 :  0.149 0.193 0.180 0.446 0.032 
602 OmyJC18ROGR    (0)    2 :  0.101 0.314 0.220 0.140 0.225 
603 OmyJC18ROGR    (0)    2 :  0.438 0.281 0.157 0.085 0.039 
604 OmyJC18ROGR    (0)    2 :  0.084 0.407 0.395 0.074 0.040 
605 OmyJC18ROGR    (0)    2 :  0.178 0.186 0.340 0.252 0.044 
606 OmyJC18ROGR    (0)    2 :  0.310 0.189 0.256 0.140 0.105 
607 OmyJC18ROGR    (0)    2 :  0.143 0.413 0.350 0.047 0.047 
608 OmyJC18ROGR    (0)    2 :  0.238 0.416 0.249 0.060 0.037 
