

----------------------------------------------------
STRUCTURE by Pritchard, Stephens and Donnelly (2000)
     and Falush, Stephens and Pritchard (2003)
       Code by Pritchard, Falush and Hubisz
             Version 2.3.4 (Jul 2012)
----------------------------------------------------



Command line arguments:   bin/structure -m "/Users/ddayan/FRA/half_pounder_2023/structure/halfpounder/10k_20k_adm_corr/mainparams" -e "/Users/ddayan/FRA/half_pounder_2023/structure/halfpounder/10k_20k_adm_corr/extraparams" 
Input File:    /Users/ddayan/FRA/half_pounder_2023/structure/halfpounder/project_data

Run parameters:
   1000 individuals
   233 loci
   4 populations assumed
   10000 Burn-in period
   20000 Reps


--------------------------------------------
Proportion of membership of each pre-defined
 population in each of the 4 clusters

Given    Inferred Clusters              Number of
 Pop       1      2      3      4      Individuals

  1:     0.277  0.215  0.260  0.249      275
  2:     0.251  0.259  0.257  0.234      643
  3:     0.269  0.429  0.215  0.087       42
  4:     0.290  0.314  0.307  0.090       40
--------------------------------------------

Allele-freq. divergence among pops (Net nucleotide distance),
computed using point estimates of P.

      1       2       3       4      
 1      -    0.0039  0.0010  0.0101  
 2   0.0039     -    0.0033  0.0124  
 3   0.0010  0.0033     -    0.0090  
 4   0.0101  0.0124  0.0090     -    

Average distances (expected heterozygosity) between individuals in same cluster:
cluster  1  : 0.3113 
cluster  2  : 0.3068 
cluster  3  : 0.3152 
cluster  4  : 0.2831 

--------------------------------------------
Estimated Ln Prob of Data   = -216546.1
Mean value of ln likelihood = -214992.8
Variance of ln likelihood   = 3106.5
Mean value of alpha         = 0.3438

Mean value of Fst_1         = 0.0157
Mean value of Fst_2         = 0.0264
Mean value of Fst_3         = 0.0071
Mean value of Fst_4         = 0.0737


Inferred ancestry of individuals:
        Label (%Miss) Pop:  Inferred clusters
  1 OmyAC19ROGR    (0)    1 :  0.277 0.227 0.442 0.054 
  2 OmyAC19ROGR    (0)    1 :  0.383 0.079 0.374 0.163 
  3 OmyAC19ROGR    (0)    1 :  0.333 0.299 0.282 0.086 
  4 OmyAC19ROGR    (0)    1 :  0.763 0.072 0.133 0.033 
  5 OmyAC19ROGR    (1)    1 :  0.029 0.036 0.054 0.881 
  6 OmyAC19ROGR    (0)    1 :  0.161 0.339 0.112 0.387 
  7 OmyAC19ROGR    (0)    1 :  0.110 0.353 0.212 0.325 
  8 OmyAC19ROGR    (0)    1 :  0.117 0.649 0.194 0.040 
  9 OmyAC19ROGR    (0)    1 :  0.179 0.159 0.169 0.492 
 10 OmyAC19ROGR    (0)    1 :  0.198 0.077 0.330 0.394 
 11 OmyAC19ROGR    (0)    1 :  0.180 0.631 0.104 0.084 
 12 OmyAC19ROGR    (0)    1 :  0.238 0.131 0.360 0.271 
 13 OmyAC19ROGR    (0)    1 :  0.114 0.506 0.334 0.046 
 14 OmyAC19ROGR    (0)    1 :  0.118 0.310 0.318 0.254 
 15 OmyAC19ROGR    (0)    1 :  0.137 0.112 0.266 0.484 
 16 OmyAC19ROGR    (0)    1 :  0.253 0.407 0.229 0.111 
 17 OmyAC19ROGR    (0)    1 :  0.392 0.052 0.377 0.179 
 18 OmyAC19ROGR    (3)    1 :  0.314 0.230 0.427 0.029 
 19 OmyAC19ROGR    (0)    1 :  0.077 0.742 0.105 0.076 
 20 OmyAC19ROGR    (0)    1 :  0.275 0.058 0.300 0.366 
 21 OmyAC19ROGR    (0)    1 :  0.313 0.090 0.202 0.396 
 22 OmyAC19ROGR    (0)    1 :  0.174 0.571 0.141 0.114 
 23 OmyAC19ROGR    (0)    1 :  0.145 0.210 0.245 0.400 
 24 OmyAC19ROGR    (1)    1 :  0.459 0.244 0.239 0.058 
 25 OmyAC19ROGR    (0)    1 :  0.088 0.223 0.195 0.494 
 26 OmyAC19ROGR    (0)    1 :  0.154 0.386 0.315 0.145 
 27 OmyAC19ROGR    (2)    1 :  0.116 0.406 0.399 0.079 
 28 OmyAC19ROGR    (0)    1 :  0.531 0.141 0.243 0.085 
 29 OmyAC19ROGR    (0)    1 :  0.387 0.096 0.403 0.114 
 30 OmyAC19ROGR    (0)    1 :  0.108 0.152 0.232 0.508 
 31 OmyAC19ROGR    (0)    1 :  0.321 0.378 0.203 0.097 
 32 OmyAC19ROGR    (0)    1 :  0.378 0.119 0.287 0.216 
 33 OmyAC19ROGR    (0)    1 :  0.527 0.153 0.191 0.129 
 34 OmyAC19ROGR    (0)    1 :  0.193 0.130 0.170 0.506 
 35 OmyAC19ROGR    (0)    1 :  0.529 0.122 0.252 0.098 
 36 OmyAC19ROGR    (0)    1 :  0.122 0.620 0.175 0.082 
 37 OmyAC19ROGR    (0)    1 :  0.102 0.541 0.098 0.258 
 38 OmyAC19ROGR    (0)    1 :  0.104 0.141 0.133 0.622 
 39 OmyAC19ROGR    (0)    1 :  0.277 0.084 0.531 0.108 
 40 OmyAC19ROGR    (0)    1 :  0.241 0.093 0.225 0.441 
 41 OmyAC19ROGR    (0)    1 :  0.392 0.141 0.390 0.077 
 42 OmyAC19ROGR    (0)    1 :  0.087 0.068 0.091 0.755 
 43 OmyAC19ROGR    (0)    1 :  0.275 0.098 0.544 0.083 
 44 OmyAC19ROGR    (8)    1 :  0.511 0.232 0.187 0.070 
 45 OmyAC19ROGR    (2)    1 :  0.198 0.234 0.127 0.441 
 46 OmyAC19ROGR    (0)    1 :  0.431 0.292 0.154 0.123 
 47 OmyAC19ROGR    (0)    1 :  0.145 0.635 0.160 0.060 
 48 OmyAC19ROGR    (0)    1 :  0.153 0.176 0.619 0.052 
 49 OmyAC19ROGR    (0)    1 :  0.296 0.323 0.312 0.070 
 50 OmyAC19ROGR    (0)    1 :  0.309 0.061 0.579 0.051 
 51 OmyAC19ROGR    (2)    1 :  0.090 0.078 0.091 0.742 
 52 OmyAC19ROGR    (0)    1 :  0.058 0.050 0.076 0.816 
 53 OmyAC19ROGR    (1)    1 :  0.190 0.471 0.281 0.059 
 54 OmyAC19ROGR    (0)    1 :  0.378 0.159 0.352 0.112 
 55 OmyAC19ROGR    (4)    1 :  0.182 0.368 0.353 0.098 
 56 OmyAC19ROGR    (0)    1 :  0.188 0.413 0.140 0.259 
 57 OmyAC19ROGR    (0)    1 :  0.065 0.844 0.056 0.036 
 58 OmyAC19ROGR    (0)    1 :  0.055 0.304 0.071 0.570 
 59 OmyAC19ROGR    (0)    1 :  0.149 0.597 0.201 0.053 
 60 OmyAC19ROGR    (0)    1 :  0.122 0.590 0.113 0.176 
 61 OmyAC19ROGR    (0)    1 :  0.152 0.098 0.656 0.095 
 62 OmyAC19ROGR    (0)    1 :  0.156 0.356 0.378 0.109 
 63 OmyAC19ROGR    (0)    1 :  0.288 0.240 0.239 0.233 
 64 OmyAC19ROGR    (2)    1 :  0.554 0.081 0.253 0.112 
 65 OmyAC19ROGR    (0)    1 :  0.261 0.314 0.356 0.069 
 66 OmyAC19ROGR    (5)    1 :  0.139 0.273 0.276 0.313 
 67 OmyAC19ROGR    (0)    1 :  0.153 0.659 0.124 0.065 
 68 OmyAC19ROGR    (1)    1 :  0.216 0.219 0.340 0.225 
 69 OmyAC19ROGR    (3)    1 :  0.168 0.407 0.234 0.190 
 70 OmyAC19ROGR    (0)    1 :  0.412 0.089 0.440 0.059 
 71 OmyAC19ROGR    (0)    1 :  0.232 0.422 0.253 0.092 
 72 OmyAC19ROGR    (5)    1 :  0.312 0.291 0.327 0.070 
 73 OmyAC19ROGR    (0)    1 :  0.216 0.105 0.461 0.217 
 74 OmyAC19ROGR    (0)    1 :  0.525 0.083 0.289 0.103 
 75 OmyAC19ROGR    (0)    1 :  0.524 0.117 0.190 0.170 
 76 OmyAC19ROGR    (0)    1 :  0.403 0.156 0.357 0.083 
 77 OmyAC19ROGR    (1)    1 :  0.034 0.026 0.032 0.908 
 78 OmyAC19ROGR    (0)    1 :  0.298 0.062 0.586 0.054 
 79 OmyAC19ROGR    (3)    1 :  0.309 0.148 0.430 0.113 
 80 OmyAC19ROGR    (0)    1 :  0.066 0.081 0.077 0.776 
 81 OmyAC19ROGR    (3)    1 :  0.181 0.171 0.306 0.342 
 82 OmyAC19ROGR    (1)    1 :  0.137 0.748 0.093 0.022 
 83 OmyAC19ROGR    (0)    1 :  0.473 0.200 0.257 0.070 
 84 OmyAC19ROGR    (0)    1 :  0.209 0.425 0.258 0.108 
 85 OmyAC19ROGR    (7)    1 :  0.391 0.175 0.350 0.083 
 86 OmyAC19ROGR    (0)    1 :  0.335 0.131 0.411 0.123 
 87 OmyAC19ROGR    (0)    1 :  0.640 0.151 0.146 0.062 
 88 OmyJC19ROGR    (0)    2 :  0.049 0.043 0.083 0.825 
 89 OmyJC19ROGR    (0)    2 :  0.133 0.335 0.445 0.087 
 90 OmyJC19ROGR    (0)    2 :  0.066 0.032 0.045 0.857 
 91 OmyJC19ROGR    (0)    2 :  0.211 0.474 0.291 0.024 
 92 OmyJC19ROGR    (0)    2 :  0.448 0.126 0.337 0.088 
 93 OmyJC19ROGR    (0)    2 :  0.544 0.161 0.215 0.081 
 94 OmyJC19ROGR    (0)    2 :  0.403 0.073 0.370 0.155 
 95 OmyJC19ROGR    (0)    2 :  0.368 0.157 0.269 0.207 
 96 OmyJC19ROGR    (0)    2 :  0.218 0.202 0.319 0.262 
 97 OmyJC19ROGR    (0)    2 :  0.219 0.162 0.274 0.344 
 98 OmyJC19ROGR    (0)    2 :  0.379 0.367 0.179 0.075 
 99 OmyJC19ROGR    (0)    2 :  0.335 0.341 0.237 0.087 
100 OmyJC19ROGR    (0)    2 :  0.169 0.381 0.393 0.056 
101 OmyJC19ROGR    (1)    2 :  0.142 0.179 0.127 0.552 
102 OmyJC19ROGR    (0)    2 :  0.268 0.338 0.262 0.132 
103 OmyJC19ROGR    (0)    2 :  0.202 0.164 0.260 0.374 
104 OmyJC19ROGR    (0)    2 :  0.145 0.465 0.351 0.039 
105 OmyJC19ROGR    (0)    2 :  0.390 0.180 0.128 0.302 
106 OmyJC19ROGR    (0)    2 :  0.054 0.038 0.049 0.858 
107 OmyJC19ROGR    (0)    2 :  0.135 0.549 0.068 0.248 
108 OmyJC19ROGR    (0)    2 :  0.547 0.114 0.240 0.099 
109 OmyJC19ROGR    (0)    2 :  0.217 0.322 0.268 0.193 
110 OmyJC19ROGR    (0)    2 :  0.163 0.151 0.123 0.563 
111 OmyJC19ROGR    (0)    2 :  0.133 0.663 0.120 0.083 
112 OmyJC19ROGR    (2)    2 :  0.123 0.352 0.266 0.258 
113 OmyJC19ROGR    (0)    2 :  0.095 0.113 0.236 0.557 
114 OmyJC19ROGR    (5)    2 :  0.235 0.111 0.597 0.056 
115 OmyJC19ROGR    (0)    2 :  0.685 0.083 0.181 0.052 
116 OmyJC19ROGR    (0)    2 :  0.319 0.107 0.432 0.142 
117 OmyJC19ROGR    (0)    2 :  0.305 0.225 0.306 0.163 
118 OmyJC19ROGR    (0)    2 :  0.454 0.190 0.310 0.047 
119 OmyJC19ROGR    (2)    2 :  0.439 0.151 0.352 0.058 
120 OmyJC19ROGR    (0)    2 :  0.128 0.567 0.252 0.053 
121 OmyJC19ROGR    (0)    2 :  0.202 0.601 0.155 0.043 
122 OmyJC19ROGR    (0)    2 :  0.377 0.251 0.272 0.100 
123 OmyJC19ROGR    (1)    2 :  0.496 0.184 0.287 0.033 
124 OmyJC19ROGR    (0)    2 :  0.397 0.094 0.253 0.256 
125 OmyJC19ROGR    (0)    2 :  0.201 0.138 0.520 0.141 
126 OmyJC19ROGR    (0)    2 :  0.112 0.046 0.096 0.746 
127 OmyJC19ROGR    (0)    2 :  0.194 0.489 0.260 0.056 
128 OmyJC19ROGR    (1)    2 :  0.306 0.202 0.432 0.060 
129 OmyJC19ROGR    (0)    2 :  0.192 0.082 0.426 0.300 
130 OmyJC19ROGR    (2)    2 :  0.202 0.074 0.555 0.168 
131 OmyJC19ROGR    (0)    2 :  0.198 0.545 0.162 0.095 
132 OmyJC19ROGR    (0)    2 :  0.607 0.172 0.129 0.093 
133 OmyJC19ROGR    (0)    2 :  0.660 0.123 0.178 0.039 
134 OmyJC19ROGR    (0)    2 :  0.337 0.260 0.329 0.074 
135 OmyJC19ROGR    (0)    2 :  0.113 0.664 0.133 0.090 
136 OmyJC19ROGR    (4)    2 :  0.488 0.153 0.230 0.129 
137 OmyJC19ROGR    (0)    2 :  0.179 0.281 0.296 0.243 
138 OmyJC19ROGR    (0)    2 :  0.092 0.153 0.072 0.683 
139 OmyJC19ROGR    (3)    2 :  0.141 0.326 0.489 0.044 
140 OmyJC19ROGR    (1)    2 :  0.140 0.118 0.599 0.143 
141 OmyJC19ROGR    (0)    2 :  0.209 0.114 0.490 0.187 
142 OmyJC19ROGR    (0)    2 :  0.181 0.170 0.153 0.496 
143 OmyJC19ROGR    (0)    2 :  0.533 0.119 0.166 0.181 
144 OmyJC19ROGR    (0)    2 :  0.146 0.554 0.265 0.035 
145 OmyJC19ROGR    (0)    2 :  0.298 0.237 0.410 0.054 
146 OmyJC19ROGR    (1)    2 :  0.189 0.328 0.345 0.138 
147 OmyJC19ROGR    (0)    2 :  0.134 0.531 0.095 0.240 
148 OmyJC19ROGR    (0)    2 :  0.127 0.705 0.090 0.078 
149 OmyJC19ROGR    (0)    2 :  0.329 0.383 0.225 0.063 
150 OmyJC19ROGR    (1)    2 :  0.512 0.120 0.261 0.107 
151 OmyJC19ROGR    (0)    2 :  0.189 0.076 0.597 0.139 
152 OmyJC19ROGR    (0)    2 :  0.394 0.468 0.083 0.055 
153 OmyJC19ROGR    (0)    2 :  0.193 0.584 0.113 0.110 
154 OmyJC19ROGR    (0)    2 :  0.179 0.425 0.274 0.122 
155 OmyJC19ROGR    (0)    2 :  0.247 0.094 0.577 0.081 
156 OmyJC19ROGR    (0)    2 :  0.463 0.266 0.145 0.126 
157 OmyJC19ROGR    (0)    2 :  0.291 0.143 0.276 0.289 
158 OmyJC19ROGR    (0)    2 :  0.549 0.316 0.108 0.027 
159 OmyJC19ROGR    (0)    2 :  0.626 0.147 0.168 0.059 
160 OmyJC19ROGR    (0)    2 :  0.206 0.238 0.411 0.144 
161 OmyJC19ROGR    (1)    2 :  0.129 0.722 0.105 0.043 
162 OmyJC19ROGR    (0)    2 :  0.294 0.310 0.113 0.283 
163 OmyJC19ROGR    (0)    2 :  0.186 0.515 0.170 0.129 
164 OmyJC19ROGR    (0)    2 :  0.233 0.429 0.302 0.036 
165 OmyJC19ROGR    (0)    2 :  0.482 0.310 0.163 0.045 
166 OmyJC19ROGR    (0)    2 :  0.457 0.110 0.333 0.101 
167 OmyJC19ROGR    (0)    2 :  0.300 0.305 0.223 0.172 
168 OmyJC19ROGR    (0)    2 :  0.245 0.162 0.456 0.138 
169 OmyJC19ROGR    (0)    2 :  0.046 0.032 0.040 0.881 
170 OmyJC19ROGR    (0)    2 :  0.421 0.188 0.266 0.124 
171 OmyJC19ROGR    (0)    2 :  0.474 0.218 0.251 0.057 
172 OmyJC19ROGR    (0)    2 :  0.151 0.356 0.161 0.332 
173 OmyJC19ROGR    (0)    2 :  0.058 0.050 0.062 0.830 
174 OmyJC19ROGR    (0)    2 :  0.291 0.132 0.523 0.054 
175 OmyJC19ROGR    (0)    2 :  0.595 0.098 0.259 0.049 
176 OmyJC19ROGR    (0)    2 :  0.128 0.351 0.253 0.267 
177 OmyJC19ROGR    (0)    2 :  0.184 0.716 0.069 0.031 
178 OmyJC19ROGR    (0)    2 :  0.275 0.210 0.438 0.076 
179 OmyJC19ROGR    (0)    2 :  0.362 0.140 0.422 0.076 
180 OmyJC19ROGR    (0)    2 :  0.049 0.059 0.051 0.841 
181 OmyJC19ROGR    (0)    2 :  0.384 0.106 0.390 0.119 
182 OmyJC19ROGR    (0)    2 :  0.134 0.451 0.309 0.106 
183 OmyJC19ROGR    (0)    2 :  0.303 0.383 0.237 0.077 
184 OmyJC19ROGR    (0)    2 :  0.071 0.103 0.079 0.748 
185 OmyJC19ROGR    (0)    2 :  0.141 0.138 0.688 0.034 
186 OmyJC19ROGR    (0)    2 :  0.176 0.215 0.238 0.371 
187 OmyJC19ROGR    (0)    2 :  0.681 0.069 0.184 0.066 
188 OmyJC19ROGR    (0)    2 :  0.358 0.218 0.351 0.073 
189 OmyJC19ROGR    (0)    2 :  0.307 0.177 0.176 0.340 
190 OmyJC19ROGR    (0)    2 :  0.198 0.455 0.215 0.132 
191 OmyJC19ROGR    (0)    2 :  0.618 0.136 0.147 0.099 
192 OmyJC19ROGR    (0)    2 :  0.370 0.166 0.408 0.056 
193 OmyJC19ROGR    (0)    2 :  0.140 0.483 0.124 0.253 
194 OmyJC19ROGR    (0)    2 :  0.171 0.570 0.224 0.035 
195 OmyJC19ROGR    (0)    2 :  0.099 0.043 0.078 0.780 
196 OmyJC19ROGR    (0)    2 :  0.580 0.041 0.322 0.056 
197 OmyJC19ROGR    (0)    2 :  0.261 0.255 0.411 0.073 
198 OmyJC19ROGR    (0)    2 :  0.058 0.071 0.053 0.819 
199 OmyJC19ROGR    (0)    2 :  0.158 0.363 0.440 0.038 
200 OmyJC19ROGR    (0)    2 :  0.327 0.218 0.193 0.262 
201 OmyJC19ROGR    (0)    2 :  0.199 0.377 0.381 0.042 
202 OmyJC19ROGR    (0)    2 :  0.381 0.413 0.167 0.039 
203 OmyJC19ROGR    (0)    2 :  0.681 0.103 0.158 0.058 
204 OmyJC19ROGR    (0)    2 :  0.313 0.222 0.320 0.144 
205 OmyJC19ROGR    (0)    2 :  0.254 0.320 0.240 0.186 
206 OmyJC19ROGR    (0)    2 :  0.029 0.039 0.049 0.884 
207 OmyJC19ROGR    (0)    2 :  0.102 0.305 0.129 0.464 
208 OmyJC19ROGR    (0)    2 :  0.199 0.357 0.368 0.077 
209 OmyJC19ROGR    (0)    2 :  0.131 0.223 0.265 0.381 
210 OmyJC19ROGR    (0)    2 :  0.058 0.028 0.049 0.865 
211 OmyJC19ROGR    (0)    2 :  0.173 0.391 0.264 0.173 
212 OmyJC19ROGR    (1)    2 :  0.118 0.577 0.063 0.242 
213 OmyJC19ROGR    (1)    2 :  0.282 0.092 0.486 0.139 
214 OmyJC19ROGR    (0)    2 :  0.206 0.477 0.118 0.199 
215 OmyJC19ROGR    (0)    2 :  0.448 0.144 0.366 0.042 
216 OmyJC19ROGR    (0)    2 :  0.091 0.218 0.158 0.533 
217 OmyJC19ROGR    (0)    2 :  0.130 0.108 0.146 0.616 
218 OmyJC19ROGR    (0)    2 :  0.669 0.108 0.135 0.088 
219 OmyJC19ROGR    (0)    2 :  0.123 0.337 0.263 0.277 
220 OmyJC19ROGR    (0)    2 :  0.164 0.629 0.182 0.025 
221 OmyJC19ROGR    (0)    2 :  0.172 0.497 0.117 0.214 
222 OmyJC19ROGR    (0)    2 :  0.238 0.256 0.453 0.053 
223 OmyJC19ROGR    (0)    2 :  0.215 0.374 0.251 0.160 
224 OmyJC19ROGR    (1)    2 :  0.273 0.174 0.438 0.115 
225 OmyJC19ROGR    (0)    2 :  0.041 0.145 0.043 0.771 
226 OmyJC19ROGR    (0)    2 :  0.236 0.058 0.307 0.400 
227 OmyJC19ROGR    (0)    2 :  0.054 0.038 0.045 0.863 
228 OmyJC19ROGR    (0)    2 :  0.242 0.310 0.370 0.077 
229 OmyJC19ROGR    (0)    2 :  0.577 0.199 0.169 0.056 
230 OmyJC19ROGR    (0)    2 :  0.276 0.286 0.184 0.255 
231 OmyJC19ROGR    (0)    2 :  0.230 0.383 0.214 0.173 
232 OmyJC19ROGR    (2)    2 :  0.222 0.393 0.235 0.150 
233 OmyJC19ROGR    (0)    2 :  0.227 0.335 0.172 0.265 
234 OmyJC19ROGR    (0)    2 :  0.040 0.040 0.037 0.882 
235 OmyJC19ROGR    (0)    2 :  0.077 0.089 0.115 0.719 
236 OmyJC19ROGR    (0)    2 :  0.066 0.778 0.109 0.048 
237 OmyJC19ROGR    (0)    2 :  0.092 0.555 0.220 0.133 
238 OmyJC19ROGR    (0)    2 :  0.088 0.722 0.092 0.098 
239 OmyJC19ROGR    (0)    2 :  0.101 0.294 0.535 0.070 
240 OmyJC19ROGR    (0)    2 :  0.403 0.185 0.293 0.120 
241 OmyJC19ROGR    (0)    2 :  0.264 0.106 0.344 0.287 
242 OmyJC19ROGR    (0)    2 :  0.103 0.584 0.278 0.036 
243 OmyJC19ROGR    (0)    2 :  0.457 0.197 0.277 0.069 
244 OmyJC19ROGR    (0)    2 :  0.583 0.154 0.190 0.074 
245 OmyJC19ROGR    (0)    2 :  0.048 0.034 0.045 0.873 
246 OmyJC19ROGR    (0)    2 :  0.295 0.312 0.195 0.198 
247 OmyJC19ROGR    (0)    2 :  0.141 0.083 0.091 0.685 
248 OmyJC19ROGR    (0)    2 :  0.200 0.066 0.323 0.410 
249 OmyJC19ROGR    (0)    2 :  0.587 0.090 0.198 0.125 
250 OmyJC19ROGR    (0)    2 :  0.402 0.116 0.335 0.146 
251 OmyJC19ROGR    (0)    2 :  0.524 0.073 0.301 0.102 
252 OmyJC19ROGR    (0)    2 :  0.151 0.383 0.343 0.123 
253 OmyJC19ROGR    (0)    2 :  0.252 0.075 0.527 0.146 
254 OmyJC19ROGR    (0)    2 :  0.457 0.102 0.257 0.184 
255 OmyJC19ROGR    (0)    2 :  0.391 0.318 0.198 0.093 
256 OmyJC19ROGR    (0)    2 :  0.417 0.195 0.204 0.184 
257 OmyJC19ROGR    (0)    2 :  0.652 0.083 0.158 0.108 
258 OmyAC19ROGR    (0)    1 :  0.165 0.201 0.484 0.150 
259 OmyAC19ROGR    (0)    1 :  0.121 0.180 0.263 0.436 
260 OmyAC19ROGR    (0)    1 :  0.201 0.067 0.649 0.083 
261 OmyAC19ROGR    (0)    1 :  0.430 0.070 0.357 0.143 
262 OmyAC19ROGR    (0)    1 :  0.165 0.072 0.577 0.186 
263 OmyAC19ROGR    (0)    1 :  0.429 0.275 0.166 0.130 
264 OmyAC19ROGR    (0)    1 :  0.531 0.097 0.279 0.094 
265 OmyAC19ROGR    (0)    1 :  0.723 0.079 0.122 0.076 
266 OmyAC19ROGR    (0)    1 :  0.518 0.118 0.307 0.057 
267 OmyAC19ROGR    (0)    1 :  0.416 0.068 0.191 0.325 
268 OmyAC19ROGR    (0)    1 :  0.317 0.311 0.206 0.167 
269 OmyAC19ROGR    (1)    1 :  0.347 0.100 0.309 0.245 
270 OmyAC19ROGR    (0)    1 :  0.681 0.066 0.189 0.065 
271 OmyAC19ROGR    (0)    1 :  0.231 0.140 0.165 0.464 
272 OmyAC19ROGR    (0)    1 :  0.269 0.229 0.279 0.223 
273 OmyAC19ROGR    (0)    1 :  0.261 0.188 0.503 0.047 
274 OmyAC19ROGR    (0)    1 :  0.170 0.072 0.114 0.644 
275 OmyAC19ROGR    (0)    1 :  0.074 0.668 0.151 0.107 
276 OmyAC19ROGR    (0)    1 :  0.354 0.223 0.314 0.110 
277 OmyAC19ROGR    (0)    1 :  0.208 0.141 0.425 0.227 
278 OmyAC19ROGR    (0)    1 :  0.187 0.412 0.103 0.297 
279 OmyAC19ROGR    (0)    1 :  0.065 0.412 0.288 0.234 
280 OmyAC19ROGR    (0)    1 :  0.328 0.123 0.304 0.245 
281 OmyAC19ROGR    (0)    1 :  0.569 0.138 0.201 0.092 
282 OmyAC19ROGR    (0)    1 :  0.180 0.168 0.399 0.252 
283 OmyAC19ROGR    (0)    1 :  0.419 0.247 0.180 0.153 
284 OmyAC19ROGR    (0)    1 :  0.705 0.111 0.125 0.059 
285 OmyAC19ROGR    (0)    1 :  0.392 0.201 0.323 0.085 
286 OmyAC19ROGR    (0)    1 :  0.407 0.164 0.373 0.057 
287 OmyAC19ROGR    (0)    1 :  0.028 0.019 0.029 0.924 
288 OmyAC19ROGR    (0)    1 :  0.057 0.288 0.064 0.591 
289 OmyAC19ROGR    (0)    1 :  0.439 0.155 0.224 0.182 
290 OmyAC19ROGR    (1)    1 :  0.034 0.033 0.033 0.899 
291 OmyAC19ROGR    (0)    1 :  0.292 0.108 0.166 0.435 
292 OmyAC19ROGR    (0)    1 :  0.285 0.144 0.393 0.178 
293 OmyAC19ROGR    (0)    1 :  0.223 0.519 0.173 0.085 
294 OmyAC19ROGR    (0)    1 :  0.473 0.056 0.132 0.339 
295 OmyAC19ROGR    (0)    1 :  0.244 0.055 0.646 0.055 
296 OmyAC19ROGR    (0)    1 :  0.100 0.588 0.248 0.064 
297 OmyAC19ROGR    (0)    1 :  0.223 0.050 0.111 0.616 
298 OmyAC19ROGR    (0)    1 :  0.349 0.270 0.299 0.083 
299 OmyAC19ROGR    (0)    1 :  0.326 0.187 0.248 0.239 
300 OmyAC19ROGR    (0)    1 :  0.471 0.200 0.232 0.097 
301 OmyAC19ROGR    (0)    1 :  0.058 0.041 0.059 0.843 
302 OmyAC19ROGR    (0)    1 :  0.139 0.155 0.104 0.602 
303 OmyAC19ROGR    (0)    1 :  0.377 0.148 0.327 0.148 
304 OmyAC19ROGR    (0)    1 :  0.107 0.439 0.103 0.351 
305 OmyAC19ROGR    (0)    1 :  0.604 0.171 0.149 0.076 
306 OmyAC19ROGR    (0)    1 :  0.180 0.072 0.210 0.538 
307 OmyAC19ROGR    (1)    1 :  0.479 0.274 0.181 0.066 
308 OmyAC19ROGR    (0)    1 :  0.314 0.136 0.350 0.199 
309 OmyAC19ROGR    (0)    1 :  0.083 0.040 0.099 0.778 
310 OmyAC19ROGR    (0)    1 :  0.277 0.091 0.269 0.363 
311 OmyAC19ROGR    (0)    1 :  0.067 0.078 0.262 0.593 
312 OmyAC19ROGR    (0)    1 :  0.554 0.144 0.212 0.090 
313 OmyAC19ROGR    (0)    1 :  0.329 0.246 0.321 0.103 
314 OmyAC19ROGR    (0)    1 :  0.240 0.311 0.258 0.191 
315 OmyAC19ROGR    (0)    1 :  0.449 0.074 0.279 0.198 
316 OmyAC19ROGR    (0)    1 :  0.649 0.055 0.235 0.061 
317 OmyAC19ROGR    (0)    1 :  0.108 0.692 0.146 0.054 
318 OmyAC19ROGR    (0)    1 :  0.276 0.351 0.332 0.041 
319 OmyAC19ROGR    (0)    1 :  0.397 0.260 0.298 0.045 
320 OmyAC19ROGR    (0)    1 :  0.552 0.257 0.155 0.036 
321 OmyAC19ROGR    (0)    1 :  0.420 0.164 0.363 0.053 
322 OmyAC19ROGR    (0)    1 :  0.084 0.069 0.496 0.351 
323 OmyAC19ROGR    (0)    1 :  0.154 0.184 0.560 0.102 
324 OmyAC19ROGR    (0)    1 :  0.610 0.073 0.267 0.050 
325 OmyAC19ROGR    (0)    1 :  0.323 0.104 0.280 0.293 
326 OmyAC19ROGR    (0)    1 :  0.624 0.110 0.194 0.072 
327 OmyAC19ROGR    (0)    1 :  0.606 0.093 0.235 0.066 
328 OmyAC20ROGR    (0)    1 :  0.318 0.361 0.252 0.069 
329 OmyAC20ROGR    (0)    1 :  0.326 0.254 0.225 0.196 
330 OmyAC20ROGR    (0)    1 :  0.236 0.321 0.221 0.223 
331 OmyAC20ROGR    (0)    1 :  0.185 0.105 0.087 0.624 
332 OmyAC20ROGR    (0)    1 :  0.347 0.144 0.236 0.274 
333 OmyAC20ROGR    (0)    1 :  0.473 0.077 0.159 0.290 
334 OmyAC20ROGR    (0)    1 :  0.595 0.087 0.208 0.110 
335 OmyAC20ROGR    (0)    1 :  0.356 0.127 0.463 0.054 
336 OmyAC20ROGR    (0)    1 :  0.349 0.159 0.274 0.218 
337 OmyAC20ROGR    (0)    1 :  0.150 0.175 0.159 0.516 
338 OmyAC20ROGR    (0)    1 :  0.460 0.074 0.329 0.137 
339 OmyAC20ROGR    (0)    1 :  0.218 0.266 0.382 0.135 
340 OmyAC20ROGR    (0)    1 :  0.478 0.187 0.240 0.095 
341 OmyAC20ROGR    (0)    1 :  0.134 0.512 0.265 0.090 
342 OmyAC20ROGR    (0)    1 :  0.282 0.258 0.231 0.229 
343 OmyAC20ROGR    (0)    1 :  0.230 0.574 0.126 0.070 
344 OmyAC20ROGR    (0)    1 :  0.266 0.207 0.190 0.337 
345 OmyAC20ROGR    (1)    1 :  0.280 0.054 0.495 0.171 
346 OmyAC20ROGR    (0)    1 :  0.432 0.079 0.195 0.294 
347 OmyAC20ROGR    (0)    1 :  0.174 0.254 0.221 0.352 
348 OmyAC20ROGR    (0)    1 :  0.249 0.417 0.149 0.185 
349 OmyAC20ROGR    (0)    1 :  0.319 0.375 0.245 0.060 
350 OmyAC20ROGR    (0)    1 :  0.096 0.692 0.099 0.113 
351 OmyAC20ROGR    (0)    1 :  0.362 0.126 0.401 0.111 
352 OmyAC20ROGR    (0)    1 :  0.264 0.184 0.475 0.077 
353 OmyAC20ROGR    (0)    1 :  0.455 0.122 0.291 0.132 
354 OmyAC20ROGR    (0)    1 :  0.125 0.312 0.190 0.373 
355 OmyAC20ROGR    (0)    1 :  0.114 0.634 0.084 0.168 
356 OmyAC20ROGR    (0)    1 :  0.311 0.116 0.271 0.303 
357 OmyAC20ROGR    (0)    1 :  0.379 0.249 0.282 0.091 
358 OmyAC20ROGR    (0)    1 :  0.334 0.214 0.385 0.066 
359 OmyAC20ROGR    (0)    1 :  0.088 0.232 0.222 0.458 
360 OmyAC20ROGR    (0)    1 :  0.324 0.123 0.321 0.232 
361 OmyAC20ROGR    (0)    1 :  0.220 0.541 0.188 0.051 
362 OmyAC20ROGR    (0)    1 :  0.290 0.147 0.389 0.174 
363 OmyAC20ROGR    (0)    1 :  0.144 0.323 0.110 0.423 
364 OmyAC20ROGR    (1)    1 :  0.286 0.268 0.347 0.099 
365 OmyAC20ROGR    (0)    1 :  0.367 0.165 0.414 0.054 
366 OmyAC20ROGR    (0)    1 :  0.642 0.075 0.248 0.036 
367 OmyAC20ROGR    (0)    1 :  0.192 0.086 0.610 0.111 
368 OmyAC20ROGR    (0)    1 :  0.162 0.189 0.573 0.076 
369 OmyAC20ROGR    (0)    1 :  0.133 0.330 0.187 0.350 
370 OmyAC20ROGR    (0)    1 :  0.060 0.058 0.176 0.707 
371 OmyAC20ROGR    (0)    1 :  0.077 0.058 0.068 0.797 
372 OmyAC20ROGR    (2)    1 :  0.055 0.043 0.055 0.846 
373 OmyAC20ROGR    (0)    1 :  0.071 0.166 0.096 0.667 
374 OmyAC20ROGR    (0)    1 :  0.296 0.179 0.483 0.042 
375 OmyAC20ROGR    (0)    1 :  0.421 0.161 0.246 0.171 
376 OmyAC20ROGR    (0)    1 :  0.211 0.253 0.258 0.278 
377 OmyAC20ROGR    (0)    1 :  0.485 0.186 0.275 0.054 
378 OmyAC20ROGR    (0)    1 :  0.294 0.264 0.392 0.050 
379 OmyAC20ROGR    (0)    1 :  0.184 0.148 0.153 0.516 
380 OmyAC20ROGR    (0)    1 :  0.681 0.051 0.217 0.050 
381 OmyAC20ROGR    (0)    1 :  0.262 0.171 0.374 0.192 
382 OmyAC20ROGR    (0)    1 :  0.062 0.059 0.057 0.821 
383 OmyAC20ROGR    (0)    1 :  0.547 0.053 0.254 0.146 
384 OmyAC20ROGR    (0)    1 :  0.190 0.155 0.202 0.453 
385 OmyAC20ROGR    (0)    1 :  0.196 0.238 0.299 0.266 
386 OmyAC20ROGR    (0)    1 :  0.312 0.092 0.256 0.340 
387 OmyAC20ROGR    (0)    1 :  0.255 0.072 0.164 0.509 
388 OmyAC20ROGR    (0)    1 :  0.194 0.130 0.158 0.518 
389 OmyAC20ROGR    (0)    1 :  0.716 0.074 0.136 0.073 
390 OmyAC20ROGR    (0)    1 :  0.095 0.765 0.113 0.027 
391 OmyAC20ROGR    (0)    1 :  0.107 0.216 0.076 0.600 
392 OmyAC20ROGR    (0)    1 :  0.177 0.173 0.196 0.454 
393 OmyAC20ROGR    (0)    1 :  0.276 0.353 0.226 0.144 
394 OmyAC20ROGR    (0)    1 :  0.132 0.203 0.479 0.185 
395 OmyAC20ROGR    (0)    1 :  0.206 0.358 0.298 0.138 
396 OmyAC20ROGR    (0)    1 :  0.311 0.288 0.266 0.134 
397 OmyAC20ROGR    (0)    1 :  0.307 0.060 0.386 0.247 
398 OmyAC20ROGR    (0)    1 :  0.171 0.058 0.144 0.626 
399 OmyAC20ROGR    (0)    1 :  0.163 0.066 0.538 0.234 
400 OmyAC20ROGR    (0)    1 :  0.454 0.074 0.315 0.158 
401 OmyAC20ROGR    (0)    1 :  0.044 0.123 0.102 0.732 
402 OmyAC20ROGR    (0)    1 :  0.254 0.521 0.193 0.031 
403 OmyAC20ROGR    (0)    1 :  0.185 0.228 0.423 0.164 
404 OmyAC20ROGR    (0)    1 :  0.632 0.183 0.147 0.037 
405 OmyAC20ROGR    (0)    1 :  0.093 0.240 0.189 0.477 
406 OmyAC20ROGR    (0)    1 :  0.229 0.383 0.303 0.085 
407 OmyAC20ROGR    (0)    1 :  0.318 0.066 0.536 0.079 
408 OmyAC20ROGR    (0)    1 :  0.073 0.684 0.078 0.165 
409 OmyAC20ROGR    (0)    1 :  0.631 0.098 0.195 0.077 
410 OmyAC20ROGR    (0)    1 :  0.075 0.039 0.061 0.825 
411 OmyAC20ROGR    (0)    1 :  0.129 0.086 0.092 0.693 
412 OmyAC20ROGR    (0)    1 :  0.405 0.164 0.121 0.310 
413 OmyAC20ROGR    (0)    1 :  0.496 0.084 0.266 0.154 
414 OmyAC20ROGR    (0)    1 :  0.149 0.138 0.284 0.430 
415 OmyAC20ROGR    (0)    1 :  0.299 0.167 0.460 0.074 
416 OmyAC20ROGR    (0)    1 :  0.650 0.089 0.181 0.079 
417 OmyAC20ROGR    (0)    1 :  0.644 0.121 0.194 0.041 
418 OmyAC20ROGR    (0)    1 :  0.349 0.132 0.262 0.257 
419 OmyAC20ROGR    (0)    1 :  0.121 0.196 0.155 0.528 
420 OmyAC20ROGR    (0)    1 :  0.060 0.645 0.221 0.074 
421 OmyAC20ROGR    (0)    1 :  0.483 0.081 0.273 0.163 
422 OmyAC20ROGR    (0)    1 :  0.049 0.036 0.059 0.856 
423 OmyAC20ROGR    (0)    1 :  0.457 0.064 0.409 0.070 
424 OmyAC20ROGR    (0)    1 :  0.092 0.517 0.338 0.053 
425 OmyAC20ROGR    (0)    1 :  0.054 0.049 0.051 0.845 
426 OmyAC20ROGR    (0)    1 :  0.639 0.065 0.209 0.088 
427 OmyAC20ROGR    (0)    1 :  0.388 0.103 0.410 0.099 
428 OmyAC20ROGR    (0)    1 :  0.073 0.047 0.077 0.803 
429 OmyAC20ROGR    (0)    1 :  0.226 0.580 0.142 0.051 
430 OmyAC20ROGR    (0)    1 :  0.182 0.203 0.490 0.125 
431 OmyAC20ROGR    (0)    1 :  0.145 0.074 0.194 0.588 
432 OmyAC20ROGR    (0)    1 :  0.051 0.045 0.041 0.863 
433 OmyAC20ROGR    (0)    1 :  0.049 0.186 0.061 0.705 
434 OmyAC20ROGR    (0)    1 :  0.246 0.081 0.254 0.419 
435 OmyAC20ROGR    (0)    1 :  0.494 0.083 0.350 0.073 
436 OmyAC20ROGR    (0)    1 :  0.492 0.063 0.330 0.115 
437 OmyAC20ROGR    (0)    1 :  0.097 0.130 0.072 0.701 
438 OmyAC20ROGR    (0)    1 :  0.143 0.136 0.308 0.413 
439 OmyAC20ROGR    (0)    1 :  0.134 0.047 0.705 0.115 
440 OmyAC20ROGR    (0)    1 :  0.176 0.067 0.102 0.655 
441 OmyAC20ROGR    (0)    1 :  0.105 0.423 0.419 0.054 
442 OmyAC20ROGR    (0)    1 :  0.150 0.163 0.541 0.146 
443 OmyAC20ROGR    (0)    1 :  0.190 0.084 0.661 0.064 
444 OmyAC20ROGR    (0)    1 :  0.474 0.065 0.153 0.307 
445 OmyAC20ROGR    (0)    1 :  0.156 0.264 0.370 0.210 
446 OmyJC18ROGR    (0)    2 :  0.223 0.279 0.150 0.348 
447 OmyJC18ROGR    (0)    2 :  0.374 0.228 0.241 0.157 
448 OmyJC18ROGR    (0)    2 :  0.246 0.153 0.434 0.167 
449 OmyJC18ROGR    (0)    2 :  0.063 0.247 0.089 0.602 
450 OmyJC18ROGR    (0)    2 :  0.118 0.102 0.148 0.632 
451 OmyJC18ROGR    (0)    2 :  0.058 0.034 0.093 0.814 
452 OmyJC18ROGR    (0)    2 :  0.215 0.115 0.306 0.364 
453 OmyJC18ROGR    (0)    2 :  0.063 0.813 0.084 0.041 
454 OmyJC18ROGR    (0)    2 :  0.064 0.060 0.077 0.799 
455 OmyJC18ROGR    (0)    2 :  0.531 0.141 0.179 0.149 
456 OmyJC18ROGR    (0)    2 :  0.048 0.042 0.061 0.849 
457 OmyJC18ROGR    (0)    2 :  0.590 0.054 0.225 0.132 
458 OmyJC18ROGR    (0)    2 :  0.119 0.552 0.125 0.204 
459 OmyJC18ROGR    (1)    2 :  0.653 0.099 0.210 0.038 
460 OmyJC18ROGR    (2)    2 :  0.179 0.169 0.440 0.212 
461 OmyJC18ROGR    (2)    2 :  0.204 0.100 0.271 0.424 
462 OmyJC18ROGR    (3)    2 :  0.094 0.304 0.305 0.297 
463 OmyJC18ROGR    (0)    2 :  0.056 0.124 0.105 0.715 
464 OmyJC18ROGR    (4)    2 :  0.629 0.122 0.211 0.037 
465 OmyJC18ROGR    (3)    2 :  0.328 0.242 0.303 0.127 
466 OmyJC18ROGR    (0)    2 :  0.201 0.164 0.457 0.178 
467 OmyJC18ROGR    (0)    2 :  0.492 0.128 0.272 0.109 
468 OmyJC18ROGR    (0)    2 :  0.161 0.500 0.178 0.160 
469 OmyJC18ROGR    (0)    2 :  0.052 0.024 0.071 0.853 
470 OmyJC18ROGR    (5)    2 :  0.136 0.168 0.147 0.549 
471 OmyJC18ROGR    (1)    2 :  0.193 0.138 0.456 0.213 
472 OmyJC18ROGR    (2)    2 :  0.301 0.096 0.476 0.127 
473 OmyJC18ROGR    (3)    2 :  0.346 0.269 0.322 0.063 
474 OmyJC18ROGR    (0)    2 :  0.092 0.774 0.074 0.059 
475 OmyJC18ROGR    (2)    2 :  0.131 0.175 0.236 0.457 
476 OmyJC18ROGR    (1)    2 :  0.235 0.104 0.597 0.064 
477 OmyJC18ROGR    (4)    2 :  0.089 0.430 0.234 0.248 
478 OmyJC18ROGR    (0)    2 :  0.456 0.175 0.274 0.095 
479 OmyJC18ROGR    (0)    2 :  0.336 0.093 0.524 0.047 
480 OmyJC18ROGR    (1)    2 :  0.439 0.183 0.198 0.180 
481 OmyJC18ROGR    (3)    2 :  0.196 0.277 0.405 0.123 
482 OmyJC18ROGR    (3)    2 :  0.134 0.556 0.268 0.042 
483 OmyJC18ROGR    (4)    2 :  0.173 0.352 0.415 0.060 
484 OmyJC18ROGR    (4)    2 :  0.223 0.171 0.539 0.068 
485 OmyJC18ROGR    (3)    2 :  0.172 0.174 0.162 0.493 
486 OmyJC18ROGR    (3)    2 :  0.154 0.174 0.212 0.461 
487 OmyJC18ROGR    (1)    2 :  0.209 0.469 0.156 0.166 
488 OmyJC18ROGR    (5)    2 :  0.400 0.179 0.337 0.084 
489 OmyJC18ROGR    (0)    2 :  0.219 0.182 0.539 0.060 
490 OmyJC18ROGR    (3)    2 :  0.132 0.124 0.636 0.108 
491 OmyJC18ROGR    (7)    2 :  0.077 0.707 0.119 0.098 
492 OmyJC18ROGR    (6)    2 :  0.115 0.751 0.094 0.039 
493 OmyJC18ROGR    (3)    2 :  0.392 0.094 0.353 0.161 
494 OmyJC18ROGR    (3)    2 :  0.071 0.058 0.084 0.787 
495 OmyJC18ROGR    (5)    2 :  0.334 0.153 0.134 0.379 
496 OmyJC18ROGR    (0)    2 :  0.331 0.238 0.283 0.148 
497 OmyJC18ROGR    (5)    2 :  0.123 0.651 0.193 0.034 
498 OmyJC18ROGR    (6)    2 :  0.133 0.099 0.608 0.161 
499 OmyJC18ROGR    (0)    2 :  0.330 0.092 0.518 0.059 
500 OmyJC18ROGR    (1)    2 :  0.181 0.555 0.200 0.064 
501 OmyJC18ROGR    (4)    2 :  0.178 0.102 0.261 0.459 
502 OmyJC18ROGR    (2)    2 :  0.159 0.326 0.255 0.260 
503 OmyJC18ROGR    (5)    2 :  0.214 0.380 0.336 0.070 
504 OmyJC18ROGR    (2)    2 :  0.093 0.176 0.451 0.281 
505 OmyJC18ROGR    (0)    2 :  0.287 0.214 0.174 0.325 
506 OmyJC18ROGR    (8)    2 :  0.187 0.407 0.311 0.095 
507 OmyJC18ROGR    (0)    2 :  0.162 0.367 0.285 0.187 
508 OmyJC18ROGR    (0)    2 :  0.176 0.455 0.155 0.213 
509 OmyJC18ROGR    (1)    2 :  0.038 0.037 0.034 0.891 
510 OmyJC18ROGR    (1)    2 :  0.243 0.151 0.471 0.134 
511 OmyJC18ROGR    (5)    2 :  0.289 0.270 0.230 0.210 
512 OmyJC18ROGR    (2)    2 :  0.056 0.086 0.072 0.787 
513 OmyJC18ROGR    (9)    2 :  0.271 0.268 0.110 0.351 
514 OmyJC18ROGR    (4)    2 :  0.181 0.245 0.123 0.450 
515 OmyJC18ROGR    (1)    2 :  0.273 0.444 0.158 0.125 
516 OmyJC18ROGR    (3)    2 :  0.334 0.149 0.309 0.208 
517 OmyJC18ROGR    (3)    2 :  0.115 0.151 0.210 0.525 
518 OmyJC18ROGR    (0)    2 :  0.121 0.496 0.285 0.098 
519 OmyJC18ROGR    (9)    2 :  0.445 0.246 0.214 0.095 
520 OmyJC18ROGR    (6)    2 :  0.103 0.134 0.625 0.137 
521 OmyJC18ROGR    (2)    2 :  0.227 0.277 0.320 0.176 
522 OmyJC18ROGR    (1)    2 :  0.250 0.107 0.508 0.135 
523 OmyJC18ROGR    (4)    2 :  0.364 0.217 0.310 0.109 
524 OmyJC18ROGR    (0)    2 :  0.476 0.077 0.349 0.098 
525 OmyJC18ROGR    (2)    2 :  0.308 0.380 0.215 0.098 
526 OmyJC18ROGR    (3)    2 :  0.241 0.468 0.177 0.114 
527 OmyJC18ROGR    (0)    2 :  0.335 0.153 0.448 0.064 
528 OmyJC18ROGR    (0)    2 :  0.371 0.314 0.246 0.069 
529 OmyJC18ROGR    (1)    2 :  0.412 0.081 0.428 0.078 
530 OmyJC18ROGR    (0)    2 :  0.272 0.391 0.273 0.063 
531 OmyJC18ROGR    (0)    2 :  0.392 0.071 0.290 0.247 
532 OmyJC18ROGR    (2)    2 :  0.427 0.253 0.277 0.044 
533 OmyJC18ROGR    (2)    2 :  0.505 0.108 0.358 0.029 
534 OmyJC18ROGR    (2)    2 :  0.364 0.211 0.320 0.106 
535 OmyJC18ROGR    (0)    2 :  0.234 0.126 0.556 0.084 
536 OmyJC18ROGR    (0)    2 :  0.425 0.185 0.329 0.060 
537 OmyJC18ROGR    (0)    2 :  0.422 0.230 0.317 0.031 
538 OmyJC18ROGR    (0)    2 :  0.416 0.156 0.329 0.099 
539 OmyJC18ROGR    (0)    2 :  0.434 0.154 0.326 0.086 
540 OmyJC18ROGR    (8)    2 :  0.089 0.696 0.123 0.093 
541 OmyJC18ROGR    (1)    2 :  0.617 0.122 0.143 0.117 
542 OmyJC18ROGR    (1)    2 :  0.183 0.344 0.142 0.332 
543 OmyJC18ROGR    (0)    2 :  0.191 0.489 0.195 0.124 
544 OmyJC18ROGR    (2)    2 :  0.484 0.215 0.231 0.070 
545 OmyJC18ROGR    (1)    2 :  0.125 0.086 0.247 0.543 
546 OmyJC18ROGR    (9)    2 :  0.331 0.243 0.387 0.039 
547 OmyJC18ROGR    (0)    2 :  0.444 0.075 0.295 0.186 
548 OmyJC18ROGR    (0)    2 :  0.160 0.340 0.231 0.269 
549 OmyJC18ROGR    (0)    2 :  0.450 0.200 0.218 0.132 
550 OmyJC18ROGR    (1)    2 :  0.228 0.076 0.108 0.589 
551 OmyJC18ROGR    (1)    2 :  0.271 0.372 0.268 0.089 
552 OmyJC18ROGR    (2)    2 :  0.562 0.077 0.217 0.143 
553 OmyJC18ROGR   (10)    2 :  0.439 0.225 0.255 0.081 
554 OmyJC18ROGR    (2)    2 :  0.272 0.363 0.285 0.080 
555 OmyJC18ROGR    (4)    2 :  0.249 0.359 0.323 0.069 
556 OmyJC18ROGR    (0)    2 :  0.346 0.329 0.175 0.150 
557 OmyJC18ROGR    (2)    2 :  0.141 0.147 0.437 0.275 
558 OmyJC18ROGR    (0)    2 :  0.288 0.071 0.304 0.337 
559 OmyJC18ROGR    (0)    2 :  0.093 0.614 0.212 0.081 
560 OmyJC18ROGR    (8)    2 :  0.164 0.354 0.294 0.189 
561 OmyJC18ROGR    (0)    2 :  0.688 0.069 0.208 0.034 
562 OmyJC18ROGR    (8)    2 :  0.344 0.280 0.205 0.171 
563 OmyJC18ROGR    (2)    2 :  0.159 0.225 0.514 0.101 
564 OmyJC18ROGR    (4)    2 :  0.573 0.139 0.164 0.123 
565 OmyJC18ROGR    (3)    2 :  0.313 0.283 0.201 0.203 
566 OmyJC18ROGR    (1)    2 :  0.137 0.237 0.411 0.215 
567 OmyJC18ROGR    (0)    2 :  0.108 0.371 0.434 0.088 
568 OmyJC18ROGR    (5)    2 :  0.403 0.175 0.200 0.222 
569 OmyJC18ROGR    (2)    2 :  0.097 0.694 0.160 0.049 
570 OmyJC18ROGR    (0)    2 :  0.267 0.106 0.544 0.082 
571 OmyJC18ROGR    (2)    2 :  0.223 0.093 0.591 0.093 
572 OmyJC18ROGR    (6)    2 :  0.256 0.396 0.253 0.095 
573 OmyJC18ROGR    (5)    2 :  0.147 0.136 0.224 0.492 
574 OmyJC18ROGR    (8)    2 :  0.295 0.139 0.336 0.230 
575 OmyJC18ROGR    (3)    2 :  0.309 0.233 0.406 0.053 
576 OmyJC18ROGR    (0)    2 :  0.150 0.565 0.124 0.160 
577 OmyJC18ROGR    (0)    2 :  0.055 0.033 0.046 0.866 
578 OmyJC18ROGR    (1)    2 :  0.194 0.146 0.590 0.070 
579 OmyJC18ROGR    (0)    2 :  0.142 0.043 0.201 0.614 
580 OmyJC18ROGR    (0)    2 :  0.310 0.373 0.266 0.051 
581 OmyJC18ROGR    (6)    2 :  0.171 0.510 0.232 0.087 
582 OmyJC18ROGR    (7)    2 :  0.564 0.166 0.221 0.050 
583 OmyJC18ROGR    (3)    2 :  0.540 0.177 0.208 0.075 
584 OmyJC18ROGR    (5)    2 :  0.350 0.249 0.308 0.094 
585 OmyJC18ROGR    (1)    2 :  0.240 0.090 0.498 0.173 
586 OmyJC18ROGR    (2)    2 :  0.254 0.225 0.485 0.036 
587 OmyJC18ROGR    (0)    2 :  0.043 0.025 0.031 0.900 
588 OmyJC18ROGR    (0)    2 :  0.130 0.159 0.467 0.244 
589 OmyJC18ROGR    (1)    2 :  0.339 0.363 0.178 0.120 
590 OmyJC18ROGR    (2)    2 :  0.429 0.100 0.449 0.022 
591 OmyJC18ROGR    (0)    2 :  0.458 0.235 0.232 0.075 
592 OmyJC18ROGR    (4)    2 :  0.181 0.251 0.479 0.089 
593 OmyJC18ROGR    (0)    2 :  0.250 0.181 0.353 0.217 
594 OmyJC18ROGR    (1)    2 :  0.256 0.111 0.570 0.063 
595 OmyJC18ROGR    (0)    2 :  0.158 0.440 0.144 0.258 
596 OmyJC18ROGR    (0)    2 :  0.291 0.268 0.303 0.138 
597 OmyJC18ROGR    (0)    2 :  0.145 0.453 0.226 0.176 
598 OmyJC18ROGR    (0)    2 :  0.244 0.293 0.384 0.079 
599 OmyJC18ROGR    (0)    2 :  0.574 0.096 0.157 0.173 
600 OmyJC18ROGR    (0)    2 :  0.244 0.142 0.503 0.111 
601 OmyJC18ROGR    (0)    2 :  0.205 0.526 0.228 0.040 
602 OmyJC18ROGR    (0)    2 :  0.385 0.216 0.137 0.262 
603 OmyJC18ROGR    (0)    2 :  0.173 0.155 0.619 0.053 
604 OmyJC18ROGR    (0)    2 :  0.693 0.112 0.140 0.055 
605 OmyJC18ROGR    (0)    2 :  0.323 0.324 0.292 0.061 
606 OmyJC18ROGR    (0)    2 :  0.222 0.209 0.415 0.154 
607 OmyJC18ROGR    (0)    2 :  0.682 0.060 0.195 0.063 
608 OmyJC18ROGR    (0)    2 :  0.530 0.118 0.305 0.047 
609 OmyJC18ROGR    (0)    2 :  0.166 0.643 0.121 0.070 
610 OmyJC18ROGR    (6)    2 :  0.107 0.053 0.098 0.742 
611 OmyJC18ROGR    (0)    2 :  0.184 0.247 0.266 0.303 
612 OmyJC18ROGR    (3)    2 :  0.264 0.129 0.444 0.163 
613 OmyJC18ROGR    (0)    2 :  0.281 0.191 0.371 0.157 
614 OmyJC18ROGR    (0)    2 :  0.229 0.232 0.236 0.303 
615 OmyJC18ROGR    (0)    2 :  0.593 0.073 0.297 0.037 
616 OmyJC18ROGR    (0)    2 :  0.079 0.752 0.075 0.094 
617 OmyJC18ROGR    (0)    2 :  0.291 0.187 0.379 0.143 
618 OmyJC18ROGR    (0)    2 :  0.382 0.054 0.323 0.242 
619 OmyJC18ROGR    (0)    2 :  0.330 0.213 0.392 0.064 
620 OmyJC18ROGR    (0)    2 :  0.101 0.472 0.096 0.331 
621 OmyJC18ROGR    (2)    2 :  0.154 0.665 0.087 0.094 
622 OmyJC18ROGR    (3)    2 :  0.274 0.405 0.158 0.163 
623 OmyJC18ROGR    (1)    2 :  0.566 0.050 0.240 0.145 
624 OmyJC18ROGR    (2)    2 :  0.402 0.295 0.178 0.125 
625 OmyJC18ROGR    (1)    2 :  0.293 0.127 0.279 0.301 
626 OmyJC18ROGR    (9)    2 :  0.175 0.454 0.320 0.051 
627 OmyJC18ROGR    (0)    2 :  0.335 0.166 0.326 0.173 
628 OmyJC18ROGR    (0)    2 :  0.032 0.039 0.032 0.897 
629 OmyJC18ROGR    (2)    2 :  0.604 0.108 0.083 0.205 
630 OmyJC18ROGR    (1)    2 :  0.094 0.794 0.077 0.034 
631 OmyJC18ROGR    (4)    2 :  0.366 0.135 0.460 0.039 
632 OmyJC18ROGR    (0)    2 :  0.099 0.639 0.163 0.098 
633 OmyJC18ROGR    (7)    2 :  0.166 0.429 0.321 0.085 
634 OmyJC18ROGR    (2)    2 :  0.359 0.067 0.197 0.377 
635 OmyJC18ROGR    (0)    2 :  0.093 0.768 0.099 0.040 
636 OmyJC18ROGR    (0)    2 :  0.072 0.525 0.189 0.213 
637 OmyJC18ROGR    (0)    2 :  0.233 0.114 0.445 0.208 
638 OmyJC18ROGR    (0)    2 :  0.062 0.761 0.091 0.086 
639 OmyJC18ROGR    (1)    2 :  0.163 0.259 0.447 0.131 
640 OmyJC18ROGR    (2)    2 :  0.268 0.059 0.256 0.417 
641 OmyJC18ROGR    (1)    2 :  0.139 0.075 0.684 0.102 
642 OmyJC18ROGR    (3)    2 :  0.441 0.070 0.238 0.252 
643 OmyJC18ROGR    (1)    2 :  0.181 0.333 0.399 0.087 
644 OmyJC18ROGR   (10)    2 :  0.437 0.096 0.427 0.039 
645 OmyJC18ROGR    (6)    2 :  0.345 0.118 0.318 0.219 
646 OmyJC18ROGR    (0)    2 :  0.632 0.178 0.136 0.054 
647 OmyJC18ROGR    (2)    2 :  0.349 0.089 0.371 0.191 
648 OmyJC18ROGR    (0)    2 :  0.189 0.581 0.189 0.041 
649 OmyJC18ROGR    (0)    2 :  0.503 0.085 0.346 0.066 
650 OmyJC18ROGR    (1)    2 :  0.469 0.260 0.225 0.046 
651 OmyJC18ROGR    (6)    2 :  0.036 0.077 0.091 0.796 
652 OmyJC18ROGR    (1)    2 :  0.401 0.154 0.248 0.197 
653 OmyJC18ROGR    (4)    2 :  0.122 0.401 0.394 0.083 
654 OmyJC18ROGR    (1)    2 :  0.233 0.352 0.271 0.143 
655 OmyJC18ROGR    (4)    2 :  0.191 0.108 0.316 0.385 
656 OmyJC18ROGR    (0)    2 :  0.233 0.094 0.617 0.056 
657 OmyJC18ROGR    (0)    2 :  0.299 0.141 0.460 0.099 
658 OmyJC18ROGR    (0)    2 :  0.175 0.613 0.151 0.061 
659 OmyJC18ROGR    (7)    2 :  0.366 0.112 0.501 0.021 
660 OmyJC18ROGR    (4)    2 :  0.599 0.093 0.183 0.126 
661 OmyJC18ROGR    (3)    2 :  0.756 0.079 0.127 0.038 
662 OmyJC18ROGR    (2)    2 :  0.585 0.070 0.272 0.074 
663 OmyJC18ROGR    (2)    2 :  0.181 0.293 0.203 0.324 
664 OmyJC18ROGR    (0)    2 :  0.270 0.538 0.147 0.045 
665 OmyJC18ROGR    (1)    2 :  0.472 0.128 0.240 0.160 
666 OmyJC18ROGR    (0)    2 :  0.065 0.079 0.071 0.785 
667 OmyJC18ROGR    (0)    2 :  0.226 0.115 0.208 0.451 
668 OmyJC18ROGR    (1)    2 :  0.345 0.155 0.211 0.289 
669 OmyJC18ROGR    (5)    2 :  0.226 0.133 0.453 0.188 
670 OmyJC18ROGR   (10)    2 :  0.607 0.111 0.243 0.039 
671 OmyJC18ROGR    (3)    2 :  0.301 0.115 0.512 0.071 
672 OmyJC18ROGR    (0)    2 :  0.259 0.260 0.440 0.041 
673 OmyJC18ROGR    (6)    2 :  0.066 0.783 0.078 0.072 
674 OmyJC18ROGR    (0)    2 :  0.246 0.343 0.312 0.098 
675 OmyJC18ROGR    (0)    2 :  0.121 0.566 0.278 0.035 
676 OmyJC18ROGR    (1)    2 :  0.344 0.166 0.407 0.084 
677 OmyJC18ROGR    (4)    2 :  0.281 0.073 0.332 0.315 
