

----------------------------------------------------
STRUCTURE by Pritchard, Stephens and Donnelly (2000)
     and Falush, Stephens and Pritchard (2003)
       Code by Pritchard, Falush and Hubisz
             Version 2.3.4 (Jul 2012)
----------------------------------------------------



Command line arguments:   bin/structure -m "/Users/ddayan/FRA/half_pounder_2023/structure/halfpounder/10k_20k_adm_corr/mainparams" -e "/Users/ddayan/FRA/half_pounder_2023/structure/halfpounder/10k_20k_adm_corr/extraparams" 
Input File:    /Users/ddayan/FRA/half_pounder_2023/structure/halfpounder/project_data

Run parameters:
   1000 individuals
   233 loci
   4 populations assumed
   10000 Burn-in period
   20000 Reps


--------------------------------------------
Proportion of membership of each pre-defined
 population in each of the 4 clusters

Given    Inferred Clusters              Number of
 Pop       1      2      3      4      Individuals

  1:     0.249  0.276  0.216  0.259      275
  2:     0.235  0.250  0.258  0.257      643
  3:     0.093  0.273  0.429  0.205       42
  4:     0.092  0.282  0.311  0.315       40
--------------------------------------------

Allele-freq. divergence among pops (Net nucleotide distance),
computed using point estimates of P.

      1       2       3       4      
 1      -    0.0106  0.0129  0.0093  
 2   0.0106     -    0.0042  0.0011  
 3   0.0129  0.0042     -    0.0034  
 4   0.0093  0.0011  0.0034     -    

Average distances (expected heterozygosity) between individuals in same cluster:
cluster  1  : 0.2823 
cluster  2  : 0.3110 
cluster  3  : 0.3066 
cluster  4  : 0.3157 

--------------------------------------------
Estimated Ln Prob of Data   = -216508.0
Mean value of ln likelihood = -214990.1
Variance of ln likelihood   = 3035.7
Mean value of alpha         = 0.3675

Mean value of Fst_1         = 0.0771
Mean value of Fst_2         = 0.0170
Mean value of Fst_3         = 0.0282
Mean value of Fst_4         = 0.0064


Inferred ancestry of individuals:
        Label (%Miss) Pop:  Inferred clusters
  1 OmyAC19ROGR    (0)    1 :  0.055 0.306 0.210 0.429 
  2 OmyAC19ROGR    (0)    1 :  0.147 0.388 0.074 0.390 
  3 OmyAC19ROGR    (0)    1 :  0.098 0.296 0.319 0.287 
  4 OmyAC19ROGR    (0)    1 :  0.035 0.767 0.083 0.115 
  5 OmyAC19ROGR    (1)    1 :  0.877 0.031 0.039 0.053 
  6 OmyAC19ROGR    (0)    1 :  0.368 0.167 0.363 0.102 
  7 OmyAC19ROGR    (0)    1 :  0.325 0.126 0.339 0.209 
  8 OmyAC19ROGR    (0)    1 :  0.038 0.112 0.598 0.251 
  9 OmyAC19ROGR    (0)    1 :  0.456 0.209 0.173 0.163 
 10 OmyAC19ROGR    (0)    1 :  0.400 0.189 0.072 0.339 
 11 OmyAC19ROGR    (0)    1 :  0.080 0.171 0.611 0.138 
 12 OmyAC19ROGR    (0)    1 :  0.260 0.246 0.148 0.347 
 13 OmyAC19ROGR    (0)    1 :  0.051 0.131 0.397 0.421 
 14 OmyAC19ROGR    (0)    1 :  0.228 0.114 0.314 0.344 
 15 OmyAC19ROGR    (0)    1 :  0.472 0.146 0.109 0.273 
 16 OmyAC19ROGR    (0)    1 :  0.119 0.225 0.380 0.276 
 17 OmyAC19ROGR    (0)    1 :  0.180 0.383 0.052 0.385 
 18 OmyAC19ROGR    (3)    1 :  0.029 0.387 0.193 0.392 
 19 OmyAC19ROGR    (0)    1 :  0.084 0.086 0.728 0.101 
 20 OmyAC19ROGR    (0)    1 :  0.362 0.291 0.056 0.290 
 21 OmyAC19ROGR    (0)    1 :  0.392 0.297 0.091 0.219 
 22 OmyAC19ROGR    (0)    1 :  0.102 0.148 0.606 0.144 
 23 OmyAC19ROGR    (0)    1 :  0.407 0.139 0.230 0.224 
 24 OmyAC19ROGR    (1)    1 :  0.054 0.521 0.230 0.195 
 25 OmyAC19ROGR    (0)    1 :  0.492 0.093 0.216 0.200 
 26 OmyAC19ROGR    (0)    1 :  0.155 0.132 0.373 0.340 
 27 OmyAC19ROGR    (2)    1 :  0.087 0.118 0.385 0.410 
 28 OmyAC19ROGR    (0)    1 :  0.085 0.559 0.145 0.210 
 29 OmyAC19ROGR    (0)    1 :  0.119 0.383 0.102 0.397 
 30 OmyAC19ROGR    (0)    1 :  0.505 0.120 0.159 0.217 
 31 OmyAC19ROGR    (0)    1 :  0.110 0.337 0.359 0.194 
 32 OmyAC19ROGR    (0)    1 :  0.212 0.384 0.134 0.270 
 33 OmyAC19ROGR    (0)    1 :  0.137 0.552 0.150 0.162 
 34 OmyAC19ROGR    (0)    1 :  0.507 0.168 0.134 0.191 
 35 OmyAC19ROGR    (0)    1 :  0.103 0.554 0.130 0.213 
 36 OmyAC19ROGR    (0)    1 :  0.077 0.122 0.641 0.159 
 37 OmyAC19ROGR    (0)    1 :  0.246 0.088 0.567 0.099 
 38 OmyAC19ROGR    (0)    1 :  0.607 0.091 0.179 0.123 
 39 OmyAC19ROGR    (0)    1 :  0.113 0.307 0.068 0.512 
 40 OmyAC19ROGR    (0)    1 :  0.438 0.218 0.099 0.244 
 41 OmyAC19ROGR    (0)    1 :  0.078 0.426 0.131 0.366 
 42 OmyAC19ROGR    (0)    1 :  0.739 0.093 0.074 0.094 
 43 OmyAC19ROGR    (0)    1 :  0.089 0.245 0.089 0.577 
 44 OmyAC19ROGR    (8)    1 :  0.070 0.491 0.232 0.208 
 45 OmyAC19ROGR    (2)    1 :  0.462 0.175 0.236 0.127 
 46 OmyAC19ROGR    (0)    1 :  0.128 0.406 0.302 0.164 
 47 OmyAC19ROGR    (0)    1 :  0.058 0.166 0.637 0.139 
 48 OmyAC19ROGR    (0)    1 :  0.056 0.197 0.191 0.556 
 49 OmyAC19ROGR    (0)    1 :  0.069 0.266 0.285 0.380 
 50 OmyAC19ROGR    (0)    1 :  0.052 0.313 0.056 0.579 
 51 OmyAC19ROGR    (2)    1 :  0.756 0.088 0.070 0.086 
 52 OmyAC19ROGR    (0)    1 :  0.793 0.050 0.068 0.089 
 53 OmyAC19ROGR    (1)    1 :  0.057 0.198 0.493 0.252 
 54 OmyAC19ROGR    (0)    1 :  0.116 0.403 0.151 0.330 
 55 OmyAC19ROGR    (4)    1 :  0.110 0.167 0.361 0.362 
 56 OmyAC19ROGR    (0)    1 :  0.268 0.155 0.426 0.151 
 57 OmyAC19ROGR    (0)    1 :  0.038 0.078 0.831 0.052 
 58 OmyAC19ROGR    (0)    1 :  0.572 0.060 0.297 0.070 
 59 OmyAC19ROGR    (0)    1 :  0.062 0.159 0.560 0.219 
 60 OmyAC19ROGR    (0)    1 :  0.163 0.121 0.595 0.121 
 61 OmyAC19ROGR    (0)    1 :  0.115 0.170 0.114 0.600 
 62 OmyAC19ROGR    (0)    1 :  0.097 0.155 0.350 0.398 
 63 OmyAC19ROGR    (0)    1 :  0.235 0.266 0.225 0.274 
 64 OmyAC19ROGR    (2)    1 :  0.103 0.562 0.090 0.245 
 65 OmyAC19ROGR    (0)    1 :  0.063 0.260 0.296 0.382 
 66 OmyAC19ROGR    (5)    1 :  0.315 0.133 0.228 0.324 
 67 OmyAC19ROGR    (0)    1 :  0.062 0.142 0.667 0.130 
 68 OmyAC19ROGR    (1)    1 :  0.242 0.228 0.215 0.315 
 69 OmyAC19ROGR    (3)    1 :  0.206 0.177 0.386 0.231 
 70 OmyAC19ROGR    (0)    1 :  0.063 0.405 0.095 0.437 
 71 OmyAC19ROGR    (0)    1 :  0.095 0.235 0.415 0.254 
 72 OmyAC19ROGR    (5)    1 :  0.071 0.303 0.294 0.332 
 73 OmyAC19ROGR    (0)    1 :  0.212 0.256 0.124 0.408 
 74 OmyAC19ROGR    (0)    1 :  0.110 0.457 0.099 0.335 
 75 OmyAC19ROGR    (0)    1 :  0.186 0.502 0.121 0.191 
 76 OmyAC19ROGR    (0)    1 :  0.095 0.417 0.191 0.297 
 77 OmyAC19ROGR    (1)    1 :  0.907 0.034 0.028 0.031 
 78 OmyAC19ROGR    (0)    1 :  0.057 0.375 0.075 0.492 
 79 OmyAC19ROGR    (3)    1 :  0.111 0.345 0.134 0.410 
 80 OmyAC19ROGR    (0)    1 :  0.759 0.063 0.081 0.096 
 81 OmyAC19ROGR    (3)    1 :  0.355 0.162 0.169 0.314 
 82 OmyAC19ROGR    (1)    1 :  0.027 0.119 0.734 0.121 
 83 OmyAC19ROGR    (0)    1 :  0.060 0.460 0.176 0.304 
 84 OmyAC19ROGR    (0)    1 :  0.129 0.220 0.465 0.186 
 85 OmyAC19ROGR    (7)    1 :  0.078 0.383 0.180 0.359 
 86 OmyAC19ROGR    (0)    1 :  0.125 0.288 0.131 0.456 
 87 OmyAC19ROGR    (0)    1 :  0.061 0.670 0.162 0.107 
 88 OmyJC19ROGR    (0)    2 :  0.817 0.057 0.038 0.088 
 89 OmyJC19ROGR    (0)    2 :  0.103 0.125 0.306 0.466 
 90 OmyJC19ROGR    (0)    2 :  0.847 0.076 0.032 0.045 
 91 OmyJC19ROGR    (0)    2 :  0.025 0.162 0.423 0.391 
 92 OmyJC19ROGR    (0)    2 :  0.080 0.394 0.120 0.406 
 93 OmyJC19ROGR    (0)    2 :  0.091 0.553 0.180 0.176 
 94 OmyJC19ROGR    (0)    2 :  0.158 0.410 0.074 0.358 
 95 OmyJC19ROGR    (0)    2 :  0.219 0.392 0.151 0.238 
 96 OmyJC19ROGR    (0)    2 :  0.274 0.211 0.201 0.314 
 97 OmyJC19ROGR    (0)    2 :  0.351 0.202 0.202 0.245 
 98 OmyJC19ROGR    (0)    2 :  0.069 0.421 0.341 0.170 
 99 OmyJC19ROGR    (0)    2 :  0.083 0.336 0.366 0.216 
100 OmyJC19ROGR    (0)    2 :  0.065 0.193 0.392 0.350 
101 OmyJC19ROGR    (1)    2 :  0.530 0.148 0.176 0.146 
102 OmyJC19ROGR    (0)    2 :  0.133 0.279 0.327 0.262 
103 OmyJC19ROGR    (0)    2 :  0.362 0.213 0.179 0.246 
104 OmyJC19ROGR    (0)    2 :  0.045 0.172 0.435 0.348 
105 OmyJC19ROGR    (0)    2 :  0.295 0.368 0.214 0.123 
106 OmyJC19ROGR    (0)    2 :  0.849 0.058 0.037 0.056 
107 OmyJC19ROGR    (0)    2 :  0.243 0.144 0.536 0.077 
108 OmyJC19ROGR    (0)    2 :  0.116 0.515 0.121 0.249 
109 OmyJC19ROGR    (0)    2 :  0.211 0.184 0.298 0.307 
110 OmyJC19ROGR    (0)    2 :  0.554 0.167 0.125 0.154 
111 OmyJC19ROGR    (0)    2 :  0.083 0.131 0.660 0.126 
112 OmyJC19ROGR    (2)    2 :  0.266 0.140 0.326 0.268 
113 OmyJC19ROGR    (0)    2 :  0.530 0.094 0.108 0.268 
114 OmyJC19ROGR    (5)    2 :  0.070 0.288 0.115 0.527 
115 OmyJC19ROGR    (0)    2 :  0.061 0.691 0.076 0.172 
116 OmyJC19ROGR    (0)    2 :  0.156 0.335 0.097 0.411 
117 OmyJC19ROGR    (0)    2 :  0.158 0.312 0.239 0.291 
118 OmyJC19ROGR    (0)    2 :  0.043 0.474 0.205 0.278 
119 OmyJC19ROGR    (2)    2 :  0.057 0.491 0.141 0.312 
120 OmyJC19ROGR    (0)    2 :  0.057 0.133 0.580 0.230 
121 OmyJC19ROGR    (0)    2 :  0.044 0.197 0.596 0.163 
122 OmyJC19ROGR    (0)    2 :  0.107 0.378 0.219 0.297 
123 OmyJC19ROGR    (1)    2 :  0.035 0.516 0.198 0.251 
124 OmyJC19ROGR    (0)    2 :  0.253 0.396 0.092 0.258 
125 OmyJC19ROGR    (0)    2 :  0.131 0.231 0.160 0.478 
126 OmyJC19ROGR    (0)    2 :  0.758 0.106 0.041 0.095 
127 OmyJC19ROGR    (0)    2 :  0.052 0.190 0.465 0.293 
128 OmyJC19ROGR    (1)    2 :  0.054 0.281 0.231 0.433 
129 OmyJC19ROGR    (0)    2 :  0.290 0.187 0.077 0.446 
130 OmyJC19ROGR    (2)    2 :  0.157 0.149 0.076 0.619 
131 OmyJC19ROGR    (0)    2 :  0.099 0.198 0.531 0.172 
132 OmyJC19ROGR    (0)    2 :  0.096 0.621 0.172 0.110 
133 OmyJC19ROGR    (0)    2 :  0.042 0.689 0.131 0.138 
134 OmyJC19ROGR    (0)    2 :  0.072 0.308 0.288 0.332 
135 OmyJC19ROGR    (0)    2 :  0.090 0.112 0.684 0.113 
136 OmyJC19ROGR    (4)    2 :  0.139 0.515 0.149 0.196 
137 OmyJC19ROGR    (0)    2 :  0.222 0.167 0.235 0.377 
138 OmyJC19ROGR    (0)    2 :  0.667 0.099 0.150 0.083 
139 OmyJC19ROGR    (3)    2 :  0.050 0.138 0.287 0.526 
140 OmyJC19ROGR    (1)    2 :  0.142 0.149 0.114 0.594 
141 OmyJC19ROGR    (0)    2 :  0.194 0.230 0.133 0.443 
142 OmyJC19ROGR    (0)    2 :  0.479 0.159 0.208 0.154 
143 OmyJC19ROGR    (0)    2 :  0.177 0.527 0.129 0.167 
144 OmyJC19ROGR    (0)    2 :  0.036 0.148 0.537 0.279 
145 OmyJC19ROGR    (0)    2 :  0.056 0.279 0.216 0.449 
146 OmyJC19ROGR    (1)    2 :  0.149 0.180 0.357 0.315 
147 OmyJC19ROGR    (0)    2 :  0.257 0.122 0.514 0.106 
148 OmyJC19ROGR    (0)    2 :  0.080 0.118 0.706 0.096 
149 OmyJC19ROGR    (0)    2 :  0.064 0.370 0.324 0.243 
150 OmyJC19ROGR    (1)    2 :  0.099 0.576 0.107 0.218 
151 OmyJC19ROGR    (0)    2 :  0.152 0.189 0.092 0.568 
152 OmyJC19ROGR    (0)    2 :  0.057 0.396 0.464 0.083 
153 OmyJC19ROGR    (0)    2 :  0.108 0.189 0.604 0.098 
154 OmyJC19ROGR    (0)    2 :  0.129 0.178 0.434 0.260 
155 OmyJC19ROGR    (0)    2 :  0.085 0.210 0.103 0.602 
156 OmyJC19ROGR    (0)    2 :  0.122 0.466 0.262 0.149 
157 OmyJC19ROGR    (0)    2 :  0.286 0.299 0.142 0.274 
158 OmyJC19ROGR    (0)    2 :  0.030 0.516 0.331 0.122 
159 OmyJC19ROGR    (0)    2 :  0.056 0.605 0.163 0.177 
160 OmyJC19ROGR    (0)    2 :  0.144 0.227 0.227 0.401 
161 OmyJC19ROGR    (1)    2 :  0.050 0.153 0.677 0.120 
162 OmyJC19ROGR    (0)    2 :  0.284 0.300 0.295 0.121 
163 OmyJC19ROGR    (0)    2 :  0.138 0.170 0.544 0.149 
164 OmyJC19ROGR    (0)    2 :  0.037 0.229 0.434 0.300 
165 OmyJC19ROGR    (0)    2 :  0.046 0.440 0.300 0.213 
166 OmyJC19ROGR    (0)    2 :  0.104 0.459 0.114 0.323 
167 OmyJC19ROGR    (0)    2 :  0.170 0.272 0.358 0.200 
168 OmyJC19ROGR    (0)    2 :  0.129 0.257 0.185 0.430 
169 OmyJC19ROGR    (0)    2 :  0.884 0.045 0.031 0.040 
170 OmyJC19ROGR    (0)    2 :  0.137 0.398 0.179 0.285 
171 OmyJC19ROGR    (0)    2 :  0.063 0.447 0.219 0.270 
172 OmyJC19ROGR    (0)    2 :  0.315 0.121 0.391 0.172 
173 OmyJC19ROGR    (0)    2 :  0.818 0.062 0.052 0.069 
174 OmyJC19ROGR    (0)    2 :  0.051 0.282 0.118 0.548 
175 OmyJC19ROGR    (0)    2 :  0.056 0.557 0.103 0.283 
176 OmyJC19ROGR    (0)    2 :  0.263 0.127 0.357 0.252 
177 OmyJC19ROGR    (0)    2 :  0.033 0.173 0.716 0.079 
178 OmyJC19ROGR    (0)    2 :  0.080 0.245 0.225 0.450 
179 OmyJC19ROGR    (0)    2 :  0.082 0.358 0.130 0.430 
180 OmyJC19ROGR    (0)    2 :  0.833 0.052 0.059 0.056 
181 OmyJC19ROGR    (0)    2 :  0.132 0.447 0.107 0.314 
182 OmyJC19ROGR    (0)    2 :  0.115 0.123 0.444 0.318 
183 OmyJC19ROGR    (0)    2 :  0.080 0.326 0.373 0.222 
184 OmyJC19ROGR    (0)    2 :  0.717 0.084 0.105 0.095 
185 OmyJC19ROGR    (0)    2 :  0.036 0.140 0.110 0.715 
186 OmyJC19ROGR    (0)    2 :  0.380 0.192 0.211 0.217 
187 OmyJC19ROGR    (0)    2 :  0.074 0.646 0.079 0.201 
188 OmyJC19ROGR    (0)    2 :  0.074 0.346 0.215 0.365 
189 OmyJC19ROGR    (0)    2 :  0.341 0.341 0.194 0.125 
190 OmyJC19ROGR    (0)    2 :  0.123 0.192 0.493 0.192 
191 OmyJC19ROGR    (0)    2 :  0.093 0.595 0.165 0.146 
192 OmyJC19ROGR    (0)    2 :  0.054 0.251 0.154 0.542 
193 OmyJC19ROGR    (0)    2 :  0.258 0.146 0.463 0.133 
194 OmyJC19ROGR    (0)    2 :  0.037 0.160 0.570 0.233 
195 OmyJC19ROGR    (0)    2 :  0.771 0.085 0.048 0.096 
196 OmyJC19ROGR    (0)    2 :  0.052 0.660 0.044 0.244 
197 OmyJC19ROGR    (0)    2 :  0.077 0.305 0.244 0.375 
198 OmyJC19ROGR    (0)    2 :  0.806 0.063 0.084 0.047 
199 OmyJC19ROGR    (0)    2 :  0.045 0.182 0.320 0.452 
200 OmyJC19ROGR    (0)    2 :  0.251 0.317 0.217 0.215 
201 OmyJC19ROGR    (0)    2 :  0.046 0.231 0.388 0.335 
202 OmyJC19ROGR    (0)    2 :  0.044 0.348 0.444 0.164 
203 OmyJC19ROGR    (0)    2 :  0.063 0.684 0.110 0.143 
204 OmyJC19ROGR    (0)    2 :  0.138 0.345 0.228 0.290 
205 OmyJC19ROGR    (0)    2 :  0.214 0.258 0.313 0.215 
206 OmyJC19ROGR    (0)    2 :  0.877 0.036 0.036 0.051 
207 OmyJC19ROGR    (0)    2 :  0.440 0.100 0.311 0.149 
208 OmyJC19ROGR    (0)    2 :  0.081 0.194 0.271 0.455 
209 OmyJC19ROGR    (0)    2 :  0.381 0.134 0.211 0.274 
210 OmyJC19ROGR    (0)    2 :  0.853 0.063 0.031 0.053 
211 OmyJC19ROGR    (0)    2 :  0.173 0.145 0.373 0.309 
212 OmyJC19ROGR    (1)    2 :  0.276 0.097 0.559 0.068 
213 OmyJC19ROGR    (1)    2 :  0.142 0.325 0.095 0.437 
214 OmyJC19ROGR    (0)    2 :  0.193 0.193 0.484 0.130 
215 OmyJC19ROGR    (0)    2 :  0.046 0.450 0.156 0.348 
216 OmyJC19ROGR    (0)    2 :  0.529 0.092 0.226 0.154 
217 OmyJC19ROGR    (0)    2 :  0.608 0.127 0.112 0.153 
218 OmyJC19ROGR    (0)    2 :  0.087 0.636 0.125 0.152 
219 OmyJC19ROGR    (0)    2 :  0.283 0.128 0.338 0.250 
220 OmyJC19ROGR    (0)    2 :  0.027 0.202 0.603 0.167 
221 OmyJC19ROGR    (0)    2 :  0.194 0.192 0.507 0.108 
222 OmyJC19ROGR    (0)    2 :  0.062 0.261 0.237 0.440 
223 OmyJC19ROGR    (0)    2 :  0.173 0.187 0.401 0.239 
224 OmyJC19ROGR    (1)    2 :  0.112 0.290 0.166 0.432 
225 OmyJC19ROGR    (0)    2 :  0.767 0.040 0.148 0.045 
226 OmyJC19ROGR    (0)    2 :  0.401 0.259 0.055 0.285 
227 OmyJC19ROGR    (0)    2 :  0.848 0.072 0.038 0.043 
228 OmyJC19ROGR    (0)    2 :  0.079 0.191 0.294 0.435 
229 OmyJC19ROGR    (0)    2 :  0.062 0.622 0.182 0.135 
230 OmyJC19ROGR    (0)    2 :  0.260 0.275 0.295 0.171 
231 OmyJC19ROGR    (0)    2 :  0.186 0.217 0.390 0.207 
232 OmyJC19ROGR    (2)    2 :  0.144 0.232 0.375 0.250 
233 OmyJC19ROGR    (0)    2 :  0.248 0.207 0.379 0.166 
234 OmyJC19ROGR    (0)    2 :  0.882 0.036 0.039 0.043 
235 OmyJC19ROGR    (0)    2 :  0.702 0.082 0.094 0.121 
236 OmyJC19ROGR    (0)    2 :  0.056 0.070 0.777 0.096 
237 OmyJC19ROGR    (0)    2 :  0.145 0.091 0.518 0.246 
238 OmyJC19ROGR    (0)    2 :  0.096 0.098 0.715 0.091 
239 OmyJC19ROGR    (0)    2 :  0.069 0.100 0.298 0.533 
240 OmyJC19ROGR    (0)    2 :  0.117 0.326 0.172 0.385 
241 OmyJC19ROGR    (0)    2 :  0.275 0.340 0.114 0.271 
242 OmyJC19ROGR    (0)    2 :  0.035 0.114 0.625 0.226 
243 OmyJC19ROGR    (0)    2 :  0.068 0.416 0.209 0.307 
244 OmyJC19ROGR    (0)    2 :  0.078 0.586 0.177 0.158 
245 OmyJC19ROGR    (0)    2 :  0.853 0.056 0.044 0.046 
246 OmyJC19ROGR    (0)    2 :  0.197 0.335 0.284 0.183 
247 OmyJC19ROGR    (0)    2 :  0.676 0.154 0.085 0.085 
248 OmyJC19ROGR    (0)    2 :  0.412 0.204 0.064 0.320 
249 OmyJC19ROGR    (0)    2 :  0.125 0.586 0.095 0.194 
250 OmyJC19ROGR    (0)    2 :  0.141 0.419 0.108 0.332 
251 OmyJC19ROGR    (0)    2 :  0.100 0.555 0.078 0.267 
252 OmyJC19ROGR    (0)    2 :  0.122 0.172 0.401 0.305 
253 OmyJC19ROGR    (0)    2 :  0.145 0.226 0.074 0.555 
254 OmyJC19ROGR    (0)    2 :  0.185 0.420 0.110 0.285 
255 OmyJC19ROGR    (0)    2 :  0.096 0.369 0.305 0.229 
256 OmyJC19ROGR    (0)    2 :  0.195 0.418 0.210 0.177 
257 OmyJC19ROGR    (0)    2 :  0.115 0.625 0.088 0.172 
258 OmyAC19ROGR    (0)    1 :  0.138 0.144 0.156 0.562 
259 OmyAC19ROGR    (0)    1 :  0.428 0.108 0.203 0.262 
260 OmyAC19ROGR    (0)    1 :  0.088 0.184 0.071 0.656 
261 OmyAC19ROGR    (0)    1 :  0.165 0.384 0.068 0.383 
262 OmyAC19ROGR    (0)    1 :  0.180 0.207 0.093 0.520 
263 OmyAC19ROGR    (0)    1 :  0.118 0.405 0.318 0.159 
264 OmyAC19ROGR    (0)    1 :  0.107 0.545 0.105 0.243 
265 OmyAC19ROGR    (0)    1 :  0.080 0.686 0.089 0.144 
266 OmyAC19ROGR    (0)    1 :  0.053 0.571 0.102 0.274 
267 OmyAC19ROGR    (0)    1 :  0.326 0.469 0.064 0.141 
268 OmyAC19ROGR    (0)    1 :  0.184 0.301 0.314 0.201 
269 OmyAC19ROGR    (1)    1 :  0.221 0.399 0.093 0.286 
270 OmyAC19ROGR    (0)    1 :  0.073 0.693 0.085 0.149 
271 OmyAC19ROGR    (0)    1 :  0.448 0.260 0.116 0.176 
272 OmyAC19ROGR    (0)    1 :  0.239 0.246 0.241 0.274 
273 OmyAC19ROGR    (0)    1 :  0.056 0.291 0.201 0.452 
274 OmyAC19ROGR    (0)    1 :  0.646 0.147 0.091 0.116 
275 OmyAC19ROGR    (0)    1 :  0.129 0.079 0.628 0.164 
276 OmyAC19ROGR    (0)    1 :  0.125 0.318 0.249 0.309 
277 OmyAC19ROGR    (0)    1 :  0.223 0.198 0.138 0.441 
278 OmyAC19ROGR    (0)    1 :  0.307 0.181 0.408 0.103 
279 OmyAC19ROGR    (0)    1 :  0.226 0.063 0.352 0.359 
280 OmyAC19ROGR    (0)    1 :  0.262 0.257 0.122 0.360 
281 OmyAC19ROGR    (0)    1 :  0.087 0.515 0.143 0.255 
282 OmyAC19ROGR    (0)    1 :  0.268 0.182 0.185 0.365 
283 OmyAC19ROGR    (0)    1 :  0.157 0.400 0.243 0.199 
284 OmyAC19ROGR    (0)    1 :  0.063 0.685 0.131 0.121 
285 OmyAC19ROGR    (0)    1 :  0.091 0.418 0.195 0.296 
286 OmyAC19ROGR    (0)    1 :  0.061 0.362 0.165 0.412 
287 OmyAC19ROGR    (0)    1 :  0.920 0.027 0.021 0.032 
288 OmyAC19ROGR    (0)    1 :  0.589 0.044 0.322 0.045 
289 OmyAC19ROGR    (0)    1 :  0.179 0.470 0.150 0.201 
290 OmyAC19ROGR    (1)    1 :  0.895 0.035 0.040 0.030 
291 OmyAC19ROGR    (0)    1 :  0.442 0.295 0.115 0.148 
292 OmyAC19ROGR    (0)    1 :  0.176 0.318 0.139 0.367 
293 OmyAC19ROGR    (0)    1 :  0.091 0.221 0.515 0.173 
294 OmyAC19ROGR    (0)    1 :  0.328 0.427 0.065 0.180 
295 OmyAC19ROGR    (0)    1 :  0.057 0.256 0.045 0.642 
296 OmyAC19ROGR    (0)    1 :  0.069 0.087 0.530 0.314 
297 OmyAC19ROGR    (0)    1 :  0.590 0.223 0.053 0.134 
298 OmyAC19ROGR    (0)    1 :  0.091 0.265 0.273 0.372 
299 OmyAC19ROGR    (0)    1 :  0.241 0.328 0.186 0.245 
300 OmyAC19ROGR    (0)    1 :  0.109 0.437 0.217 0.237 
301 OmyAC19ROGR    (0)    1 :  0.834 0.068 0.043 0.055 
302 OmyAC19ROGR    (0)    1 :  0.582 0.152 0.154 0.112 
303 OmyAC19ROGR    (0)    1 :  0.137 0.373 0.160 0.330 
304 OmyAC19ROGR    (0)    1 :  0.363 0.092 0.424 0.121 
305 OmyAC19ROGR    (0)    1 :  0.085 0.608 0.160 0.148 
306 OmyAC19ROGR    (0)    1 :  0.538 0.177 0.058 0.227 
307 OmyAC19ROGR    (1)    1 :  0.066 0.441 0.268 0.224 
308 OmyAC19ROGR    (0)    1 :  0.203 0.313 0.164 0.320 
309 OmyAC19ROGR    (0)    1 :  0.744 0.112 0.044 0.100 
310 OmyAC19ROGR    (0)    1 :  0.345 0.300 0.089 0.267 
311 OmyAC19ROGR    (0)    1 :  0.596 0.062 0.085 0.258 
312 OmyAC19ROGR    (0)    1 :  0.094 0.575 0.138 0.194 
313 OmyAC19ROGR    (0)    1 :  0.099 0.314 0.326 0.261 
314 OmyAC19ROGR    (0)    1 :  0.192 0.237 0.344 0.228 
315 OmyAC19ROGR    (0)    1 :  0.202 0.446 0.084 0.267 
316 OmyAC19ROGR    (0)    1 :  0.061 0.661 0.050 0.228 
317 OmyAC19ROGR    (0)    1 :  0.062 0.122 0.634 0.182 
318 OmyAC19ROGR    (0)    1 :  0.043 0.320 0.371 0.266 
319 OmyAC19ROGR    (0)    1 :  0.041 0.400 0.253 0.306 
320 OmyAC19ROGR    (0)    1 :  0.040 0.511 0.288 0.161 
321 OmyAC19ROGR    (0)    1 :  0.057 0.383 0.181 0.380 
322 OmyAC19ROGR    (0)    1 :  0.344 0.062 0.062 0.532 
323 OmyAC19ROGR    (0)    1 :  0.105 0.179 0.174 0.543 
324 OmyAC19ROGR    (0)    1 :  0.049 0.638 0.092 0.222 
325 OmyAC19ROGR    (0)    1 :  0.287 0.341 0.104 0.268 
326 OmyAC19ROGR    (0)    1 :  0.087 0.619 0.115 0.179 
327 OmyAC19ROGR    (0)    1 :  0.068 0.571 0.088 0.274 
328 OmyAC20ROGR    (0)    1 :  0.070 0.292 0.403 0.235 
329 OmyAC20ROGR    (0)    1 :  0.203 0.277 0.314 0.206 
330 OmyAC20ROGR    (0)    1 :  0.241 0.243 0.284 0.232 
331 OmyAC20ROGR    (0)    1 :  0.593 0.204 0.108 0.095 
332 OmyAC20ROGR    (0)    1 :  0.273 0.390 0.141 0.196 
333 OmyAC20ROGR    (0)    1 :  0.290 0.501 0.073 0.136 
334 OmyAC20ROGR    (0)    1 :  0.128 0.548 0.106 0.218 
335 OmyAC20ROGR    (0)    1 :  0.057 0.400 0.147 0.396 
336 OmyAC20ROGR    (0)    1 :  0.229 0.333 0.200 0.238 
337 OmyAC20ROGR    (0)    1 :  0.520 0.140 0.159 0.182 
338 OmyAC20ROGR    (0)    1 :  0.132 0.469 0.081 0.317 
339 OmyAC20ROGR    (0)    1 :  0.136 0.216 0.247 0.401 
340 OmyAC20ROGR    (0)    1 :  0.116 0.447 0.194 0.243 
341 OmyAC20ROGR    (0)    1 :  0.093 0.143 0.536 0.227 
342 OmyAC20ROGR    (0)    1 :  0.238 0.234 0.269 0.259 
343 OmyAC20ROGR    (0)    1 :  0.073 0.198 0.599 0.131 
344 OmyAC20ROGR    (0)    1 :  0.359 0.260 0.218 0.163 
345 OmyAC20ROGR    (1)    1 :  0.195 0.316 0.052 0.437 
346 OmyAC20ROGR    (0)    1 :  0.315 0.431 0.070 0.184 
347 OmyAC20ROGR    (0)    1 :  0.355 0.196 0.250 0.199 
348 OmyAC20ROGR    (0)    1 :  0.214 0.218 0.418 0.151 
349 OmyAC20ROGR    (0)    1 :  0.067 0.307 0.408 0.218 
350 OmyAC20ROGR    (0)    1 :  0.107 0.082 0.719 0.092 
351 OmyAC20ROGR    (0)    1 :  0.116 0.389 0.128 0.367 
352 OmyAC20ROGR    (0)    1 :  0.086 0.258 0.187 0.469 
353 OmyAC20ROGR    (0)    1 :  0.139 0.526 0.116 0.220 
354 OmyAC20ROGR    (0)    1 :  0.382 0.090 0.332 0.196 
355 OmyAC20ROGR    (0)    1 :  0.167 0.107 0.643 0.084 
356 OmyAC20ROGR    (0)    1 :  0.313 0.330 0.120 0.237 
357 OmyAC20ROGR    (0)    1 :  0.102 0.385 0.239 0.275 
358 OmyAC20ROGR    (0)    1 :  0.072 0.307 0.221 0.399 
359 OmyAC20ROGR    (0)    1 :  0.419 0.083 0.213 0.285 
360 OmyAC20ROGR    (0)    1 :  0.233 0.291 0.145 0.331 
361 OmyAC20ROGR    (0)    1 :  0.058 0.186 0.488 0.267 
362 OmyAC20ROGR    (0)    1 :  0.173 0.267 0.180 0.380 
363 OmyAC20ROGR    (0)    1 :  0.405 0.142 0.357 0.096 
364 OmyAC20ROGR    (1)    1 :  0.094 0.299 0.259 0.347 
365 OmyAC20ROGR    (0)    1 :  0.057 0.442 0.171 0.331 
366 OmyAC20ROGR    (0)    1 :  0.038 0.668 0.065 0.228 
367 OmyAC20ROGR    (0)    1 :  0.102 0.197 0.076 0.626 
368 OmyAC20ROGR    (0)    1 :  0.089 0.180 0.204 0.527 
369 OmyAC20ROGR    (0)    1 :  0.346 0.129 0.339 0.186 
370 OmyAC20ROGR    (0)    1 :  0.644 0.066 0.062 0.228 
371 OmyAC20ROGR    (0)    1 :  0.777 0.077 0.068 0.078 
372 OmyAC20ROGR    (2)    1 :  0.855 0.051 0.046 0.048 
373 OmyAC20ROGR    (0)    1 :  0.636 0.088 0.165 0.110 
374 OmyAC20ROGR    (0)    1 :  0.045 0.291 0.173 0.491 
375 OmyAC20ROGR    (0)    1 :  0.184 0.424 0.178 0.214 
376 OmyAC20ROGR    (0)    1 :  0.270 0.211 0.251 0.267 
377 OmyAC20ROGR    (0)    1 :  0.053 0.469 0.214 0.265 
378 OmyAC20ROGR    (0)    1 :  0.054 0.317 0.268 0.361 
379 OmyAC20ROGR    (0)    1 :  0.506 0.179 0.155 0.160 
380 OmyAC20ROGR    (0)    1 :  0.053 0.647 0.069 0.231 
381 OmyAC20ROGR    (0)    1 :  0.192 0.291 0.178 0.339 
382 OmyAC20ROGR    (0)    1 :  0.810 0.071 0.056 0.063 
383 OmyAC20ROGR    (0)    1 :  0.166 0.495 0.057 0.281 
384 OmyAC20ROGR    (0)    1 :  0.463 0.178 0.162 0.197 
385 OmyAC20ROGR    (0)    1 :  0.286 0.195 0.216 0.303 
386 OmyAC20ROGR    (0)    1 :  0.342 0.311 0.102 0.245 
387 OmyAC20ROGR    (0)    1 :  0.496 0.245 0.070 0.189 
388 OmyAC20ROGR    (0)    1 :  0.526 0.188 0.133 0.153 
389 OmyAC20ROGR    (0)    1 :  0.079 0.695 0.092 0.134 
390 OmyAC20ROGR    (0)    1 :  0.029 0.108 0.738 0.126 
391 OmyAC20ROGR    (0)    1 :  0.587 0.099 0.232 0.083 
392 OmyAC20ROGR    (0)    1 :  0.464 0.144 0.170 0.222 
393 OmyAC20ROGR    (0)    1 :  0.138 0.296 0.376 0.189 
394 OmyAC20ROGR    (0)    1 :  0.207 0.108 0.222 0.463 
395 OmyAC20ROGR    (0)    1 :  0.137 0.194 0.326 0.343 
396 OmyAC20ROGR    (0)    1 :  0.131 0.302 0.244 0.322 
397 OmyAC20ROGR    (0)    1 :  0.266 0.276 0.073 0.386 
398 OmyAC20ROGR    (0)    1 :  0.625 0.190 0.066 0.119 
399 OmyAC20ROGR    (0)    1 :  0.250 0.158 0.056 0.537 
400 OmyAC20ROGR    (0)    1 :  0.151 0.496 0.070 0.284 
401 OmyAC20ROGR    (0)    1 :  0.720 0.055 0.119 0.106 
402 OmyAC20ROGR    (0)    1 :  0.029 0.255 0.536 0.180 
403 OmyAC20ROGR    (0)    1 :  0.173 0.179 0.322 0.326 
404 OmyAC20ROGR    (0)    1 :  0.034 0.676 0.152 0.138 
405 OmyAC20ROGR    (0)    1 :  0.476 0.079 0.257 0.187 
406 OmyAC20ROGR    (0)    1 :  0.088 0.223 0.318 0.372 
407 OmyAC20ROGR    (0)    1 :  0.084 0.352 0.059 0.505 
408 OmyAC20ROGR    (0)    1 :  0.170 0.096 0.650 0.084 
409 OmyAC20ROGR    (0)    1 :  0.074 0.604 0.099 0.223 
410 OmyAC20ROGR    (0)    1 :  0.792 0.095 0.036 0.077 
411 OmyAC20ROGR    (0)    1 :  0.660 0.129 0.090 0.122 
412 OmyAC20ROGR    (0)    1 :  0.313 0.399 0.166 0.122 
413 OmyAC20ROGR    (0)    1 :  0.155 0.476 0.084 0.286 
414 OmyAC20ROGR    (0)    1 :  0.433 0.163 0.132 0.272 
415 OmyAC20ROGR    (0)    1 :  0.080 0.261 0.148 0.512 
416 OmyAC20ROGR    (0)    1 :  0.075 0.632 0.088 0.205 
417 OmyAC20ROGR    (0)    1 :  0.045 0.578 0.150 0.227 
418 OmyAC20ROGR    (0)    1 :  0.262 0.347 0.158 0.233 
419 OmyAC20ROGR    (0)    1 :  0.529 0.110 0.182 0.179 
420 OmyAC20ROGR    (0)    1 :  0.086 0.065 0.587 0.262 
421 OmyAC20ROGR    (0)    1 :  0.158 0.450 0.088 0.304 
422 OmyAC20ROGR    (0)    1 :  0.850 0.054 0.038 0.058 
423 OmyAC20ROGR    (0)    1 :  0.075 0.423 0.060 0.442 
424 OmyAC20ROGR    (0)    1 :  0.051 0.101 0.486 0.361 
425 OmyAC20ROGR    (0)    1 :  0.842 0.050 0.054 0.054 
426 OmyAC20ROGR    (0)    1 :  0.087 0.690 0.059 0.164 
427 OmyAC20ROGR    (0)    1 :  0.111 0.404 0.134 0.351 
428 OmyAC20ROGR    (0)    1 :  0.809 0.075 0.049 0.067 
429 OmyAC20ROGR    (0)    1 :  0.049 0.221 0.566 0.165 
430 OmyAC20ROGR    (0)    1 :  0.122 0.182 0.170 0.526 
431 OmyAC20ROGR    (0)    1 :  0.585 0.166 0.082 0.166 
432 OmyAC20ROGR    (0)    1 :  0.858 0.049 0.040 0.053 
433 OmyAC20ROGR    (0)    1 :  0.698 0.046 0.188 0.068 
434 OmyAC20ROGR    (0)    1 :  0.418 0.212 0.095 0.275 
435 OmyAC20ROGR    (0)    1 :  0.075 0.559 0.089 0.278 
436 OmyAC20ROGR    (0)    1 :  0.111 0.488 0.065 0.335 
437 OmyAC20ROGR    (0)    1 :  0.695 0.092 0.131 0.082 
438 OmyAC20ROGR    (0)    1 :  0.403 0.123 0.135 0.339 
439 OmyAC20ROGR    (0)    1 :  0.112 0.155 0.052 0.681 
440 OmyAC20ROGR    (0)    1 :  0.648 0.171 0.082 0.099 
441 OmyAC20ROGR    (0)    1 :  0.058 0.116 0.376 0.451 
442 OmyAC20ROGR    (0)    1 :  0.144 0.150 0.168 0.538 
443 OmyAC20ROGR    (0)    1 :  0.069 0.136 0.085 0.710 
444 OmyAC20ROGR    (0)    1 :  0.325 0.446 0.065 0.165 
445 OmyAC20ROGR    (0)    1 :  0.208 0.137 0.252 0.403 
446 OmyJC18ROGR    (0)    2 :  0.366 0.201 0.286 0.147 
447 OmyJC18ROGR    (0)    2 :  0.170 0.381 0.236 0.213 
448 OmyJC18ROGR    (0)    2 :  0.159 0.236 0.142 0.463 
449 OmyJC18ROGR    (0)    2 :  0.589 0.057 0.269 0.085 
450 OmyJC18ROGR    (0)    2 :  0.658 0.106 0.098 0.138 
451 OmyJC18ROGR    (0)    2 :  0.811 0.064 0.037 0.087 
452 OmyJC18ROGR    (0)    2 :  0.371 0.217 0.117 0.296 
453 OmyJC18ROGR    (0)    2 :  0.042 0.086 0.791 0.081 
454 OmyJC18ROGR    (0)    2 :  0.789 0.071 0.069 0.071 
455 OmyJC18ROGR    (0)    2 :  0.147 0.527 0.143 0.184 
456 OmyJC18ROGR    (0)    2 :  0.821 0.051 0.052 0.075 
457 OmyJC18ROGR    (0)    2 :  0.132 0.603 0.059 0.205 
458 OmyJC18ROGR    (0)    2 :  0.217 0.135 0.520 0.127 
459 OmyJC18ROGR    (1)    2 :  0.040 0.638 0.103 0.219 
460 OmyJC18ROGR    (2)    2 :  0.207 0.185 0.199 0.409 
461 OmyJC18ROGR    (2)    2 :  0.424 0.223 0.108 0.245 
462 OmyJC18ROGR    (3)    2 :  0.302 0.115 0.306 0.277 
463 OmyJC18ROGR    (0)    2 :  0.714 0.067 0.112 0.107 
464 OmyJC18ROGR    (4)    2 :  0.038 0.587 0.118 0.257 
465 OmyJC18ROGR    (3)    2 :  0.144 0.287 0.225 0.344 
466 OmyJC18ROGR    (0)    2 :  0.183 0.209 0.176 0.432 
467 OmyJC18ROGR    (0)    2 :  0.111 0.483 0.124 0.283 
468 OmyJC18ROGR    (0)    2 :  0.171 0.145 0.515 0.169 
469 OmyJC18ROGR    (0)    2 :  0.824 0.059 0.034 0.082 
470 OmyJC18ROGR    (5)    2 :  0.504 0.142 0.180 0.174 
471 OmyJC18ROGR    (1)    2 :  0.201 0.175 0.124 0.500 
472 OmyJC18ROGR    (2)    2 :  0.131 0.308 0.094 0.468 
473 OmyJC18ROGR    (3)    2 :  0.059 0.395 0.244 0.301 
474 OmyJC18ROGR    (0)    2 :  0.062 0.078 0.788 0.072 
475 OmyJC18ROGR    (2)    2 :  0.473 0.138 0.169 0.220 
476 OmyJC18ROGR    (1)    2 :  0.060 0.209 0.090 0.642 
477 OmyJC18ROGR    (4)    2 :  0.251 0.109 0.378 0.262 
478 OmyJC18ROGR    (0)    2 :  0.104 0.399 0.197 0.301 
479 OmyJC18ROGR    (0)    2 :  0.055 0.338 0.107 0.499 
480 OmyJC18ROGR    (1)    2 :  0.184 0.423 0.189 0.204 
481 OmyJC18ROGR    (3)    2 :  0.128 0.172 0.270 0.431 
482 OmyJC18ROGR    (3)    2 :  0.040 0.163 0.539 0.257 
483 OmyJC18ROGR    (4)    2 :  0.056 0.176 0.365 0.403 
484 OmyJC18ROGR    (4)    2 :  0.077 0.228 0.183 0.512 
485 OmyJC18ROGR    (3)    2 :  0.486 0.174 0.185 0.155 
486 OmyJC18ROGR    (3)    2 :  0.454 0.148 0.194 0.204 
487 OmyJC18ROGR    (1)    2 :  0.174 0.253 0.433 0.140 
488 OmyJC18ROGR    (5)    2 :  0.087 0.389 0.184 0.339 
489 OmyJC18ROGR    (0)    2 :  0.055 0.171 0.160 0.614 
490 OmyJC18ROGR    (3)    2 :  0.124 0.152 0.128 0.597 
491 OmyJC18ROGR    (7)    2 :  0.101 0.075 0.722 0.101 
492 OmyJC18ROGR    (6)    2 :  0.039 0.105 0.755 0.101 
493 OmyJC18ROGR    (3)    2 :  0.158 0.321 0.081 0.440 
494 OmyJC18ROGR    (3)    2 :  0.765 0.089 0.062 0.084 
495 OmyJC18ROGR    (5)    2 :  0.363 0.332 0.155 0.150 
496 OmyJC18ROGR    (0)    2 :  0.157 0.346 0.195 0.302 
497 OmyJC18ROGR    (5)    2 :  0.035 0.159 0.604 0.202 
498 OmyJC18ROGR    (6)    2 :  0.161 0.128 0.115 0.596 
499 OmyJC18ROGR    (0)    2 :  0.061 0.296 0.100 0.542 
500 OmyJC18ROGR    (1)    2 :  0.076 0.183 0.552 0.189 
501 OmyJC18ROGR    (4)    2 :  0.455 0.159 0.111 0.274 
502 OmyJC18ROGR    (2)    2 :  0.258 0.139 0.321 0.282 
503 OmyJC18ROGR    (5)    2 :  0.074 0.206 0.349 0.371 
504 OmyJC18ROGR    (2)    2 :  0.257 0.077 0.187 0.479 
505 OmyJC18ROGR    (0)    2 :  0.319 0.268 0.194 0.218 
506 OmyJC18ROGR    (8)    2 :  0.106 0.190 0.398 0.306 
507 OmyJC18ROGR    (0)    2 :  0.191 0.183 0.368 0.257 
508 OmyJC18ROGR    (0)    2 :  0.226 0.183 0.379 0.213 
509 OmyJC18ROGR    (1)    2 :  0.893 0.036 0.037 0.034 
510 OmyJC18ROGR    (1)    2 :  0.129 0.236 0.148 0.487 
511 OmyJC18ROGR    (5)    2 :  0.214 0.261 0.279 0.246 
512 OmyJC18ROGR    (2)    2 :  0.767 0.056 0.096 0.081 
513 OmyJC18ROGR    (9)    2 :  0.340 0.278 0.247 0.135 
514 OmyJC18ROGR    (4)    2 :  0.424 0.170 0.262 0.143 
515 OmyJC18ROGR    (1)    2 :  0.128 0.237 0.475 0.160 
516 OmyJC18ROGR    (3)    2 :  0.208 0.343 0.133 0.315 
517 OmyJC18ROGR    (3)    2 :  0.555 0.112 0.141 0.191 
518 OmyJC18ROGR    (0)    2 :  0.102 0.140 0.469 0.289 
519 OmyJC18ROGR    (9)    2 :  0.100 0.440 0.250 0.210 
520 OmyJC18ROGR    (6)    2 :  0.135 0.094 0.119 0.652 
521 OmyJC18ROGR    (2)    2 :  0.173 0.237 0.324 0.266 
522 OmyJC18ROGR    (1)    2 :  0.138 0.197 0.093 0.572 
523 OmyJC18ROGR    (4)    2 :  0.127 0.293 0.264 0.315 
524 OmyJC18ROGR    (0)    2 :  0.108 0.446 0.079 0.367 
525 OmyJC18ROGR    (2)    2 :  0.105 0.262 0.386 0.247 
526 OmyJC18ROGR    (3)    2 :  0.125 0.222 0.462 0.191 
527 OmyJC18ROGR    (0)    2 :  0.078 0.319 0.181 0.422 
528 OmyJC18ROGR    (0)    2 :  0.065 0.359 0.343 0.233 
529 OmyJC18ROGR    (1)    2 :  0.085 0.441 0.092 0.381 
530 OmyJC18ROGR    (0)    2 :  0.071 0.280 0.391 0.258 
531 OmyJC18ROGR    (0)    2 :  0.248 0.403 0.064 0.285 
532 OmyJC18ROGR    (2)    2 :  0.046 0.350 0.264 0.341 
533 OmyJC18ROGR    (2)    2 :  0.033 0.560 0.103 0.304 
534 OmyJC18ROGR    (2)    2 :  0.095 0.281 0.190 0.433 
535 OmyJC18ROGR    (0)    2 :  0.084 0.294 0.152 0.470 
536 OmyJC18ROGR    (0)    2 :  0.066 0.431 0.201 0.301 
537 OmyJC18ROGR    (0)    2 :  0.036 0.398 0.287 0.279 
538 OmyJC18ROGR    (0)    2 :  0.114 0.456 0.153 0.276 
539 OmyJC18ROGR    (0)    2 :  0.084 0.330 0.169 0.416 
540 OmyJC18ROGR    (8)    2 :  0.103 0.084 0.695 0.118 
541 OmyJC18ROGR    (1)    2 :  0.119 0.599 0.135 0.147 
542 OmyJC18ROGR    (1)    2 :  0.331 0.185 0.344 0.140 
543 OmyJC18ROGR    (0)    2 :  0.130 0.171 0.532 0.166 
544 OmyJC18ROGR    (2)    2 :  0.079 0.486 0.212 0.224 
545 OmyJC18ROGR    (1)    2 :  0.531 0.129 0.071 0.269 
546 OmyJC18ROGR    (9)    2 :  0.044 0.377 0.247 0.333 
547 OmyJC18ROGR    (0)    2 :  0.174 0.451 0.077 0.298 
548 OmyJC18ROGR    (0)    2 :  0.276 0.180 0.311 0.233 
549 OmyJC18ROGR    (0)    2 :  0.153 0.424 0.210 0.213 
550 OmyJC18ROGR    (1)    2 :  0.574 0.250 0.086 0.091 
551 OmyJC18ROGR    (1)    2 :  0.106 0.284 0.363 0.248 
552 OmyJC18ROGR    (2)    2 :  0.138 0.584 0.082 0.196 
553 OmyJC18ROGR   (10)    2 :  0.089 0.388 0.256 0.267 
554 OmyJC18ROGR    (2)    2 :  0.081 0.262 0.373 0.284 
555 OmyJC18ROGR    (4)    2 :  0.072 0.239 0.335 0.355 
556 OmyJC18ROGR    (0)    2 :  0.147 0.347 0.361 0.145 
557 OmyJC18ROGR    (2)    2 :  0.262 0.133 0.140 0.464 
558 OmyJC18ROGR    (0)    2 :  0.334 0.334 0.062 0.270 
559 OmyJC18ROGR    (0)    2 :  0.100 0.093 0.553 0.255 
560 OmyJC18ROGR    (8)    2 :  0.183 0.170 0.333 0.314 
561 OmyJC18ROGR    (0)    2 :  0.043 0.609 0.069 0.279 
562 OmyJC18ROGR    (8)    2 :  0.173 0.301 0.362 0.164 
563 OmyJC18ROGR    (2)    2 :  0.101 0.156 0.242 0.500 
564 OmyJC18ROGR    (4)    2 :  0.132 0.577 0.148 0.143 
565 OmyJC18ROGR    (3)    2 :  0.208 0.271 0.292 0.229 
566 OmyJC18ROGR    (1)    2 :  0.212 0.141 0.195 0.451 
567 OmyJC18ROGR    (0)    2 :  0.096 0.105 0.337 0.462 
568 OmyJC18ROGR    (5)    2 :  0.213 0.422 0.202 0.163 
569 OmyJC18ROGR    (2)    2 :  0.049 0.112 0.663 0.176 
570 OmyJC18ROGR    (0)    2 :  0.094 0.246 0.124 0.536 
571 OmyJC18ROGR    (2)    2 :  0.106 0.271 0.110 0.513 
572 OmyJC18ROGR    (6)    2 :  0.099 0.273 0.391 0.237 
573 OmyJC18ROGR    (5)    2 :  0.493 0.155 0.154 0.198 
574 OmyJC18ROGR    (8)    2 :  0.224 0.267 0.151 0.358 
575 OmyJC18ROGR    (3)    2 :  0.060 0.348 0.225 0.368 
576 OmyJC18ROGR    (0)    2 :  0.162 0.155 0.568 0.115 
577 OmyJC18ROGR    (0)    2 :  0.866 0.056 0.031 0.047 
578 OmyJC18ROGR    (1)    2 :  0.077 0.243 0.178 0.502 
579 OmyJC18ROGR    (0)    2 :  0.632 0.138 0.035 0.195 
580 OmyJC18ROGR    (0)    2 :  0.052 0.330 0.367 0.252 
581 OmyJC18ROGR    (6)    2 :  0.096 0.168 0.496 0.241 
582 OmyJC18ROGR    (7)    2 :  0.055 0.490 0.178 0.277 
583 OmyJC18ROGR    (3)    2 :  0.081 0.541 0.189 0.188 
584 OmyJC18ROGR    (5)    2 :  0.093 0.360 0.249 0.298 
585 OmyJC18ROGR    (1)    2 :  0.147 0.245 0.092 0.517 
586 OmyJC18ROGR    (2)    2 :  0.040 0.284 0.247 0.430 
587 OmyJC18ROGR    (0)    2 :  0.900 0.040 0.026 0.034 
588 OmyJC18ROGR    (0)    2 :  0.247 0.098 0.174 0.481 
589 OmyJC18ROGR    (1)    2 :  0.120 0.352 0.345 0.184 
590 OmyJC18ROGR    (2)    2 :  0.024 0.376 0.104 0.496 
591 OmyJC18ROGR    (0)    2 :  0.078 0.493 0.207 0.222 
592 OmyJC18ROGR    (4)    2 :  0.087 0.177 0.242 0.494 
593 OmyJC18ROGR    (0)    2 :  0.213 0.268 0.194 0.325 
594 OmyJC18ROGR    (1)    2 :  0.067 0.295 0.120 0.519 
595 OmyJC18ROGR    (0)    2 :  0.263 0.166 0.429 0.142 
596 OmyJC18ROGR    (0)    2 :  0.139 0.328 0.248 0.284 
597 OmyJC18ROGR    (0)    2 :  0.182 0.162 0.438 0.218 
598 OmyJC18ROGR    (0)    2 :  0.101 0.236 0.272 0.391 
599 OmyJC18ROGR    (0)    2 :  0.187 0.544 0.106 0.163 
600 OmyJC18ROGR    (0)    2 :  0.106 0.293 0.181 0.420 
601 OmyJC18ROGR    (0)    2 :  0.046 0.196 0.546 0.212 
602 OmyJC18ROGR    (0)    2 :  0.262 0.351 0.234 0.154 
603 OmyJC18ROGR    (0)    2 :  0.062 0.153 0.146 0.640 
604 OmyJC18ROGR    (0)    2 :  0.067 0.674 0.112 0.146 
605 OmyJC18ROGR    (0)    2 :  0.073 0.318 0.313 0.296 
606 OmyJC18ROGR    (0)    2 :  0.161 0.202 0.221 0.417 
607 OmyJC18ROGR    (0)    2 :  0.075 0.693 0.056 0.175 
608 OmyJC18ROGR    (0)    2 :  0.050 0.459 0.113 0.378 
609 OmyJC18ROGR    (0)    2 :  0.096 0.134 0.642 0.128 
610 OmyJC18ROGR    (6)    2 :  0.722 0.137 0.059 0.083 
611 OmyJC18ROGR    (0)    2 :  0.309 0.171 0.269 0.250 
612 OmyJC18ROGR    (3)    2 :  0.189 0.258 0.125 0.429 
613 OmyJC18ROGR    (0)    2 :  0.162 0.336 0.185 0.316 
614 OmyJC18ROGR    (0)    2 :  0.295 0.219 0.253 0.234 
615 OmyJC18ROGR    (0)    2 :  0.038 0.626 0.085 0.251 
616 OmyJC18ROGR    (0)    2 :  0.074 0.059 0.797 0.071 
617 OmyJC18ROGR    (0)    2 :  0.144 0.256 0.189 0.410 
618 OmyJC18ROGR    (0)    2 :  0.238 0.384 0.064 0.315 
619 OmyJC18ROGR    (0)    2 :  0.066 0.312 0.261 0.361 
620 OmyJC18ROGR    (0)    2 :  0.302 0.110 0.498 0.091 
621 OmyJC18ROGR    (2)    2 :  0.090 0.152 0.656 0.102 
622 OmyJC18ROGR    (3)    2 :  0.182 0.252 0.381 0.185 
623 OmyJC18ROGR    (1)    2 :  0.152 0.555 0.058 0.235 
624 OmyJC18ROGR    (2)    2 :  0.141 0.380 0.317 0.162 
625 OmyJC18ROGR    (1)    2 :  0.296 0.303 0.120 0.281 
626 OmyJC18ROGR    (9)    2 :  0.057 0.175 0.468 0.301 
627 OmyJC18ROGR    (0)    2 :  0.178 0.272 0.165 0.386 
628 OmyJC18ROGR    (0)    2 :  0.904 0.028 0.038 0.030 
629 OmyJC18ROGR    (2)    2 :  0.201 0.592 0.121 0.087 
630 OmyJC18ROGR    (1)    2 :  0.033 0.098 0.786 0.083 
631 OmyJC18ROGR    (4)    2 :  0.045 0.359 0.123 0.472 
632 OmyJC18ROGR    (0)    2 :  0.104 0.103 0.623 0.170 
633 OmyJC18ROGR    (7)    2 :  0.086 0.175 0.423 0.316 
634 OmyJC18ROGR    (2)    2 :  0.395 0.337 0.072 0.196 
635 OmyJC18ROGR    (0)    2 :  0.042 0.107 0.751 0.101 
636 OmyJC18ROGR    (0)    2 :  0.231 0.062 0.552 0.154 
637 OmyJC18ROGR    (0)    2 :  0.215 0.244 0.109 0.432 
638 OmyJC18ROGR    (0)    2 :  0.098 0.077 0.733 0.091 
639 OmyJC18ROGR    (1)    2 :  0.146 0.157 0.307 0.390 
640 OmyJC18ROGR    (2)    2 :  0.425 0.293 0.072 0.210 
641 OmyJC18ROGR    (1)    2 :  0.121 0.164 0.084 0.630 
642 OmyJC18ROGR    (3)    2 :  0.246 0.459 0.070 0.225 
643 OmyJC18ROGR    (1)    2 :  0.084 0.169 0.284 0.463 
644 OmyJC18ROGR   (10)    2 :  0.039 0.402 0.091 0.468 
645 OmyJC18ROGR    (6)    2 :  0.227 0.345 0.123 0.305 
646 OmyJC18ROGR    (0)    2 :  0.066 0.585 0.198 0.151 
647 OmyJC18ROGR    (2)    2 :  0.217 0.338 0.105 0.340 
648 OmyJC18ROGR    (0)    2 :  0.046 0.185 0.570 0.199 
649 OmyJC18ROGR    (0)    2 :  0.070 0.561 0.088 0.281 
650 OmyJC18ROGR    (1)    2 :  0.048 0.431 0.263 0.257 
651 OmyJC18ROGR    (6)    2 :  0.803 0.041 0.067 0.089 
652 OmyJC18ROGR    (1)    2 :  0.196 0.404 0.159 0.241 
653 OmyJC18ROGR    (4)    2 :  0.076 0.145 0.380 0.400 
654 OmyJC18ROGR    (1)    2 :  0.147 0.199 0.297 0.357 
655 OmyJC18ROGR    (4)    2 :  0.394 0.211 0.098 0.297 
656 OmyJC18ROGR    (0)    2 :  0.067 0.259 0.089 0.584 
657 OmyJC18ROGR    (0)    2 :  0.103 0.266 0.139 0.492 
658 OmyJC18ROGR    (0)    2 :  0.058 0.163 0.625 0.154 
659 OmyJC18ROGR    (7)    2 :  0.025 0.398 0.123 0.454 
660 OmyJC18ROGR    (4)    2 :  0.126 0.613 0.089 0.172 
661 OmyJC18ROGR    (3)    2 :  0.044 0.744 0.094 0.118 
662 OmyJC18ROGR    (2)    2 :  0.073 0.568 0.071 0.288 
663 OmyJC18ROGR    (2)    2 :  0.319 0.189 0.282 0.210 
664 OmyJC18ROGR    (0)    2 :  0.044 0.254 0.531 0.171 
665 OmyJC18ROGR    (1)    2 :  0.171 0.476 0.135 0.218 
666 OmyJC18ROGR    (0)    2 :  0.765 0.060 0.091 0.084 
667 OmyJC18ROGR    (0)    2 :  0.456 0.223 0.118 0.204 
668 OmyJC18ROGR    (1)    2 :  0.279 0.363 0.162 0.196 
669 OmyJC18ROGR    (5)    2 :  0.196 0.196 0.108 0.499 
670 OmyJC18ROGR   (10)    2 :  0.049 0.542 0.111 0.298 
671 OmyJC18ROGR    (3)    2 :  0.074 0.374 0.139 0.414 
672 OmyJC18ROGR    (0)    2 :  0.040 0.278 0.290 0.391 
673 OmyJC18ROGR    (6)    2 :  0.068 0.061 0.807 0.064 
674 OmyJC18ROGR    (0)    2 :  0.102 0.200 0.318 0.380 
675 OmyJC18ROGR    (0)    2 :  0.038 0.136 0.595 0.231 
676 OmyJC18ROGR    (1)    2 :  0.086 0.299 0.135 0.479 
677 OmyJC18ROGR    (4)    2 :  0.313 0.263 0.079 0.345 
