

----------------------------------------------------
STRUCTURE by Pritchard, Stephens and Donnelly (2000)
     and Falush, Stephens and Pritchard (2003)
       Code by Pritchard, Falush and Hubisz
             Version 2.3.4 (Jul 2012)
----------------------------------------------------



Command line arguments:   bin/structure -m "/Users/ddayan/FRA/half_pounder_2023/structure/halfpounder_p3/10k_20k_adm_corr_3/mainparams" -e "/Users/ddayan/FRA/half_pounder_2023/structure/halfpounder_p3/10k_20k_adm_corr_3/extraparams" 
Input File:    /Users/ddayan/FRA/half_pounder_2023/structure/halfpounder_p3/project_data

Run parameters:
   1000 individuals
   233 loci
   5 populations assumed
   10000 Burn-in period
   20000 Reps


--------------------------------------------
Proportion of membership of each pre-defined
 population in each of the 5 clusters

Given    Inferred Clusters                     Number of
 Pop       1      2      3      4      5      Individuals

  1:     0.200  0.214  0.167  0.208  0.210      275
  2:     0.202  0.194  0.207  0.200  0.198      643
  3:     0.189  0.232  0.366  0.150  0.063       42
  4:     0.219  0.241  0.233  0.244  0.063       40
--------------------------------------------

Allele-freq. divergence among pops (Net nucleotide distance),
computed using point estimates of P.

      1       2       3       4       5      
 1      -    0.0010  0.0037  0.0004  0.0098  
 2   0.0010     -    0.0043  0.0011  0.0109  
 3   0.0037  0.0043     -    0.0036  0.0136  
 4   0.0004  0.0011  0.0036     -    0.0095  
 5   0.0098  0.0109  0.0136  0.0095     -    

Average distances (expected heterozygosity) between individuals in same cluster:
cluster  1  : 0.3128 
cluster  2  : 0.3107 
cluster  3  : 0.3051 
cluster  4  : 0.3146 
cluster  5  : 0.2805 

--------------------------------------------
Estimated Ln Prob of Data   = -218200.4
Mean value of ln likelihood = -214778.5
Variance of ln likelihood   = 6843.9
Mean value of alpha         = 0.2587

Mean value of Fst_1         = 0.0125
Mean value of Fst_2         = 0.0176
Mean value of Fst_3         = 0.0293
Mean value of Fst_4         = 0.0100
Mean value of Fst_5         = 0.0795


Inferred ancestry of individuals:
        Label (%Miss) Pop:  Inferred clusters
  1 OmyAC19ROGR    (0)    1 :  0.271 0.229 0.149 0.316 0.035 
  2 OmyAC19ROGR    (0)    1 :  0.339 0.263 0.044 0.249 0.105 
  3 OmyAC19ROGR    (0)    1 :  0.262 0.195 0.211 0.274 0.058 
  4 OmyAC19ROGR    (0)    1 :  0.158 0.613 0.060 0.136 0.032 
  5 OmyAC19ROGR    (1)    1 :  0.035 0.024 0.028 0.040 0.872 
  6 OmyAC19ROGR    (0)    1 :  0.121 0.145 0.289 0.105 0.340 
  7 OmyAC19ROGR    (0)    1 :  0.164 0.085 0.262 0.233 0.257 
  8 OmyAC19ROGR    (0)    1 :  0.094 0.077 0.562 0.238 0.029 
  9 OmyAC19ROGR    (0)    1 :  0.175 0.129 0.116 0.165 0.415 
 10 OmyAC19ROGR    (0)    1 :  0.216 0.117 0.055 0.259 0.352 
 11 OmyAC19ROGR    (0)    1 :  0.119 0.188 0.503 0.127 0.063 
 12 OmyAC19ROGR    (0)    1 :  0.314 0.146 0.093 0.230 0.216 
 13 OmyAC19ROGR    (0)    1 :  0.108 0.178 0.356 0.321 0.037 
 14 OmyAC19ROGR    (0)    1 :  0.136 0.169 0.202 0.300 0.193 
 15 OmyAC19ROGR    (0)    1 :  0.132 0.116 0.069 0.291 0.392 
 16 OmyAC19ROGR    (0)    1 :  0.135 0.197 0.364 0.229 0.074 
 17 OmyAC19ROGR    (0)    1 :  0.194 0.325 0.036 0.302 0.143 
 18 OmyAC19ROGR    (3)    1 :  0.417 0.143 0.155 0.265 0.020 
 19 OmyAC19ROGR    (0)    1 :  0.097 0.059 0.707 0.078 0.059 
 20 OmyAC19ROGR    (0)    1 :  0.211 0.275 0.035 0.172 0.307 
 21 OmyAC19ROGR    (0)    1 :  0.201 0.242 0.068 0.167 0.321 
 22 OmyAC19ROGR    (0)    1 :  0.171 0.079 0.543 0.132 0.075 
 23 OmyAC19ROGR    (0)    1 :  0.196 0.091 0.160 0.228 0.324 
 24 OmyAC19ROGR    (1)    1 :  0.354 0.261 0.171 0.172 0.042 
 25 OmyAC19ROGR    (0)    1 :  0.103 0.077 0.166 0.221 0.433 
 26 OmyAC19ROGR    (0)    1 :  0.259 0.115 0.299 0.222 0.106 
 27 OmyAC19ROGR    (2)    1 :  0.215 0.081 0.255 0.392 0.057 
 28 OmyAC19ROGR    (0)    1 :  0.216 0.396 0.140 0.192 0.056 
 29 OmyAC19ROGR    (0)    1 :  0.350 0.218 0.074 0.281 0.077 
 30 OmyAC19ROGR    (0)    1 :  0.259 0.077 0.116 0.131 0.417 
 31 OmyAC19ROGR    (0)    1 :  0.213 0.260 0.291 0.172 0.064 
 32 OmyAC19ROGR    (0)    1 :  0.226 0.263 0.082 0.276 0.153 
 33 OmyAC19ROGR    (0)    1 :  0.195 0.473 0.088 0.156 0.088 
 34 OmyAC19ROGR    (0)    1 :  0.115 0.154 0.103 0.190 0.439 
 35 OmyAC19ROGR    (0)    1 :  0.274 0.412 0.078 0.159 0.077 
 36 OmyAC19ROGR    (0)    1 :  0.175 0.082 0.524 0.165 0.054 
 37 OmyAC19ROGR    (0)    1 :  0.072 0.064 0.611 0.080 0.173 
 38 OmyAC19ROGR    (0)    1 :  0.109 0.071 0.144 0.136 0.539 
 39 OmyAC19ROGR    (0)    1 :  0.392 0.156 0.054 0.317 0.080 
 40 OmyAC19ROGR    (0)    1 :  0.159 0.189 0.065 0.215 0.371 
 41 OmyAC19ROGR    (0)    1 :  0.269 0.228 0.095 0.357 0.051 
 42 OmyAC19ROGR    (0)    1 :  0.071 0.079 0.057 0.073 0.720 
 43 OmyAC19ROGR    (0)    1 :  0.415 0.118 0.047 0.363 0.058 
 44 OmyAC19ROGR    (8)    1 :  0.224 0.391 0.173 0.158 0.054 
 45 OmyAC19ROGR    (2)    1 :  0.120 0.153 0.190 0.127 0.409 
 46 OmyAC19ROGR    (0)    1 :  0.100 0.471 0.211 0.129 0.089 
 47 OmyAC19ROGR    (0)    1 :  0.157 0.139 0.551 0.110 0.043 
 48 OmyAC19ROGR    (0)    1 :  0.295 0.141 0.177 0.350 0.037 
 49 OmyAC19ROGR    (0)    1 :  0.139 0.309 0.216 0.289 0.048 
 50 OmyAC19ROGR    (0)    1 :  0.266 0.249 0.035 0.414 0.036 
 51 OmyAC19ROGR    (2)    1 :  0.077 0.080 0.064 0.068 0.711 
 52 OmyAC19ROGR    (0)    1 :  0.062 0.042 0.055 0.062 0.778 
 53 OmyAC19ROGR    (1)    1 :  0.164 0.163 0.387 0.247 0.040 
 54 OmyAC19ROGR    (0)    1 :  0.274 0.298 0.125 0.219 0.083 
 55 OmyAC19ROGR    (4)    1 :  0.213 0.113 0.301 0.303 0.070 
 56 OmyAC19ROGR    (0)    1 :  0.091 0.168 0.395 0.144 0.201 
 57 OmyAC19ROGR    (0)    1 :  0.061 0.051 0.804 0.055 0.029 
 58 OmyAC19ROGR    (0)    1 :  0.060 0.052 0.256 0.079 0.553 
 59 OmyAC19ROGR    (0)    1 :  0.175 0.086 0.536 0.167 0.036 
 60 OmyAC19ROGR    (0)    1 :  0.111 0.090 0.548 0.124 0.127 
 61 OmyAC19ROGR    (0)    1 :  0.194 0.140 0.075 0.517 0.074 
 62 OmyAC19ROGR    (0)    1 :  0.248 0.102 0.229 0.353 0.068 
 63 OmyAC19ROGR    (0)    1 :  0.128 0.296 0.171 0.216 0.189 
 64 OmyAC19ROGR    (2)    1 :  0.173 0.516 0.068 0.163 0.080 
 65 OmyAC19ROGR    (0)    1 :  0.223 0.216 0.237 0.278 0.045 
 66 OmyAC19ROGR    (5)    1 :  0.111 0.126 0.172 0.362 0.229 
 67 OmyAC19ROGR    (0)    1 :  0.082 0.191 0.613 0.072 0.042 
 68 OmyAC19ROGR    (1)    1 :  0.259 0.154 0.184 0.228 0.176 
 69 OmyAC19ROGR    (3)    1 :  0.160 0.174 0.298 0.220 0.148 
 70 OmyAC19ROGR    (0)    1 :  0.386 0.252 0.068 0.254 0.039 
 71 OmyAC19ROGR    (0)    1 :  0.167 0.195 0.265 0.314 0.059 
 72 OmyAC19ROGR    (5)    1 :  0.237 0.198 0.202 0.316 0.047 
 73 OmyAC19ROGR    (0)    1 :  0.302 0.147 0.072 0.328 0.150 
 74 OmyAC19ROGR    (0)    1 :  0.282 0.304 0.064 0.283 0.068 
 75 OmyAC19ROGR    (0)    1 :  0.138 0.450 0.091 0.205 0.116 
 76 OmyAC19ROGR    (0)    1 :  0.424 0.252 0.106 0.152 0.066 
 77 OmyAC19ROGR    (1)    1 :  0.027 0.021 0.022 0.020 0.910 
 78 OmyAC19ROGR    (0)    1 :  0.293 0.191 0.049 0.428 0.038 
 79 OmyAC19ROGR    (3)    1 :  0.423 0.262 0.075 0.164 0.076 
 80 OmyAC19ROGR    (0)    1 :  0.050 0.055 0.067 0.084 0.745 
 81 OmyAC19ROGR    (3)    1 :  0.207 0.168 0.127 0.223 0.276 
 82 OmyAC19ROGR    (1)    1 :  0.113 0.132 0.650 0.086 0.019 
 83 OmyAC19ROGR    (0)    1 :  0.239 0.384 0.142 0.192 0.043 
 84 OmyAC19ROGR    (0)    1 :  0.257 0.225 0.327 0.110 0.081 
 85 OmyAC19ROGR    (7)    1 :  0.324 0.238 0.093 0.289 0.055 
 86 OmyAC19ROGR    (0)    1 :  0.210 0.299 0.084 0.314 0.092 
 87 OmyAC19ROGR    (0)    1 :  0.250 0.501 0.107 0.092 0.050 
 88 OmyJC19ROGR    (0)    2 :  0.058 0.041 0.032 0.058 0.811 
 89 OmyJC19ROGR    (0)    2 :  0.285 0.081 0.329 0.244 0.062 
 90 OmyJC19ROGR    (0)    2 :  0.035 0.050 0.027 0.038 0.850 
 91 OmyJC19ROGR    (0)    2 :  0.162 0.253 0.370 0.196 0.018 
 92 OmyJC19ROGR    (0)    2 :  0.197 0.339 0.104 0.301 0.059 
 93 OmyJC19ROGR    (0)    2 :  0.336 0.347 0.120 0.143 0.054 
 94 OmyJC19ROGR    (0)    2 :  0.334 0.286 0.051 0.223 0.107 
 95 OmyJC19ROGR    (0)    2 :  0.320 0.272 0.100 0.153 0.156 
 96 OmyJC19ROGR    (0)    2 :  0.175 0.173 0.107 0.368 0.177 
 97 OmyJC19ROGR    (0)    2 :  0.176 0.166 0.139 0.237 0.282 
 98 OmyJC19ROGR    (0)    2 :  0.206 0.331 0.239 0.173 0.052 
 99 OmyJC19ROGR    (0)    2 :  0.144 0.360 0.292 0.139 0.065 
100 OmyJC19ROGR    (0)    2 :  0.469 0.081 0.230 0.182 0.038 
101 OmyJC19ROGR    (1)    2 :  0.148 0.113 0.131 0.118 0.489 
102 OmyJC19ROGR    (0)    2 :  0.153 0.296 0.256 0.188 0.107 
103 OmyJC19ROGR    (0)    2 :  0.240 0.162 0.115 0.185 0.298 
104 OmyJC19ROGR    (0)    2 :  0.285 0.103 0.385 0.197 0.030 
105 OmyJC19ROGR    (0)    2 :  0.126 0.377 0.152 0.100 0.245 
106 OmyJC19ROGR    (0)    2 :  0.049 0.044 0.031 0.045 0.832 
107 OmyJC19ROGR    (0)    2 :  0.060 0.111 0.573 0.064 0.191 
108 OmyJC19ROGR    (0)    2 :  0.170 0.422 0.071 0.263 0.074 
109 OmyJC19ROGR    (0)    2 :  0.218 0.091 0.244 0.301 0.145 
110 OmyJC19ROGR    (0)    2 :  0.105 0.138 0.125 0.129 0.502 
111 OmyJC19ROGR    (0)    2 :  0.080 0.112 0.633 0.120 0.055 
112 OmyJC19ROGR    (2)    2 :  0.268 0.108 0.219 0.219 0.186 
113 OmyJC19ROGR    (0)    2 :  0.158 0.102 0.088 0.179 0.473 
114 OmyJC19ROGR    (5)    2 :  0.560 0.115 0.080 0.201 0.044 
115 OmyJC19ROGR    (0)    2 :  0.258 0.416 0.066 0.224 0.035 
116 OmyJC19ROGR    (0)    2 :  0.371 0.174 0.077 0.279 0.099 
117 OmyJC19ROGR    (0)    2 :  0.178 0.245 0.153 0.316 0.108 
118 OmyJC19ROGR    (0)    2 :  0.196 0.514 0.131 0.125 0.033 
119 OmyJC19ROGR    (2)    2 :  0.297 0.378 0.094 0.191 0.040 
120 OmyJC19ROGR    (0)    2 :  0.160 0.095 0.565 0.147 0.033 
121 OmyJC19ROGR    (0)    2 :  0.189 0.188 0.448 0.142 0.034 
122 OmyJC19ROGR    (0)    2 :  0.262 0.239 0.193 0.229 0.077 
123 OmyJC19ROGR    (1)    2 :  0.217 0.455 0.154 0.152 0.022 
124 OmyJC19ROGR    (0)    2 :  0.329 0.241 0.063 0.175 0.193 
125 OmyJC19ROGR    (0)    2 :  0.340 0.147 0.089 0.342 0.082 
126 OmyJC19ROGR    (0)    2 :  0.079 0.079 0.037 0.067 0.738 
127 OmyJC19ROGR    (0)    2 :  0.174 0.209 0.356 0.223 0.038 
128 OmyJC19ROGR    (1)    2 :  0.319 0.222 0.152 0.273 0.034 
129 OmyJC19ROGR    (0)    2 :  0.223 0.160 0.054 0.343 0.220 
130 OmyJC19ROGR    (2)    2 :  0.282 0.136 0.065 0.404 0.112 
131 OmyJC19ROGR    (0)    2 :  0.247 0.111 0.425 0.160 0.058 
132 OmyJC19ROGR    (0)    2 :  0.219 0.439 0.161 0.114 0.068 
133 OmyJC19ROGR    (0)    2 :  0.210 0.512 0.098 0.156 0.024 
134 OmyJC19ROGR    (0)    2 :  0.168 0.355 0.183 0.245 0.049 
135 OmyJC19ROGR    (0)    2 :  0.160 0.093 0.571 0.111 0.066 
136 OmyJC19ROGR    (4)    2 :  0.257 0.362 0.112 0.168 0.100 
137 OmyJC19ROGR    (0)    2 :  0.210 0.115 0.206 0.289 0.181 
138 OmyJC19ROGR    (0)    2 :  0.078 0.061 0.163 0.069 0.629 
139 OmyJC19ROGR    (3)    2 :  0.246 0.086 0.230 0.403 0.035 
140 OmyJC19ROGR    (1)    2 :  0.269 0.123 0.071 0.439 0.099 
141 OmyJC19ROGR    (0)    2 :  0.362 0.108 0.084 0.305 0.142 
142 OmyJC19ROGR    (0)    2 :  0.138 0.141 0.164 0.122 0.436 
143 OmyJC19ROGR    (0)    2 :  0.191 0.373 0.100 0.206 0.130 
144 OmyJC19ROGR    (0)    2 :  0.165 0.072 0.395 0.346 0.021 
145 OmyJC19ROGR    (0)    2 :  0.385 0.115 0.146 0.316 0.039 
146 OmyJC19ROGR    (1)    2 :  0.172 0.183 0.260 0.288 0.097 
147 OmyJC19ROGR    (0)    2 :  0.089 0.132 0.509 0.092 0.178 
148 OmyJC19ROGR    (0)    2 :  0.062 0.146 0.623 0.109 0.060 
149 OmyJC19ROGR    (0)    2 :  0.131 0.460 0.186 0.177 0.046 
150 OmyJC19ROGR    (1)    2 :  0.316 0.418 0.076 0.126 0.064 
151 OmyJC19ROGR    (0)    2 :  0.243 0.147 0.054 0.447 0.109 
152 OmyJC19ROGR    (0)    2 :  0.096 0.380 0.413 0.066 0.044 
153 OmyJC19ROGR    (0)    2 :  0.098 0.231 0.493 0.101 0.077 
154 OmyJC19ROGR    (0)    2 :  0.239 0.176 0.299 0.198 0.088 
155 OmyJC19ROGR    (0)    2 :  0.207 0.213 0.055 0.467 0.058 
156 OmyJC19ROGR    (0)    2 :  0.233 0.299 0.226 0.158 0.084 
157 OmyJC19ROGR    (0)    2 :  0.249 0.191 0.110 0.230 0.220 
158 OmyJC19ROGR    (0)    2 :  0.100 0.575 0.213 0.090 0.021 
159 OmyJC19ROGR    (0)    2 :  0.237 0.412 0.141 0.172 0.038 
160 OmyJC19ROGR    (0)    2 :  0.317 0.132 0.161 0.295 0.095 
161 OmyJC19ROGR    (1)    2 :  0.121 0.087 0.675 0.089 0.028 
162 OmyJC19ROGR    (0)    2 :  0.102 0.246 0.322 0.109 0.221 
163 OmyJC19ROGR    (0)    2 :  0.242 0.115 0.410 0.127 0.106 
164 OmyJC19ROGR    (0)    2 :  0.198 0.177 0.275 0.325 0.025 
165 OmyJC19ROGR    (0)    2 :  0.136 0.431 0.196 0.208 0.030 
166 OmyJC19ROGR    (0)    2 :  0.255 0.309 0.087 0.279 0.069 
167 OmyJC19ROGR    (0)    2 :  0.310 0.155 0.267 0.149 0.119 
168 OmyJC19ROGR    (0)    2 :  0.344 0.211 0.126 0.229 0.091 
169 OmyJC19ROGR    (0)    2 :  0.038 0.035 0.023 0.036 0.869 
170 OmyJC19ROGR    (0)    2 :  0.255 0.319 0.095 0.250 0.081 
171 OmyJC19ROGR    (0)    2 :  0.230 0.285 0.188 0.250 0.046 
172 OmyJC19ROGR    (0)    2 :  0.121 0.133 0.314 0.163 0.269 
173 OmyJC19ROGR    (0)    2 :  0.058 0.063 0.039 0.047 0.793 
174 OmyJC19ROGR    (0)    2 :  0.469 0.121 0.086 0.292 0.032 
175 OmyJC19ROGR    (0)    2 :  0.178 0.474 0.059 0.251 0.038 
176 OmyJC19ROGR    (0)    2 :  0.177 0.125 0.295 0.210 0.193 
177 OmyJC19ROGR    (0)    2 :  0.062 0.126 0.737 0.055 0.020 
178 OmyJC19ROGR    (0)    2 :  0.277 0.157 0.130 0.382 0.054 
179 OmyJC19ROGR    (0)    2 :  0.283 0.213 0.087 0.367 0.050 
180 OmyJC19ROGR    (0)    2 :  0.052 0.044 0.047 0.039 0.818 
181 OmyJC19ROGR    (0)    2 :  0.390 0.209 0.075 0.236 0.090 
182 OmyJC19ROGR    (0)    2 :  0.181 0.078 0.328 0.333 0.080 
183 OmyJC19ROGR    (0)    2 :  0.209 0.233 0.254 0.254 0.051 
184 OmyJC19ROGR    (0)    2 :  0.051 0.103 0.083 0.060 0.703 
185 OmyJC19ROGR    (0)    2 :  0.270 0.072 0.073 0.561 0.025 
186 OmyJC19ROGR    (0)    2 :  0.235 0.131 0.136 0.190 0.307 
187 OmyJC19ROGR    (0)    2 :  0.175 0.484 0.055 0.235 0.051 
188 OmyJC19ROGR    (0)    2 :  0.203 0.289 0.158 0.305 0.046 
189 OmyJC19ROGR    (0)    2 :  0.232 0.226 0.132 0.150 0.260 
190 OmyJC19ROGR    (0)    2 :  0.141 0.229 0.410 0.140 0.080 
191 OmyJC19ROGR    (0)    2 :  0.256 0.411 0.141 0.126 0.067 
192 OmyJC19ROGR    (0)    2 :  0.163 0.397 0.084 0.324 0.032 
193 OmyJC19ROGR    (0)    2 :  0.107 0.109 0.433 0.119 0.231 
194 OmyJC19ROGR    (0)    2 :  0.109 0.194 0.507 0.165 0.025 
195 OmyJC19ROGR    (0)    2 :  0.072 0.080 0.029 0.066 0.753 
196 OmyJC19ROGR    (0)    2 :  0.576 0.264 0.027 0.091 0.042 
197 OmyJC19ROGR    (0)    2 :  0.237 0.211 0.185 0.318 0.050 
198 OmyJC19ROGR    (0)    2 :  0.048 0.053 0.057 0.042 0.800 
199 OmyJC19ROGR    (0)    2 :  0.254 0.152 0.214 0.350 0.029 
200 OmyJC19ROGR    (0)    2 :  0.167 0.231 0.201 0.201 0.201 
201 OmyJC19ROGR    (0)    2 :  0.239 0.221 0.227 0.281 0.032 
202 OmyJC19ROGR    (0)    2 :  0.128 0.405 0.281 0.158 0.029 
203 OmyJC19ROGR    (0)    2 :  0.169 0.581 0.069 0.141 0.040 
204 OmyJC19ROGR    (0)    2 :  0.154 0.309 0.164 0.264 0.108 
205 OmyJC19ROGR    (0)    2 :  0.279 0.176 0.241 0.174 0.130 
206 OmyJC19ROGR    (0)    2 :  0.042 0.023 0.027 0.036 0.871 
207 OmyJC19ROGR    (0)    2 :  0.128 0.074 0.275 0.136 0.387 
208 OmyJC19ROGR    (0)    2 :  0.207 0.165 0.217 0.360 0.050 
209 OmyJC19ROGR    (0)    2 :  0.153 0.126 0.176 0.219 0.326 
210 OmyJC19ROGR    (0)    2 :  0.042 0.049 0.019 0.040 0.850 
211 OmyJC19ROGR    (0)    2 :  0.203 0.143 0.289 0.245 0.120 
212 OmyJC19ROGR    (1)    2 :  0.062 0.093 0.586 0.057 0.201 
213 OmyJC19ROGR    (1)    2 :  0.422 0.132 0.052 0.299 0.094 
214 OmyJC19ROGR    (0)    2 :  0.126 0.154 0.429 0.156 0.135 
215 OmyJC19ROGR    (0)    2 :  0.141 0.473 0.081 0.277 0.028 
216 OmyJC19ROGR    (0)    2 :  0.116 0.060 0.183 0.149 0.492 
217 OmyJC19ROGR    (0)    2 :  0.116 0.090 0.087 0.139 0.568 
218 OmyJC19ROGR    (0)    2 :  0.166 0.562 0.071 0.145 0.056 
219 OmyJC19ROGR    (0)    2 :  0.177 0.108 0.244 0.251 0.221 
220 OmyJC19ROGR    (0)    2 :  0.162 0.170 0.508 0.142 0.017 
221 OmyJC19ROGR    (0)    2 :  0.169 0.124 0.449 0.101 0.157 
222 OmyJC19ROGR    (0)    2 :  0.304 0.162 0.155 0.342 0.037 
223 OmyJC19ROGR    (0)    2 :  0.196 0.182 0.317 0.177 0.128 
224 OmyJC19ROGR    (1)    2 :  0.232 0.179 0.124 0.381 0.084 
225 OmyJC19ROGR    (0)    2 :  0.040 0.034 0.145 0.033 0.748 
226 OmyJC19ROGR    (0)    2 :  0.195 0.163 0.041 0.249 0.353 
227 OmyJC19ROGR    (0)    2 :  0.049 0.047 0.032 0.042 0.831 
228 OmyJC19ROGR    (0)    2 :  0.173 0.146 0.237 0.394 0.050 
229 OmyJC19ROGR    (0)    2 :  0.199 0.532 0.109 0.116 0.044 
230 OmyJC19ROGR    (0)    2 :  0.196 0.226 0.195 0.194 0.189 
231 OmyJC19ROGR    (0)    2 :  0.160 0.171 0.316 0.222 0.131 
232 OmyJC19ROGR    (2)    2 :  0.176 0.186 0.324 0.203 0.111 
233 OmyJC19ROGR    (0)    2 :  0.173 0.150 0.300 0.170 0.207 
234 OmyJC19ROGR    (0)    2 :  0.032 0.030 0.027 0.035 0.875 
235 OmyJC19ROGR    (0)    2 :  0.078 0.084 0.070 0.074 0.694 
236 OmyJC19ROGR    (0)    2 :  0.075 0.059 0.712 0.117 0.037 
237 OmyJC19ROGR    (0)    2 :  0.116 0.097 0.445 0.231 0.111 
238 OmyJC19ROGR    (0)    2 :  0.108 0.064 0.691 0.066 0.071 
239 OmyJC19ROGR    (0)    2 :  0.326 0.141 0.245 0.235 0.053 
240 OmyJC19ROGR    (0)    2 :  0.281 0.242 0.107 0.295 0.074 
241 OmyJC19ROGR    (0)    2 :  0.327 0.174 0.090 0.215 0.194 
242 OmyJC19ROGR    (0)    2 :  0.146 0.127 0.471 0.230 0.025 
243 OmyJC19ROGR    (0)    2 :  0.182 0.356 0.141 0.274 0.046 
244 OmyJC19ROGR    (0)    2 :  0.179 0.445 0.122 0.196 0.058 
245 OmyJC19ROGR    (0)    2 :  0.047 0.039 0.033 0.045 0.836 
246 OmyJC19ROGR    (0)    2 :  0.194 0.227 0.244 0.180 0.155 
247 OmyJC19ROGR    (0)    2 :  0.067 0.144 0.058 0.074 0.656 
248 OmyJC19ROGR    (0)    2 :  0.199 0.166 0.043 0.244 0.348 
249 OmyJC19ROGR    (0)    2 :  0.256 0.404 0.075 0.176 0.088 
250 OmyJC19ROGR    (0)    2 :  0.211 0.344 0.075 0.275 0.095 
251 OmyJC19ROGR    (0)    2 :  0.393 0.330 0.053 0.147 0.077 
252 OmyJC19ROGR    (0)    2 :  0.302 0.115 0.278 0.221 0.083 
253 OmyJC19ROGR    (0)    2 :  0.284 0.213 0.053 0.335 0.115 
254 OmyJC19ROGR    (0)    2 :  0.268 0.325 0.081 0.200 0.126 
255 OmyJC19ROGR    (0)    2 :  0.288 0.277 0.217 0.155 0.062 
256 OmyJC19ROGR    (0)    2 :  0.285 0.240 0.179 0.133 0.162 
257 OmyJC19ROGR    (0)    2 :  0.197 0.479 0.061 0.189 0.074 
258 OmyAC19ROGR    (0)    1 :  0.215 0.104 0.127 0.449 0.105 
259 OmyAC19ROGR    (0)    1 :  0.139 0.102 0.146 0.272 0.341 
260 OmyAC19ROGR    (0)    1 :  0.259 0.158 0.044 0.473 0.066 
261 OmyAC19ROGR    (0)    1 :  0.197 0.263 0.052 0.386 0.103 
262 OmyAC19ROGR    (0)    1 :  0.557 0.071 0.045 0.223 0.104 
263 OmyAC19ROGR    (0)    1 :  0.138 0.362 0.271 0.132 0.096 
264 OmyAC19ROGR    (0)    1 :  0.307 0.345 0.085 0.192 0.071 
265 OmyAC19ROGR    (0)    1 :  0.134 0.707 0.045 0.069 0.045 
266 OmyAC19ROGR    (0)    1 :  0.384 0.268 0.077 0.233 0.037 
267 OmyAC19ROGR    (0)    1 :  0.205 0.320 0.052 0.148 0.275 
268 OmyAC19ROGR    (0)    1 :  0.210 0.196 0.269 0.210 0.114 
269 OmyAC19ROGR    (1)    1 :  0.272 0.204 0.076 0.261 0.186 
270 OmyAC19ROGR    (0)    1 :  0.414 0.300 0.054 0.179 0.053 
271 OmyAC19ROGR    (0)    1 :  0.164 0.222 0.094 0.151 0.368 
272 OmyAC19ROGR    (0)    1 :  0.348 0.133 0.179 0.153 0.186 
273 OmyAC19ROGR    (0)    1 :  0.235 0.201 0.107 0.425 0.032 
274 OmyAC19ROGR    (0)    1 :  0.159 0.077 0.062 0.116 0.585 
275 OmyAC19ROGR    (0)    1 :  0.111 0.050 0.598 0.167 0.074 
276 OmyAC19ROGR    (0)    1 :  0.155 0.295 0.181 0.288 0.081 
277 OmyAC19ROGR    (0)    1 :  0.281 0.138 0.094 0.316 0.170 
278 OmyAC19ROGR    (0)    1 :  0.109 0.175 0.363 0.100 0.254 
279 OmyAC19ROGR    (0)    1 :  0.138 0.069 0.266 0.376 0.151 
280 OmyAC19ROGR    (0)    1 :  0.250 0.212 0.101 0.244 0.193 
281 OmyAC19ROGR    (0)    1 :  0.171 0.408 0.106 0.254 0.062 
282 OmyAC19ROGR    (0)    1 :  0.306 0.127 0.125 0.259 0.183 
283 OmyAC19ROGR    (0)    1 :  0.214 0.383 0.146 0.147 0.109 
284 OmyAC19ROGR    (0)    1 :  0.161 0.580 0.089 0.125 0.044 
285 OmyAC19ROGR    (0)    1 :  0.198 0.429 0.116 0.194 0.063 
286 OmyAC19ROGR    (0)    1 :  0.170 0.388 0.087 0.319 0.037 
287 OmyAC19ROGR    (0)    1 :  0.027 0.020 0.015 0.024 0.914 
288 OmyAC19ROGR    (0)    1 :  0.035 0.052 0.287 0.045 0.581 
289 OmyAC19ROGR    (0)    1 :  0.170 0.355 0.102 0.246 0.127 
290 OmyAC19ROGR    (1)    1 :  0.022 0.025 0.034 0.028 0.891 
291 OmyAC19ROGR    (0)    1 :  0.211 0.160 0.075 0.170 0.383 
292 OmyAC19ROGR    (0)    1 :  0.292 0.147 0.091 0.338 0.133 
293 OmyAC19ROGR    (0)    1 :  0.168 0.138 0.465 0.170 0.059 
294 OmyAC19ROGR    (0)    1 :  0.110 0.371 0.051 0.190 0.278 
295 OmyAC19ROGR    (0)    1 :  0.266 0.172 0.038 0.488 0.036 
296 OmyAC19ROGR    (0)    1 :  0.122 0.076 0.565 0.193 0.044 
297 OmyAC19ROGR    (0)    1 :  0.105 0.193 0.045 0.116 0.541 
298 OmyAC19ROGR    (0)    1 :  0.098 0.338 0.148 0.365 0.050 
299 OmyAC19ROGR    (0)    1 :  0.171 0.339 0.128 0.178 0.184 
300 OmyAC19ROGR    (0)    1 :  0.123 0.465 0.137 0.198 0.078 
301 OmyAC19ROGR    (0)    1 :  0.044 0.041 0.039 0.042 0.834 
302 OmyAC19ROGR    (0)    1 :  0.109 0.113 0.113 0.116 0.548 
303 OmyAC19ROGR    (0)    1 :  0.216 0.228 0.108 0.341 0.107 
304 OmyAC19ROGR    (0)    1 :  0.082 0.089 0.431 0.108 0.291 
305 OmyAC19ROGR    (0)    1 :  0.120 0.527 0.129 0.167 0.057 
306 OmyAC19ROGR    (0)    1 :  0.144 0.127 0.055 0.201 0.473 
307 OmyAC19ROGR    (1)    1 :  0.200 0.336 0.232 0.192 0.040 
308 OmyAC19ROGR    (0)    1 :  0.446 0.158 0.110 0.161 0.126 
309 OmyAC19ROGR    (0)    1 :  0.069 0.081 0.040 0.087 0.723 
310 OmyAC19ROGR    (0)    1 :  0.240 0.229 0.069 0.156 0.306 
311 OmyAC19ROGR    (0)    1 :  0.191 0.057 0.067 0.142 0.544 
312 OmyAC19ROGR    (0)    1 :  0.179 0.415 0.116 0.222 0.068 
313 OmyAC19ROGR    (0)    1 :  0.256 0.363 0.140 0.166 0.075 
314 OmyAC19ROGR    (0)    1 :  0.200 0.256 0.217 0.181 0.145 
315 OmyAC19ROGR    (0)    1 :  0.278 0.258 0.061 0.276 0.127 
316 OmyAC19ROGR    (0)    1 :  0.277 0.493 0.031 0.155 0.043 
317 OmyAC19ROGR    (0)    1 :  0.130 0.083 0.589 0.148 0.050 
318 OmyAC19ROGR    (0)    1 :  0.319 0.220 0.251 0.183 0.027 
319 OmyAC19ROGR    (0)    1 :  0.189 0.356 0.148 0.274 0.032 
320 OmyAC19ROGR    (0)    1 :  0.103 0.477 0.237 0.159 0.025 
321 OmyAC19ROGR    (0)    1 :  0.296 0.251 0.110 0.306 0.037 
322 OmyAC19ROGR    (0)    1 :  0.169 0.077 0.042 0.419 0.293 
323 OmyAC19ROGR    (0)    1 :  0.218 0.103 0.090 0.524 0.065 
324 OmyAC19ROGR    (0)    1 :  0.298 0.435 0.060 0.174 0.033 
325 OmyAC19ROGR    (0)    1 :  0.351 0.184 0.062 0.183 0.221 
326 OmyAC19ROGR    (0)    1 :  0.238 0.468 0.073 0.169 0.052 
327 OmyAC19ROGR    (0)    1 :  0.146 0.548 0.062 0.207 0.036 
328 OmyAC20ROGR    (0)    1 :  0.245 0.323 0.244 0.138 0.050 
329 OmyAC20ROGR    (0)    1 :  0.168 0.314 0.211 0.151 0.156 
330 OmyAC20ROGR    (0)    1 :  0.218 0.168 0.217 0.249 0.149 
331 OmyAC20ROGR    (0)    1 :  0.092 0.145 0.097 0.094 0.571 
332 OmyAC20ROGR    (0)    1 :  0.213 0.307 0.110 0.177 0.193 
333 OmyAC20ROGR    (0)    1 :  0.159 0.468 0.057 0.097 0.219 
334 OmyAC20ROGR    (0)    1 :  0.197 0.470 0.059 0.194 0.081 
335 OmyAC20ROGR    (0)    1 :  0.312 0.197 0.090 0.361 0.041 
336 OmyAC20ROGR    (0)    1 :  0.379 0.202 0.103 0.171 0.145 
337 OmyAC20ROGR    (0)    1 :  0.128 0.130 0.107 0.165 0.471 
338 OmyAC20ROGR    (0)    1 :  0.345 0.308 0.059 0.177 0.110 
339 OmyAC20ROGR    (0)    1 :  0.159 0.254 0.164 0.324 0.099 
340 OmyAC20ROGR    (0)    1 :  0.303 0.272 0.147 0.209 0.069 
341 OmyAC20ROGR    (0)    1 :  0.188 0.139 0.450 0.160 0.062 
342 OmyAC20ROGR    (0)    1 :  0.132 0.244 0.160 0.292 0.172 
343 OmyAC20ROGR    (0)    1 :  0.156 0.153 0.526 0.107 0.058 
344 OmyAC20ROGR    (0)    1 :  0.172 0.199 0.182 0.177 0.271 
345 OmyAC20ROGR    (1)    1 :  0.289 0.266 0.030 0.273 0.142 
346 OmyAC20ROGR    (0)    1 :  0.160 0.451 0.040 0.117 0.233 
347 OmyAC20ROGR    (0)    1 :  0.181 0.114 0.189 0.213 0.303 
348 OmyAC20ROGR    (0)    1 :  0.104 0.270 0.370 0.110 0.146 
349 OmyAC20ROGR    (0)    1 :  0.211 0.345 0.259 0.147 0.039 
350 OmyAC20ROGR    (0)    1 :  0.091 0.089 0.657 0.092 0.071 
351 OmyAC20ROGR    (0)    1 :  0.351 0.346 0.066 0.171 0.065 
352 OmyAC20ROGR    (0)    1 :  0.214 0.234 0.115 0.383 0.053 
353 OmyAC20ROGR    (0)    1 :  0.430 0.246 0.082 0.147 0.095 
354 OmyAC20ROGR    (0)    1 :  0.134 0.099 0.266 0.182 0.319 
355 OmyAC20ROGR    (0)    1 :  0.064 0.129 0.594 0.068 0.145 
356 OmyAC20ROGR    (0)    1 :  0.202 0.319 0.081 0.174 0.224 
357 OmyAC20ROGR    (0)    1 :  0.284 0.229 0.185 0.247 0.055 
358 OmyAC20ROGR    (0)    1 :  0.217 0.247 0.135 0.356 0.045 
359 OmyAC20ROGR    (0)    1 :  0.108 0.074 0.174 0.276 0.368 
360 OmyAC20ROGR    (0)    1 :  0.308 0.178 0.085 0.270 0.159 
361 OmyAC20ROGR    (0)    1 :  0.136 0.123 0.361 0.346 0.035 
362 OmyAC20ROGR    (0)    1 :  0.278 0.169 0.110 0.337 0.106 
363 OmyAC20ROGR    (0)    1 :  0.097 0.121 0.314 0.092 0.375 
364 OmyAC20ROGR    (1)    1 :  0.162 0.338 0.210 0.229 0.061 
365 OmyAC20ROGR    (0)    1 :  0.360 0.411 0.080 0.114 0.035 
366 OmyAC20ROGR    (0)    1 :  0.318 0.373 0.057 0.222 0.030 
367 OmyAC20ROGR    (0)    1 :  0.291 0.143 0.048 0.442 0.076 
368 OmyAC20ROGR    (0)    1 :  0.377 0.139 0.186 0.244 0.054 
369 OmyAC20ROGR    (0)    1 :  0.155 0.115 0.264 0.182 0.284 
370 OmyAC20ROGR    (0)    1 :  0.095 0.063 0.049 0.156 0.636 
371 OmyAC20ROGR    (0)    1 :  0.065 0.066 0.049 0.068 0.751 
372 OmyAC20ROGR    (2)    1 :  0.046 0.044 0.039 0.041 0.831 
373 OmyAC20ROGR    (0)    1 :  0.081 0.068 0.119 0.091 0.641 
374 OmyAC20ROGR    (0)    1 :  0.324 0.206 0.106 0.337 0.027 
375 OmyAC20ROGR    (0)    1 :  0.177 0.372 0.103 0.227 0.121 
376 OmyAC20ROGR    (0)    1 :  0.225 0.170 0.199 0.195 0.211 
377 OmyAC20ROGR    (0)    1 :  0.267 0.380 0.130 0.188 0.035 
378 OmyAC20ROGR    (0)    1 :  0.182 0.303 0.236 0.243 0.036 
379 OmyAC20ROGR    (0)    1 :  0.160 0.124 0.127 0.132 0.457 
380 OmyAC20ROGR    (0)    1 :  0.398 0.359 0.043 0.163 0.036 
381 OmyAC20ROGR    (0)    1 :  0.268 0.251 0.112 0.223 0.146 
382 OmyAC20ROGR    (0)    1 :  0.058 0.045 0.041 0.063 0.793 
383 OmyAC20ROGR    (0)    1 :  0.219 0.396 0.039 0.230 0.116 
384 OmyAC20ROGR    (0)    1 :  0.167 0.139 0.113 0.176 0.406 
385 OmyAC20ROGR    (0)    1 :  0.245 0.140 0.140 0.250 0.225 
386 OmyAC20ROGR    (0)    1 :  0.396 0.144 0.078 0.148 0.234 
387 OmyAC20ROGR    (0)    1 :  0.202 0.180 0.054 0.126 0.438 
388 OmyAC20ROGR    (0)    1 :  0.151 0.154 0.102 0.131 0.463 
389 OmyAC20ROGR    (0)    1 :  0.139 0.592 0.058 0.156 0.055 
390 OmyAC20ROGR    (0)    1 :  0.084 0.075 0.659 0.165 0.016 
391 OmyAC20ROGR    (0)    1 :  0.070 0.071 0.238 0.058 0.562 
392 OmyAC20ROGR    (0)    1 :  0.152 0.131 0.131 0.211 0.376 
393 OmyAC20ROGR    (0)    1 :  0.246 0.211 0.278 0.158 0.107 
394 OmyAC20ROGR    (0)    1 :  0.235 0.098 0.162 0.344 0.160 
395 OmyAC20ROGR    (0)    1 :  0.215 0.145 0.248 0.297 0.095 
396 OmyAC20ROGR    (0)    1 :  0.246 0.168 0.204 0.304 0.077 
397 OmyAC20ROGR    (0)    1 :  0.201 0.258 0.041 0.304 0.196 
398 OmyAC20ROGR    (0)    1 :  0.136 0.156 0.038 0.081 0.588 
399 OmyAC20ROGR    (0)    1 :  0.383 0.102 0.035 0.300 0.179 
400 OmyAC20ROGR    (0)    1 :  0.222 0.323 0.050 0.283 0.121 
401 OmyAC20ROGR    (0)    1 :  0.055 0.061 0.098 0.096 0.689 
402 OmyAC20ROGR    (0)    1 :  0.167 0.307 0.352 0.153 0.022 
403 OmyAC20ROGR    (0)    1 :  0.457 0.118 0.154 0.156 0.116 
404 OmyAC20ROGR    (0)    1 :  0.129 0.644 0.106 0.095 0.025 
405 OmyAC20ROGR    (0)    1 :  0.133 0.091 0.154 0.199 0.423 
406 OmyAC20ROGR    (0)    1 :  0.224 0.148 0.231 0.342 0.055 
407 OmyAC20ROGR    (0)    1 :  0.473 0.149 0.041 0.278 0.059 
408 OmyAC20ROGR    (0)    1 :  0.081 0.086 0.642 0.057 0.134 
409 OmyAC20ROGR    (0)    1 :  0.173 0.520 0.071 0.187 0.049 
410 OmyAC20ROGR    (0)    1 :  0.054 0.060 0.023 0.055 0.808 
411 OmyAC20ROGR    (0)    1 :  0.090 0.104 0.071 0.107 0.627 
412 OmyAC20ROGR    (0)    1 :  0.160 0.309 0.129 0.129 0.273 
413 OmyAC20ROGR    (0)    1 :  0.159 0.379 0.056 0.292 0.114 
414 OmyAC20ROGR    (0)    1 :  0.210 0.112 0.103 0.241 0.334 
415 OmyAC20ROGR    (0)    1 :  0.295 0.177 0.096 0.385 0.046 
416 OmyAC20ROGR    (0)    1 :  0.258 0.388 0.082 0.218 0.053 
417 OmyAC20ROGR    (0)    1 :  0.155 0.522 0.087 0.207 0.029 
418 OmyAC20ROGR    (0)    1 :  0.242 0.237 0.095 0.223 0.202 
419 OmyAC20ROGR    (0)    1 :  0.111 0.113 0.160 0.162 0.454 
420 OmyAC20ROGR    (0)    1 :  0.113 0.057 0.541 0.235 0.055 
421 OmyAC20ROGR    (0)    1 :  0.176 0.311 0.058 0.355 0.101 
422 OmyAC20ROGR    (0)    1 :  0.042 0.045 0.029 0.052 0.832 
423 OmyAC20ROGR    (0)    1 :  0.343 0.289 0.042 0.270 0.056 
424 OmyAC20ROGR    (0)    1 :  0.221 0.101 0.391 0.249 0.038 
425 OmyAC20ROGR    (0)    1 :  0.034 0.050 0.043 0.046 0.827 
426 OmyAC20ROGR    (0)    1 :  0.127 0.661 0.037 0.112 0.062 
427 OmyAC20ROGR    (0)    1 :  0.378 0.244 0.079 0.228 0.071 
428 OmyAC20ROGR    (0)    1 :  0.066 0.065 0.033 0.042 0.793 
429 OmyAC20ROGR    (0)    1 :  0.108 0.288 0.442 0.125 0.037 
430 OmyAC20ROGR    (0)    1 :  0.252 0.234 0.113 0.314 0.087 
431 OmyAC20ROGR    (0)    1 :  0.243 0.093 0.051 0.121 0.492 
432 OmyAC20ROGR    (0)    1 :  0.049 0.030 0.032 0.030 0.858 
433 OmyAC20ROGR    (0)    1 :  0.056 0.051 0.137 0.064 0.692 
434 OmyAC20ROGR    (0)    1 :  0.217 0.139 0.070 0.226 0.348 
435 OmyAC20ROGR    (0)    1 :  0.476 0.220 0.056 0.203 0.044 
436 OmyAC20ROGR    (0)    1 :  0.326 0.265 0.043 0.296 0.071 
437 OmyAC20ROGR    (0)    1 :  0.074 0.089 0.108 0.070 0.660 
438 OmyAC20ROGR    (0)    1 :  0.203 0.089 0.090 0.313 0.304 
439 OmyAC20ROGR    (0)    1 :  0.315 0.114 0.033 0.456 0.082 
440 OmyAC20ROGR    (0)    1 :  0.068 0.185 0.050 0.075 0.623 
441 OmyAC20ROGR    (0)    1 :  0.141 0.101 0.307 0.414 0.037 
442 OmyAC20ROGR    (0)    1 :  0.240 0.143 0.110 0.405 0.102 
443 OmyAC20ROGR    (0)    1 :  0.257 0.162 0.068 0.469 0.045 
444 OmyAC20ROGR    (0)    1 :  0.173 0.381 0.053 0.151 0.241 
445 OmyAC20ROGR    (0)    1 :  0.261 0.076 0.185 0.335 0.143 
446 OmyJC18ROGR    (0)    2 :  0.130 0.181 0.220 0.174 0.294 
447 OmyJC18ROGR    (0)    2 :  0.248 0.258 0.203 0.170 0.121 
448 OmyJC18ROGR    (0)    2 :  0.329 0.111 0.090 0.363 0.108 
449 OmyJC18ROGR    (0)    2 :  0.081 0.049 0.227 0.070 0.573 
450 OmyJC18ROGR    (0)    2 :  0.125 0.077 0.081 0.118 0.599 
451 OmyJC18ROGR    (0)    2 :  0.074 0.051 0.026 0.069 0.780 
452 OmyJC18ROGR    (0)    2 :  0.193 0.149 0.077 0.261 0.319 
453 OmyJC18ROGR    (0)    2 :  0.087 0.043 0.784 0.055 0.031 
454 OmyJC18ROGR    (0)    2 :  0.053 0.062 0.050 0.061 0.775 
455 OmyJC18ROGR    (0)    2 :  0.256 0.357 0.112 0.181 0.094 
456 OmyJC18ROGR    (0)    2 :  0.073 0.038 0.040 0.045 0.803 
457 OmyJC18ROGR    (0)    2 :  0.276 0.331 0.044 0.252 0.097 
458 OmyJC18ROGR    (0)    2 :  0.115 0.108 0.502 0.121 0.154 
459 OmyJC18ROGR    (1)    2 :  0.166 0.656 0.056 0.099 0.023 
460 OmyJC18ROGR    (2)    2 :  0.411 0.151 0.122 0.183 0.133 
461 OmyJC18ROGR    (2)    2 :  0.352 0.099 0.071 0.145 0.333 
462 OmyJC18ROGR    (3)    2 :  0.195 0.090 0.244 0.237 0.234 
463 OmyJC18ROGR    (0)    2 :  0.087 0.038 0.122 0.083 0.670 
464 OmyJC18ROGR    (4)    2 :  0.280 0.354 0.088 0.250 0.027 
465 OmyJC18ROGR    (3)    2 :  0.201 0.225 0.148 0.326 0.100 
466 OmyJC18ROGR    (0)    2 :  0.422 0.088 0.106 0.266 0.118 
467 OmyJC18ROGR    (0)    2 :  0.212 0.386 0.102 0.225 0.076 
468 OmyJC18ROGR    (0)    2 :  0.162 0.119 0.412 0.188 0.120 
469 OmyJC18ROGR    (0)    2 :  0.032 0.050 0.018 0.087 0.813 
470 OmyJC18ROGR    (5)    2 :  0.099 0.155 0.131 0.190 0.426 
471 OmyJC18ROGR    (1)    2 :  0.372 0.141 0.084 0.257 0.146 
472 OmyJC18ROGR    (2)    2 :  0.264 0.132 0.075 0.445 0.084 
473 OmyJC18ROGR    (3)    2 :  0.449 0.141 0.161 0.209 0.041 
474 OmyJC18ROGR    (0)    2 :  0.075 0.083 0.742 0.059 0.041 
475 OmyJC18ROGR    (2)    2 :  0.217 0.095 0.152 0.155 0.381 
476 OmyJC18ROGR    (1)    2 :  0.392 0.103 0.056 0.407 0.041 
477 OmyJC18ROGR    (4)    2 :  0.164 0.094 0.351 0.193 0.198 
478 OmyJC18ROGR    (0)    2 :  0.129 0.444 0.101 0.251 0.075 
479 OmyJC18ROGR    (0)    2 :  0.392 0.170 0.069 0.333 0.034 
480 OmyJC18ROGR    (1)    2 :  0.157 0.449 0.109 0.156 0.128 
481 OmyJC18ROGR    (3)    2 :  0.204 0.147 0.158 0.409 0.081 
482 OmyJC18ROGR    (3)    2 :  0.222 0.096 0.466 0.184 0.032 
483 OmyJC18ROGR    (4)    2 :  0.231 0.122 0.225 0.380 0.042 
484 OmyJC18ROGR    (4)    2 :  0.290 0.255 0.103 0.297 0.054 
485 OmyJC18ROGR    (3)    2 :  0.111 0.230 0.113 0.106 0.440 
486 OmyJC18ROGR    (3)    2 :  0.164 0.105 0.145 0.178 0.409 
487 OmyJC18ROGR    (1)    2 :  0.274 0.210 0.317 0.098 0.102 
488 OmyJC18ROGR    (5)    2 :  0.408 0.247 0.101 0.185 0.059 
489 OmyJC18ROGR    (0)    2 :  0.173 0.160 0.098 0.533 0.036 
490 OmyJC18ROGR    (3)    2 :  0.483 0.083 0.093 0.254 0.086 
491 OmyJC18ROGR    (7)    2 :  0.067 0.062 0.721 0.079 0.071 
492 OmyJC18ROGR    (6)    2 :  0.063 0.098 0.731 0.080 0.029 
493 OmyJC18ROGR    (3)    2 :  0.221 0.263 0.072 0.318 0.126 
494 OmyJC18ROGR    (3)    2 :  0.066 0.074 0.041 0.070 0.749 
495 OmyJC18ROGR    (5)    2 :  0.126 0.301 0.117 0.150 0.306 
496 OmyJC18ROGR    (0)    2 :  0.224 0.219 0.146 0.312 0.100 
497 OmyJC18ROGR    (5)    2 :  0.155 0.082 0.637 0.102 0.024 
498 OmyJC18ROGR    (6)    2 :  0.461 0.089 0.081 0.262 0.107 
499 OmyJC18ROGR    (0)    2 :  0.359 0.182 0.059 0.357 0.043 
500 OmyJC18ROGR    (1)    2 :  0.181 0.106 0.507 0.149 0.057 
501 OmyJC18ROGR    (4)    2 :  0.179 0.102 0.074 0.254 0.391 
502 OmyJC18ROGR    (2)    2 :  0.117 0.151 0.195 0.343 0.193 
503 OmyJC18ROGR    (5)    2 :  0.193 0.155 0.245 0.345 0.061 
504 OmyJC18ROGR    (2)    2 :  0.227 0.062 0.101 0.418 0.192 
505 OmyJC18ROGR    (0)    2 :  0.172 0.216 0.154 0.181 0.277 
506 OmyJC18ROGR    (8)    2 :  0.225 0.157 0.302 0.240 0.075 
507 OmyJC18ROGR    (0)    2 :  0.287 0.168 0.237 0.178 0.131 
508 OmyJC18ROGR    (0)    2 :  0.150 0.117 0.368 0.211 0.154 
509 OmyJC18ROGR    (1)    2 :  0.028 0.032 0.029 0.027 0.884 
510 OmyJC18ROGR    (1)    2 :  0.441 0.140 0.095 0.223 0.101 
511 OmyJC18ROGR    (5)    2 :  0.239 0.207 0.205 0.189 0.159 
512 OmyJC18ROGR    (2)    2 :  0.074 0.049 0.076 0.062 0.739 
513 OmyJC18ROGR    (9)    2 :  0.159 0.219 0.203 0.105 0.314 
514 OmyJC18ROGR    (4)    2 :  0.104 0.136 0.238 0.109 0.413 
515 OmyJC18ROGR    (1)    2 :  0.166 0.235 0.386 0.122 0.091 
516 OmyJC18ROGR    (3)    2 :  0.342 0.209 0.109 0.176 0.164 
517 OmyJC18ROGR    (3)    2 :  0.156 0.080 0.107 0.177 0.480 
518 OmyJC18ROGR    (0)    2 :  0.214 0.084 0.380 0.261 0.062 
519 OmyJC18ROGR    (9)    2 :  0.264 0.262 0.183 0.225 0.066 
520 OmyJC18ROGR    (6)    2 :  0.361 0.077 0.095 0.376 0.091 
521 OmyJC18ROGR    (2)    2 :  0.321 0.136 0.201 0.224 0.119 
522 OmyJC18ROGR    (1)    2 :  0.190 0.177 0.060 0.474 0.099 
523 OmyJC18ROGR    (4)    2 :  0.273 0.319 0.137 0.194 0.078 
524 OmyJC18ROGR    (0)    2 :  0.203 0.326 0.047 0.344 0.080 
525 OmyJC18ROGR    (2)    2 :  0.146 0.365 0.260 0.158 0.072 
526 OmyJC18ROGR    (3)    2 :  0.138 0.194 0.429 0.154 0.085 
527 OmyJC18ROGR    (0)    2 :  0.438 0.190 0.098 0.227 0.047 
528 OmyJC18ROGR    (0)    2 :  0.263 0.315 0.231 0.155 0.036 
529 OmyJC18ROGR    (1)    2 :  0.308 0.304 0.050 0.281 0.057 
530 OmyJC18ROGR    (0)    2 :  0.176 0.229 0.329 0.220 0.045 
531 OmyJC18ROGR    (0)    2 :  0.308 0.216 0.045 0.244 0.187 
532 OmyJC18ROGR    (2)    2 :  0.137 0.394 0.165 0.274 0.029 
533 OmyJC18ROGR    (2)    2 :  0.510 0.206 0.061 0.203 0.020 
534 OmyJC18ROGR    (2)    2 :  0.178 0.237 0.110 0.407 0.068 
535 OmyJC18ROGR    (0)    2 :  0.405 0.133 0.095 0.307 0.060 
536 OmyJC18ROGR    (0)    2 :  0.329 0.252 0.147 0.226 0.045 
537 OmyJC18ROGR    (0)    2 :  0.330 0.255 0.147 0.247 0.021 
538 OmyJC18ROGR    (0)    2 :  0.438 0.186 0.109 0.206 0.062 
539 OmyJC18ROGR    (0)    2 :  0.185 0.313 0.136 0.303 0.063 
540 OmyJC18ROGR    (8)    2 :  0.121 0.076 0.601 0.122 0.080 
541 OmyJC18ROGR    (1)    2 :  0.145 0.451 0.104 0.203 0.098 
542 OmyJC18ROGR    (1)    2 :  0.181 0.159 0.267 0.120 0.273 
543 OmyJC18ROGR    (0)    2 :  0.247 0.117 0.369 0.189 0.079 
544 OmyJC18ROGR    (2)    2 :  0.294 0.308 0.167 0.175 0.056 
545 OmyJC18ROGR    (1)    2 :  0.144 0.069 0.043 0.282 0.463 
546 OmyJC18ROGR    (9)    2 :  0.432 0.160 0.163 0.215 0.029 
547 OmyJC18ROGR    (0)    2 :  0.215 0.271 0.043 0.338 0.132 
548 OmyJC18ROGR    (0)    2 :  0.212 0.138 0.220 0.211 0.219 
549 OmyJC18ROGR    (0)    2 :  0.271 0.221 0.178 0.230 0.099 
550 OmyJC18ROGR    (1)    2 :  0.107 0.223 0.059 0.099 0.513 
551 OmyJC18ROGR    (1)    2 :  0.188 0.276 0.267 0.203 0.065 
552 OmyJC18ROGR    (2)    2 :  0.252 0.358 0.057 0.232 0.101 
553 OmyJC18ROGR   (10)    2 :  0.258 0.256 0.242 0.185 0.058 
554 OmyJC18ROGR    (2)    2 :  0.312 0.202 0.251 0.183 0.052 
555 OmyJC18ROGR    (4)    2 :  0.192 0.173 0.343 0.244 0.047 
556 OmyJC18ROGR    (0)    2 :  0.337 0.148 0.286 0.139 0.090 
557 OmyJC18ROGR    (2)    2 :  0.213 0.088 0.088 0.437 0.174 
558 OmyJC18ROGR    (0)    2 :  0.212 0.228 0.053 0.244 0.263 
559 OmyJC18ROGR    (0)    2 :  0.126 0.109 0.548 0.146 0.071 
560 OmyJC18ROGR    (8)    2 :  0.190 0.169 0.322 0.185 0.136 
561 OmyJC18ROGR    (0)    2 :  0.169 0.542 0.044 0.218 0.027 
562 OmyJC18ROGR    (8)    2 :  0.302 0.188 0.246 0.138 0.126 
563 OmyJC18ROGR    (2)    2 :  0.360 0.132 0.155 0.282 0.071 
564 OmyJC18ROGR    (4)    2 :  0.168 0.504 0.106 0.142 0.080 
565 OmyJC18ROGR    (3)    2 :  0.115 0.333 0.210 0.201 0.141 
566 OmyJC18ROGR    (1)    2 :  0.159 0.103 0.132 0.458 0.148 
567 OmyJC18ROGR    (0)    2 :  0.152 0.111 0.242 0.437 0.058 
568 OmyJC18ROGR    (5)    2 :  0.345 0.230 0.148 0.130 0.146 
569 OmyJC18ROGR    (2)    2 :  0.128 0.087 0.574 0.172 0.039 
570 OmyJC18ROGR    (0)    2 :  0.261 0.166 0.080 0.433 0.059 
571 OmyJC18ROGR    (2)    2 :  0.432 0.201 0.055 0.240 0.072 
572 OmyJC18ROGR    (6)    2 :  0.210 0.232 0.279 0.216 0.063 
573 OmyJC18ROGR    (5)    2 :  0.120 0.182 0.101 0.164 0.433 
574 OmyJC18ROGR    (8)    2 :  0.278 0.154 0.098 0.296 0.174 
575 OmyJC18ROGR    (3)    2 :  0.379 0.177 0.124 0.279 0.041 
576 OmyJC18ROGR    (0)    2 :  0.140 0.149 0.504 0.099 0.107 
577 OmyJC18ROGR    (0)    2 :  0.045 0.048 0.024 0.035 0.847 
578 OmyJC18ROGR    (1)    2 :  0.460 0.124 0.104 0.269 0.043 
579 OmyJC18ROGR    (0)    2 :  0.080 0.134 0.028 0.181 0.577 
580 OmyJC18ROGR    (0)    2 :  0.316 0.188 0.265 0.194 0.037 
581 OmyJC18ROGR    (6)    2 :  0.164 0.141 0.433 0.192 0.070 
582 OmyJC18ROGR    (7)    2 :  0.192 0.471 0.129 0.173 0.035 
583 OmyJC18ROGR    (3)    2 :  0.195 0.463 0.127 0.163 0.052 
584 OmyJC18ROGR    (5)    2 :  0.265 0.236 0.162 0.267 0.069 
585 OmyJC18ROGR    (1)    2 :  0.396 0.116 0.070 0.310 0.108 
586 OmyJC18ROGR    (2)    2 :  0.468 0.132 0.137 0.234 0.028 
587 OmyJC18ROGR    (0)    2 :  0.031 0.023 0.022 0.030 0.895 
588 OmyJC18ROGR    (0)    2 :  0.183 0.120 0.115 0.397 0.186 
589 OmyJC18ROGR    (1)    2 :  0.101 0.471 0.188 0.154 0.086 
590 OmyJC18ROGR    (2)    2 :  0.281 0.265 0.052 0.386 0.016 
591 OmyJC18ROGR    (0)    2 :  0.306 0.287 0.158 0.192 0.057 
592 OmyJC18ROGR    (4)    2 :  0.312 0.106 0.157 0.375 0.051 
593 OmyJC18ROGR    (0)    2 :  0.359 0.157 0.119 0.227 0.138 
594 OmyJC18ROGR    (1)    2 :  0.482 0.125 0.073 0.273 0.047 
595 OmyJC18ROGR    (0)    2 :  0.134 0.127 0.383 0.149 0.207 
596 OmyJC18ROGR    (0)    2 :  0.276 0.241 0.191 0.202 0.091 
597 OmyJC18ROGR    (0)    2 :  0.283 0.100 0.335 0.151 0.131 
598 OmyJC18ROGR    (0)    2 :  0.199 0.282 0.165 0.303 0.052 
599 OmyJC18ROGR    (0)    2 :  0.192 0.431 0.090 0.141 0.146 
600 OmyJC18ROGR    (0)    2 :  0.483 0.164 0.091 0.198 0.065 
601 OmyJC18ROGR    (0)    2 :  0.178 0.229 0.410 0.157 0.027 
602 OmyJC18ROGR    (0)    2 :  0.129 0.353 0.163 0.137 0.217 
603 OmyJC18ROGR    (0)    2 :  0.189 0.216 0.096 0.454 0.045 
604 OmyJC18ROGR    (0)    2 :  0.140 0.633 0.078 0.115 0.034 
605 OmyJC18ROGR    (0)    2 :  0.222 0.246 0.286 0.198 0.047 
606 OmyJC18ROGR    (0)    2 :  0.294 0.145 0.130 0.312 0.118 
607 OmyJC18ROGR    (0)    2 :  0.155 0.581 0.038 0.182 0.045 
608 OmyJC18ROGR    (0)    2 :  0.158 0.450 0.063 0.299 0.031 
