

----------------------------------------------------
STRUCTURE by Pritchard, Stephens and Donnelly (2000)
     and Falush, Stephens and Pritchard (2003)
       Code by Pritchard, Falush and Hubisz
             Version 2.3.4 (Jul 2012)
----------------------------------------------------



Command line arguments:   bin/structure -m "/Users/ddayan/FRA/half_pounder_2023/structure/halfpounder/10k_20k_adm_corr/mainparams" -e "/Users/ddayan/FRA/half_pounder_2023/structure/halfpounder/10k_20k_adm_corr/extraparams" 
Input File:    /Users/ddayan/FRA/half_pounder_2023/structure/halfpounder/project_data

Run parameters:
   1000 individuals
   233 loci
   3 populations assumed
   10000 Burn-in period
   20000 Reps


--------------------------------------------
Proportion of membership of each pre-defined
 population in each of the 3 clusters

Given    Inferred Clusters       Number of
 Pop       1      2      3      Individuals

  1:     0.363  0.301  0.336      275
  2:     0.341  0.340  0.319      643
  3:     0.314  0.508  0.179       42
  4:     0.408  0.407  0.185       40
--------------------------------------------

Allele-freq. divergence among pops (Net nucleotide distance),
computed using point estimates of P.

      1       2       3      
 1      -    0.0046  0.0118  
 2   0.0046     -    0.0149  
 3   0.0118  0.0149     -    

Average distances (expected heterozygosity) between individuals in same cluster:
cluster  1  : 0.3158 
cluster  2  : 0.3076 
cluster  3  : 0.2829 

--------------------------------------------
Estimated Ln Prob of Data   = -216212.7
Mean value of ln likelihood = -215291.0
Variance of ln likelihood   = 1843.4
Mean value of alpha         = 0.9013

Mean value of Fst_1         = 0.0097
Mean value of Fst_2         = 0.0359
Mean value of Fst_3         = 0.0895


Inferred ancestry of individuals:
        Label (%Miss) Pop:  Inferred clusters
  1 OmyAC19ROGR    (0)    1 :  0.466 0.402 0.132 
  2 OmyAC19ROGR    (0)    1 :  0.550 0.167 0.282 
  3 OmyAC19ROGR    (0)    1 :  0.343 0.449 0.208 
  4 OmyAC19ROGR    (0)    1 :  0.690 0.206 0.103 
  5 OmyAC19ROGR    (1)    1 :  0.086 0.081 0.833 
  6 OmyAC19ROGR    (0)    1 :  0.168 0.386 0.446 
  7 OmyAC19ROGR    (0)    1 :  0.182 0.378 0.440 
  8 OmyAC19ROGR    (0)    1 :  0.265 0.642 0.093 
  9 OmyAC19ROGR    (0)    1 :  0.229 0.246 0.525 
 10 OmyAC19ROGR    (0)    1 :  0.381 0.147 0.471 
 11 OmyAC19ROGR    (0)    1 :  0.184 0.642 0.174 
 12 OmyAC19ROGR    (0)    1 :  0.385 0.245 0.370 
 13 OmyAC19ROGR    (0)    1 :  0.286 0.593 0.121 
 14 OmyAC19ROGR    (0)    1 :  0.234 0.415 0.350 
 15 OmyAC19ROGR    (0)    1 :  0.288 0.181 0.531 
 16 OmyAC19ROGR    (0)    1 :  0.305 0.463 0.232 
 17 OmyAC19ROGR    (0)    1 :  0.617 0.106 0.278 
 18 OmyAC19ROGR    (3)    1 :  0.567 0.363 0.070 
 19 OmyAC19ROGR    (0)    1 :  0.162 0.672 0.166 
 20 OmyAC19ROGR    (0)    1 :  0.437 0.110 0.453 
 21 OmyAC19ROGR    (0)    1 :  0.364 0.159 0.477 
 22 OmyAC19ROGR    (0)    1 :  0.200 0.599 0.201 
 23 OmyAC19ROGR    (0)    1 :  0.237 0.258 0.505 
 24 OmyAC19ROGR    (1)    1 :  0.503 0.360 0.137 
 25 OmyAC19ROGR    (0)    1 :  0.175 0.279 0.546 
 26 OmyAC19ROGR    (0)    1 :  0.291 0.437 0.272 
 27 OmyAC19ROGR    (2)    1 :  0.345 0.481 0.174 
 28 OmyAC19ROGR    (0)    1 :  0.527 0.277 0.196 
 29 OmyAC19ROGR    (0)    1 :  0.544 0.200 0.256 
 30 OmyAC19ROGR    (0)    1 :  0.228 0.208 0.565 
 31 OmyAC19ROGR    (0)    1 :  0.285 0.508 0.207 
 32 OmyAC19ROGR    (0)    1 :  0.477 0.189 0.334 
 33 OmyAC19ROGR    (0)    1 :  0.418 0.323 0.259 
 34 OmyAC19ROGR    (0)    1 :  0.210 0.219 0.572 
 35 OmyAC19ROGR    (0)    1 :  0.527 0.268 0.206 
 36 OmyAC19ROGR    (0)    1 :  0.213 0.610 0.177 
 37 OmyAC19ROGR    (0)    1 :  0.141 0.496 0.363 
 38 OmyAC19ROGR    (0)    1 :  0.149 0.208 0.643 
 39 OmyAC19ROGR    (0)    1 :  0.618 0.162 0.221 
 40 OmyAC19ROGR    (0)    1 :  0.331 0.170 0.499 
 41 OmyAC19ROGR    (0)    1 :  0.574 0.247 0.179 
 42 OmyAC19ROGR    (0)    1 :  0.135 0.127 0.738 
 43 OmyAC19ROGR    (0)    1 :  0.639 0.180 0.182 
 44 OmyAC19ROGR    (8)    1 :  0.433 0.394 0.173 
 45 OmyAC19ROGR    (2)    1 :  0.176 0.322 0.501 
 46 OmyAC19ROGR    (0)    1 :  0.284 0.469 0.247 
 47 OmyAC19ROGR    (0)    1 :  0.191 0.685 0.124 
 48 OmyAC19ROGR    (0)    1 :  0.534 0.336 0.130 
 49 OmyAC19ROGR    (0)    1 :  0.373 0.476 0.151 
 50 OmyAC19ROGR    (0)    1 :  0.742 0.135 0.123 
 51 OmyAC19ROGR    (2)    1 :  0.131 0.127 0.742 
 52 OmyAC19ROGR    (0)    1 :  0.120 0.103 0.777 
 53 OmyAC19ROGR    (1)    1 :  0.280 0.574 0.146 
 54 OmyAC19ROGR    (0)    1 :  0.521 0.260 0.219 
 55 OmyAC19ROGR    (4)    1 :  0.308 0.485 0.207 
 56 OmyAC19ROGR    (0)    1 :  0.179 0.449 0.372 
 57 OmyAC19ROGR    (0)    1 :  0.111 0.795 0.094 
 58 OmyAC19ROGR    (0)    1 :  0.085 0.307 0.608 
 59 OmyAC19ROGR    (0)    1 :  0.263 0.598 0.139 
 60 OmyAC19ROGR    (0)    1 :  0.157 0.559 0.284 
 61 OmyAC19ROGR    (0)    1 :  0.491 0.266 0.243 
 62 OmyAC19ROGR    (0)    1 :  0.350 0.426 0.224 
 63 OmyAC19ROGR    (0)    1 :  0.289 0.361 0.351 
 64 OmyAC19ROGR    (2)    1 :  0.588 0.186 0.226 
 65 OmyAC19ROGR    (0)    1 :  0.392 0.462 0.147 
 66 OmyAC19ROGR    (5)    1 :  0.232 0.339 0.429 
 67 OmyAC19ROGR    (0)    1 :  0.161 0.690 0.149 
 68 OmyAC19ROGR    (1)    1 :  0.361 0.293 0.347 
 69 OmyAC19ROGR    (3)    1 :  0.258 0.411 0.332 
 70 OmyAC19ROGR    (0)    1 :  0.668 0.195 0.137 
 71 OmyAC19ROGR    (0)    1 :  0.263 0.542 0.195 
 72 OmyAC19ROGR    (5)    1 :  0.438 0.401 0.161 
 73 OmyAC19ROGR    (0)    1 :  0.423 0.233 0.344 
 74 OmyAC19ROGR    (0)    1 :  0.577 0.206 0.217 
 75 OmyAC19ROGR    (0)    1 :  0.436 0.264 0.301 
 76 OmyAC19ROGR    (0)    1 :  0.500 0.307 0.193 
 77 OmyAC19ROGR    (1)    1 :  0.061 0.058 0.881 
 78 OmyAC19ROGR    (0)    1 :  0.728 0.152 0.120 
 79 OmyAC19ROGR    (3)    1 :  0.516 0.268 0.216 
 80 OmyAC19ROGR    (0)    1 :  0.124 0.121 0.754 
 81 OmyAC19ROGR    (3)    1 :  0.291 0.247 0.462 
 82 OmyAC19ROGR    (1)    1 :  0.170 0.772 0.058 
 83 OmyAC19ROGR    (0)    1 :  0.490 0.350 0.160 
 84 OmyAC19ROGR    (0)    1 :  0.292 0.473 0.235 
 85 OmyAC19ROGR    (7)    1 :  0.494 0.325 0.181 
 86 OmyAC19ROGR    (0)    1 :  0.504 0.240 0.256 
 87 OmyAC19ROGR    (0)    1 :  0.516 0.335 0.149 
 88 OmyJC19ROGR    (0)    2 :  0.133 0.074 0.793 
 89 OmyJC19ROGR    (0)    2 :  0.368 0.430 0.202 
 90 OmyJC19ROGR    (0)    2 :  0.104 0.059 0.837 
 91 OmyJC19ROGR    (0)    2 :  0.352 0.584 0.064 
 92 OmyJC19ROGR    (0)    2 :  0.577 0.236 0.187 
 93 OmyJC19ROGR    (0)    2 :  0.456 0.353 0.191 
 94 OmyJC19ROGR    (0)    2 :  0.552 0.161 0.288 
 95 OmyJC19ROGR    (0)    2 :  0.371 0.284 0.345 
 96 OmyJC19ROGR    (0)    2 :  0.330 0.304 0.366 
 97 OmyJC19ROGR    (0)    2 :  0.275 0.285 0.440 
 98 OmyJC19ROGR    (0)    2 :  0.354 0.489 0.157 
 99 OmyJC19ROGR    (0)    2 :  0.322 0.505 0.173 
100 OmyJC19ROGR    (0)    2 :  0.339 0.518 0.143 
101 OmyJC19ROGR    (1)    2 :  0.192 0.221 0.587 
102 OmyJC19ROGR    (0)    2 :  0.285 0.452 0.263 
103 OmyJC19ROGR    (0)    2 :  0.291 0.253 0.457 
104 OmyJC19ROGR    (0)    2 :  0.303 0.589 0.108 
105 OmyJC19ROGR    (0)    2 :  0.260 0.320 0.420 
106 OmyJC19ROGR    (0)    2 :  0.097 0.078 0.825 
107 OmyJC19ROGR    (0)    2 :  0.143 0.500 0.357 
108 OmyJC19ROGR    (0)    2 :  0.473 0.289 0.238 
109 OmyJC19ROGR    (0)    2 :  0.326 0.360 0.314 
110 OmyJC19ROGR    (0)    2 :  0.207 0.209 0.584 
111 OmyJC19ROGR    (0)    2 :  0.164 0.668 0.168 
112 OmyJC19ROGR    (2)    2 :  0.227 0.395 0.378 
113 OmyJC19ROGR    (0)    2 :  0.251 0.168 0.580 
114 OmyJC19ROGR    (5)    2 :  0.636 0.207 0.157 
115 OmyJC19ROGR    (0)    2 :  0.666 0.204 0.130 
116 OmyJC19ROGR    (0)    2 :  0.509 0.199 0.293 
117 OmyJC19ROGR    (0)    2 :  0.376 0.337 0.286 
118 OmyJC19ROGR    (0)    2 :  0.474 0.421 0.106 
119 OmyJC19ROGR    (2)    2 :  0.579 0.285 0.137 
120 OmyJC19ROGR    (0)    2 :  0.272 0.626 0.102 
121 OmyJC19ROGR    (0)    2 :  0.240 0.652 0.108 
122 OmyJC19ROGR    (0)    2 :  0.453 0.334 0.213 
123 OmyJC19ROGR    (1)    2 :  0.537 0.377 0.086 
124 OmyJC19ROGR    (0)    2 :  0.481 0.168 0.351 
125 OmyJC19ROGR    (0)    2 :  0.450 0.300 0.250 
126 OmyJC19ROGR    (0)    2 :  0.170 0.087 0.743 
127 OmyJC19ROGR    (0)    2 :  0.326 0.548 0.126 
128 OmyJC19ROGR    (1)    2 :  0.462 0.401 0.137 
129 OmyJC19ROGR    (0)    2 :  0.424 0.153 0.423 
130 OmyJC19ROGR    (2)    2 :  0.585 0.152 0.263 
131 OmyJC19ROGR    (0)    2 :  0.239 0.560 0.201 
132 OmyJC19ROGR    (0)    2 :  0.442 0.333 0.225 
133 OmyJC19ROGR    (0)    2 :  0.560 0.329 0.111 
134 OmyJC19ROGR    (0)    2 :  0.400 0.423 0.176 
135 OmyJC19ROGR    (0)    2 :  0.169 0.640 0.191 
136 OmyJC19ROGR    (4)    2 :  0.449 0.295 0.256 
137 OmyJC19ROGR    (0)    2 :  0.299 0.356 0.345 
138 OmyJC19ROGR    (0)    2 :  0.115 0.223 0.662 
139 OmyJC19ROGR    (3)    2 :  0.393 0.484 0.122 
140 OmyJC19ROGR    (1)    2 :  0.500 0.224 0.277 
141 OmyJC19ROGR    (0)    2 :  0.432 0.213 0.355 
142 OmyJC19ROGR    (0)    2 :  0.203 0.262 0.535 
143 OmyJC19ROGR    (0)    2 :  0.406 0.276 0.318 
144 OmyJC19ROGR    (0)    2 :  0.292 0.614 0.094 
145 OmyJC19ROGR    (0)    2 :  0.467 0.400 0.133 
146 OmyJC19ROGR    (1)    2 :  0.290 0.463 0.247 
147 OmyJC19ROGR    (0)    2 :  0.136 0.494 0.370 
148 OmyJC19ROGR    (0)    2 :  0.143 0.700 0.157 
149 OmyJC19ROGR    (0)    2 :  0.371 0.480 0.149 
150 OmyJC19ROGR    (1)    2 :  0.556 0.232 0.212 
151 OmyJC19ROGR    (0)    2 :  0.556 0.168 0.275 
152 OmyJC19ROGR    (0)    2 :  0.251 0.598 0.151 
153 OmyJC19ROGR    (0)    2 :  0.148 0.640 0.212 
154 OmyJC19ROGR    (0)    2 :  0.273 0.489 0.238 
155 OmyJC19ROGR    (0)    2 :  0.576 0.232 0.192 
156 OmyJC19ROGR    (0)    2 :  0.340 0.418 0.242 
157 OmyJC19ROGR    (0)    2 :  0.378 0.236 0.386 
158 OmyJC19ROGR    (0)    2 :  0.313 0.613 0.074 
159 OmyJC19ROGR    (0)    2 :  0.524 0.339 0.137 
160 OmyJC19ROGR    (0)    2 :  0.381 0.330 0.289 
161 OmyJC19ROGR    (1)    2 :  0.184 0.718 0.097 
162 OmyJC19ROGR    (0)    2 :  0.220 0.361 0.419 
163 OmyJC19ROGR    (0)    2 :  0.203 0.558 0.239 
164 OmyJC19ROGR    (0)    2 :  0.361 0.552 0.087 
165 OmyJC19ROGR    (0)    2 :  0.369 0.527 0.104 
166 OmyJC19ROGR    (0)    2 :  0.591 0.214 0.194 
167 OmyJC19ROGR    (0)    2 :  0.297 0.411 0.292 
168 OmyJC19ROGR    (0)    2 :  0.486 0.280 0.235 
169 OmyJC19ROGR    (0)    2 :  0.093 0.062 0.845 
170 OmyJC19ROGR    (0)    2 :  0.420 0.325 0.255 
171 OmyJC19ROGR    (0)    2 :  0.518 0.330 0.151 
172 OmyJC19ROGR    (0)    2 :  0.177 0.396 0.427 
173 OmyJC19ROGR    (0)    2 :  0.094 0.093 0.812 
174 OmyJC19ROGR    (0)    2 :  0.609 0.253 0.138 
175 OmyJC19ROGR    (0)    2 :  0.627 0.240 0.133 
176 OmyJC19ROGR    (0)    2 :  0.208 0.406 0.386 
177 OmyJC19ROGR    (0)    2 :  0.136 0.793 0.070 
178 OmyJC19ROGR    (0)    2 :  0.499 0.343 0.158 
179 OmyJC19ROGR    (0)    2 :  0.568 0.275 0.157 
180 OmyJC19ROGR    (0)    2 :  0.101 0.101 0.798 
181 OmyJC19ROGR    (0)    2 :  0.543 0.208 0.249 
182 OmyJC19ROGR    (0)    2 :  0.287 0.497 0.216 
183 OmyJC19ROGR    (0)    2 :  0.308 0.519 0.174 
184 OmyJC19ROGR    (0)    2 :  0.123 0.189 0.688 
185 OmyJC19ROGR    (0)    2 :  0.656 0.252 0.092 
186 OmyJC19ROGR    (0)    2 :  0.264 0.295 0.441 
187 OmyJC19ROGR    (0)    2 :  0.631 0.191 0.177 
188 OmyJC19ROGR    (0)    2 :  0.467 0.382 0.152 
189 OmyJC19ROGR    (0)    2 :  0.276 0.284 0.440 
190 OmyJC19ROGR    (0)    2 :  0.244 0.517 0.239 
191 OmyJC19ROGR    (0)    2 :  0.457 0.342 0.201 
192 OmyJC19ROGR    (0)    2 :  0.588 0.294 0.118 
193 OmyJC19ROGR    (0)    2 :  0.173 0.459 0.368 
194 OmyJC19ROGR    (0)    2 :  0.246 0.671 0.083 
195 OmyJC19ROGR    (0)    2 :  0.167 0.085 0.748 
196 OmyJC19ROGR    (0)    2 :  0.734 0.127 0.139 
197 OmyJC19ROGR    (0)    2 :  0.462 0.368 0.171 
198 OmyJC19ROGR    (0)    2 :  0.101 0.128 0.771 
199 OmyJC19ROGR    (0)    2 :  0.393 0.510 0.098 
200 OmyJC19ROGR    (0)    2 :  0.316 0.319 0.364 
201 OmyJC19ROGR    (0)    2 :  0.351 0.545 0.104 
202 OmyJC19ROGR    (0)    2 :  0.350 0.559 0.090 
203 OmyJC19ROGR    (0)    2 :  0.553 0.304 0.143 
204 OmyJC19ROGR    (0)    2 :  0.386 0.354 0.260 
205 OmyJC19ROGR    (0)    2 :  0.299 0.397 0.304 
206 OmyJC19ROGR    (0)    2 :  0.077 0.065 0.859 
207 OmyJC19ROGR    (0)    2 :  0.163 0.332 0.505 
208 OmyJC19ROGR    (0)    2 :  0.381 0.432 0.188 
209 OmyJC19ROGR    (0)    2 :  0.243 0.282 0.476 
210 OmyJC19ROGR    (0)    2 :  0.115 0.059 0.826 
211 OmyJC19ROGR    (0)    2 :  0.235 0.462 0.303 
212 OmyJC19ROGR    (1)    2 :  0.113 0.523 0.364 
213 OmyJC19ROGR    (1)    2 :  0.561 0.189 0.250 
214 OmyJC19ROGR    (0)    2 :  0.195 0.490 0.315 
215 OmyJC19ROGR    (0)    2 :  0.544 0.350 0.107 
216 OmyJC19ROGR    (0)    2 :  0.161 0.274 0.566 
217 OmyJC19ROGR    (0)    2 :  0.205 0.164 0.631 
218 OmyJC19ROGR    (0)    2 :  0.495 0.295 0.210 
219 OmyJC19ROGR    (0)    2 :  0.217 0.361 0.422 
220 OmyJC19ROGR    (0)    2 :  0.233 0.705 0.062 
221 OmyJC19ROGR    (0)    2 :  0.188 0.474 0.338 
222 OmyJC19ROGR    (0)    2 :  0.466 0.391 0.143 
223 OmyJC19ROGR    (0)    2 :  0.251 0.451 0.298 
224 OmyJC19ROGR    (1)    2 :  0.494 0.289 0.217 
225 OmyJC19ROGR    (0)    2 :  0.071 0.186 0.743 
226 OmyJC19ROGR    (0)    2 :  0.408 0.107 0.486 
227 OmyJC19ROGR    (0)    2 :  0.096 0.085 0.820 
228 OmyJC19ROGR    (0)    2 :  0.416 0.436 0.148 
229 OmyJC19ROGR    (0)    2 :  0.433 0.426 0.142 
230 OmyJC19ROGR    (0)    2 :  0.266 0.353 0.382 
231 OmyJC19ROGR    (0)    2 :  0.242 0.451 0.307 
232 OmyJC19ROGR    (2)    2 :  0.308 0.424 0.268 
233 OmyJC19ROGR    (0)    2 :  0.256 0.360 0.385 
234 OmyJC19ROGR    (0)    2 :  0.072 0.063 0.865 
235 OmyJC19ROGR    (0)    2 :  0.149 0.143 0.709 
236 OmyJC19ROGR    (0)    2 :  0.144 0.723 0.133 
237 OmyJC19ROGR    (0)    2 :  0.219 0.523 0.258 
238 OmyJC19ROGR    (0)    2 :  0.133 0.664 0.203 
239 OmyJC19ROGR    (0)    2 :  0.378 0.438 0.184 
240 OmyJC19ROGR    (0)    2 :  0.503 0.279 0.218 
241 OmyJC19ROGR    (0)    2 :  0.399 0.190 0.411 
242 OmyJC19ROGR    (0)    2 :  0.254 0.659 0.087 
243 OmyJC19ROGR    (0)    2 :  0.412 0.419 0.169 
244 OmyJC19ROGR    (0)    2 :  0.495 0.325 0.180 
245 OmyJC19ROGR    (0)    2 :  0.079 0.075 0.846 
246 OmyJC19ROGR    (0)    2 :  0.267 0.398 0.336 
247 OmyJC19ROGR    (0)    2 :  0.176 0.141 0.683 
248 OmyJC19ROGR    (0)    2 :  0.364 0.142 0.495 
249 OmyJC19ROGR    (0)    2 :  0.539 0.205 0.256 
250 OmyJC19ROGR    (0)    2 :  0.482 0.241 0.277 
251 OmyJC19ROGR    (0)    2 :  0.613 0.176 0.210 
252 OmyJC19ROGR    (0)    2 :  0.282 0.464 0.254 
253 OmyJC19ROGR    (0)    2 :  0.578 0.153 0.270 
254 OmyJC19ROGR    (0)    2 :  0.473 0.227 0.301 
255 OmyJC19ROGR    (0)    2 :  0.391 0.412 0.197 
256 OmyJC19ROGR    (0)    2 :  0.352 0.303 0.346 
257 OmyJC19ROGR    (0)    2 :  0.562 0.188 0.251 
258 OmyAC19ROGR    (0)    1 :  0.441 0.296 0.262 
259 OmyAC19ROGR    (0)    1 :  0.212 0.258 0.531 
260 OmyAC19ROGR    (0)    1 :  0.637 0.147 0.216 
261 OmyAC19ROGR    (0)    1 :  0.561 0.148 0.291 
262 OmyAC19ROGR    (0)    1 :  0.537 0.157 0.306 
263 OmyAC19ROGR    (0)    1 :  0.321 0.449 0.230 
264 OmyAC19ROGR    (0)    1 :  0.545 0.240 0.215 
265 OmyAC19ROGR    (0)    1 :  0.558 0.245 0.197 
266 OmyAC19ROGR    (0)    1 :  0.648 0.224 0.128 
267 OmyAC19ROGR    (0)    1 :  0.418 0.156 0.427 
268 OmyAC19ROGR    (0)    1 :  0.288 0.403 0.309 
269 OmyAC19ROGR    (1)    1 :  0.442 0.197 0.361 
270 OmyAC19ROGR    (0)    1 :  0.608 0.201 0.191 
271 OmyAC19ROGR    (0)    1 :  0.258 0.221 0.522 
272 OmyAC19ROGR    (0)    1 :  0.338 0.296 0.367 
273 OmyAC19ROGR    (0)    1 :  0.561 0.319 0.119 
274 OmyAC19ROGR    (0)    1 :  0.186 0.137 0.678 
275 OmyAC19ROGR    (0)    1 :  0.161 0.606 0.233 
276 OmyAC19ROGR    (0)    1 :  0.393 0.357 0.250 
277 OmyAC19ROGR    (0)    1 :  0.395 0.239 0.366 
278 OmyAC19ROGR    (0)    1 :  0.167 0.425 0.409 
279 OmyAC19ROGR    (0)    1 :  0.218 0.420 0.362 
280 OmyAC19ROGR    (0)    1 :  0.391 0.217 0.392 
281 OmyAC19ROGR    (0)    1 :  0.513 0.287 0.200 
282 OmyAC19ROGR    (0)    1 :  0.388 0.251 0.361 
283 OmyAC19ROGR    (0)    1 :  0.318 0.393 0.289 
284 OmyAC19ROGR    (0)    1 :  0.519 0.331 0.150 
285 OmyAC19ROGR    (0)    1 :  0.465 0.353 0.182 
286 OmyAC19ROGR    (0)    1 :  0.527 0.344 0.129 
287 OmyAC19ROGR    (0)    1 :  0.064 0.045 0.891 
288 OmyAC19ROGR    (0)    1 :  0.071 0.314 0.615 
289 OmyAC19ROGR    (0)    1 :  0.425 0.284 0.290 
290 OmyAC19ROGR    (1)    1 :  0.056 0.076 0.868 
291 OmyAC19ROGR    (0)    1 :  0.292 0.197 0.510 
292 OmyAC19ROGR    (0)    1 :  0.454 0.244 0.302 
293 OmyAC19ROGR    (0)    1 :  0.252 0.558 0.190 
294 OmyAC19ROGR    (0)    1 :  0.414 0.133 0.453 
295 OmyAC19ROGR    (0)    1 :  0.769 0.102 0.128 
296 OmyAC19ROGR    (0)    1 :  0.282 0.578 0.140 
297 OmyAC19ROGR    (0)    1 :  0.264 0.092 0.644 
298 OmyAC19ROGR    (0)    1 :  0.375 0.435 0.190 
299 OmyAC19ROGR    (0)    1 :  0.308 0.311 0.381 
300 OmyAC19ROGR    (0)    1 :  0.409 0.358 0.233 
301 OmyAC19ROGR    (0)    1 :  0.114 0.086 0.800 
302 OmyAC19ROGR    (0)    1 :  0.163 0.212 0.625 
303 OmyAC19ROGR    (0)    1 :  0.484 0.259 0.257 
304 OmyAC19ROGR    (0)    1 :  0.157 0.415 0.428 
305 OmyAC19ROGR    (0)    1 :  0.408 0.391 0.201 
306 OmyAC19ROGR    (0)    1 :  0.309 0.111 0.580 
307 OmyAC19ROGR    (1)    1 :  0.455 0.389 0.156 
308 OmyAC19ROGR    (0)    1 :  0.437 0.238 0.325 
309 OmyAC19ROGR    (0)    1 :  0.166 0.086 0.748 
310 OmyAC19ROGR    (0)    1 :  0.364 0.191 0.444 
311 OmyAC19ROGR    (0)    1 :  0.212 0.135 0.653 
312 OmyAC19ROGR    (0)    1 :  0.479 0.295 0.226 
313 OmyAC19ROGR    (0)    1 :  0.295 0.485 0.220 
314 OmyAC19ROGR    (0)    1 :  0.284 0.421 0.296 
315 OmyAC19ROGR    (0)    1 :  0.531 0.157 0.312 
316 OmyAC19ROGR    (0)    1 :  0.767 0.105 0.128 
317 OmyAC19ROGR    (0)    1 :  0.203 0.649 0.148 
318 OmyAC19ROGR    (0)    1 :  0.365 0.535 0.100 
319 OmyAC19ROGR    (0)    1 :  0.488 0.414 0.097 
320 OmyAC19ROGR    (0)    1 :  0.362 0.555 0.083 
321 OmyAC19ROGR    (0)    1 :  0.590 0.277 0.133 
322 OmyAC19ROGR    (0)    1 :  0.345 0.156 0.499 
323 OmyAC19ROGR    (0)    1 :  0.475 0.307 0.218 
324 OmyAC19ROGR    (0)    1 :  0.659 0.225 0.117 
325 OmyAC19ROGR    (0)    1 :  0.412 0.186 0.402 
326 OmyAC19ROGR    (0)    1 :  0.562 0.258 0.180 
327 OmyAC19ROGR    (0)    1 :  0.636 0.208 0.157 
328 OmyAC20ROGR    (0)    1 :  0.359 0.489 0.152 
329 OmyAC20ROGR    (0)    1 :  0.272 0.409 0.319 
330 OmyAC20ROGR    (0)    1 :  0.273 0.382 0.345 
331 OmyAC20ROGR    (0)    1 :  0.192 0.163 0.645 
332 OmyAC20ROGR    (0)    1 :  0.365 0.241 0.394 
333 OmyAC20ROGR    (0)    1 :  0.414 0.163 0.423 
334 OmyAC20ROGR    (0)    1 :  0.524 0.232 0.244 
335 OmyAC20ROGR    (0)    1 :  0.607 0.254 0.139 
336 OmyAC20ROGR    (0)    1 :  0.377 0.262 0.360 
337 OmyAC20ROGR    (0)    1 :  0.200 0.230 0.570 
338 OmyAC20ROGR    (0)    1 :  0.562 0.170 0.268 
339 OmyAC20ROGR    (0)    1 :  0.412 0.345 0.243 
340 OmyAC20ROGR    (0)    1 :  0.448 0.321 0.232 
341 OmyAC20ROGR    (0)    1 :  0.272 0.541 0.187 
342 OmyAC20ROGR    (0)    1 :  0.256 0.382 0.362 
343 OmyAC20ROGR    (0)    1 :  0.234 0.589 0.177 
344 OmyAC20ROGR    (0)    1 :  0.259 0.290 0.451 
345 OmyAC20ROGR    (1)    1 :  0.576 0.108 0.316 
346 OmyAC20ROGR    (0)    1 :  0.409 0.167 0.424 
347 OmyAC20ROGR    (0)    1 :  0.246 0.340 0.414 
348 OmyAC20ROGR    (0)    1 :  0.243 0.453 0.304 
349 OmyAC20ROGR    (0)    1 :  0.330 0.521 0.149 
350 OmyAC20ROGR    (0)    1 :  0.138 0.653 0.209 
351 OmyAC20ROGR    (0)    1 :  0.486 0.275 0.240 
352 OmyAC20ROGR    (0)    1 :  0.493 0.334 0.172 
353 OmyAC20ROGR    (0)    1 :  0.476 0.244 0.280 
354 OmyAC20ROGR    (0)    1 :  0.167 0.358 0.475 
355 OmyAC20ROGR    (0)    1 :  0.121 0.613 0.266 
356 OmyAC20ROGR    (0)    1 :  0.370 0.211 0.419 
357 OmyAC20ROGR    (0)    1 :  0.438 0.359 0.204 
358 OmyAC20ROGR    (0)    1 :  0.478 0.353 0.170 
359 OmyAC20ROGR    (0)    1 :  0.208 0.274 0.517 
360 OmyAC20ROGR    (0)    1 :  0.398 0.221 0.381 
361 OmyAC20ROGR    (0)    1 :  0.311 0.549 0.141 
362 OmyAC20ROGR    (0)    1 :  0.426 0.271 0.303 
363 OmyAC20ROGR    (0)    1 :  0.143 0.348 0.509 
364 OmyAC20ROGR    (1)    1 :  0.427 0.373 0.200 
365 OmyAC20ROGR    (0)    1 :  0.595 0.265 0.140 
366 OmyAC20ROGR    (0)    1 :  0.740 0.169 0.091 
367 OmyAC20ROGR    (0)    1 :  0.586 0.185 0.229 
368 OmyAC20ROGR    (0)    1 :  0.493 0.326 0.182 
369 OmyAC20ROGR    (0)    1 :  0.192 0.370 0.438 
370 OmyAC20ROGR    (0)    1 :  0.195 0.118 0.687 
371 OmyAC20ROGR    (0)    1 :  0.120 0.117 0.763 
372 OmyAC20ROGR    (2)    1 :  0.109 0.091 0.801 
373 OmyAC20ROGR    (0)    1 :  0.143 0.217 0.640 
374 OmyAC20ROGR    (0)    1 :  0.571 0.319 0.110 
375 OmyAC20ROGR    (0)    1 :  0.402 0.291 0.307 
376 OmyAC20ROGR    (0)    1 :  0.293 0.322 0.386 
377 OmyAC20ROGR    (0)    1 :  0.491 0.389 0.121 
378 OmyAC20ROGR    (0)    1 :  0.414 0.464 0.123 
379 OmyAC20ROGR    (0)    1 :  0.210 0.224 0.566 
380 OmyAC20ROGR    (0)    1 :  0.732 0.144 0.124 
381 OmyAC20ROGR    (0)    1 :  0.380 0.296 0.325 
382 OmyAC20ROGR    (0)    1 :  0.096 0.093 0.811 
383 OmyAC20ROGR    (0)    1 :  0.560 0.137 0.302 
384 OmyAC20ROGR    (0)    1 :  0.266 0.227 0.507 
385 OmyAC20ROGR    (0)    1 :  0.295 0.307 0.398 
386 OmyAC20ROGR    (0)    1 :  0.385 0.162 0.453 
387 OmyAC20ROGR    (0)    1 :  0.328 0.120 0.551 
388 OmyAC20ROGR    (0)    1 :  0.223 0.202 0.575 
389 OmyAC20ROGR    (0)    1 :  0.654 0.174 0.172 
390 OmyAC20ROGR    (0)    1 :  0.200 0.730 0.069 
391 OmyAC20ROGR    (0)    1 :  0.121 0.270 0.609 
392 OmyAC20ROGR    (0)    1 :  0.227 0.249 0.523 
393 OmyAC20ROGR    (0)    1 :  0.292 0.437 0.271 
394 OmyAC20ROGR    (0)    1 :  0.309 0.328 0.363 
395 OmyAC20ROGR    (0)    1 :  0.312 0.433 0.255 
396 OmyAC20ROGR    (0)    1 :  0.398 0.338 0.264 
397 OmyAC20ROGR    (0)    1 :  0.471 0.153 0.376 
398 OmyAC20ROGR    (0)    1 :  0.236 0.116 0.647 
399 OmyAC20ROGR    (0)    1 :  0.502 0.125 0.373 
400 OmyAC20ROGR    (0)    1 :  0.537 0.168 0.296 
401 OmyAC20ROGR    (0)    1 :  0.118 0.165 0.717 
402 OmyAC20ROGR    (0)    1 :  0.259 0.663 0.078 
403 OmyAC20ROGR    (0)    1 :  0.334 0.354 0.313 
404 OmyAC20ROGR    (0)    1 :  0.538 0.363 0.099 
405 OmyAC20ROGR    (0)    1 :  0.161 0.311 0.528 
406 OmyAC20ROGR    (0)    1 :  0.380 0.438 0.182 
407 OmyAC20ROGR    (0)    1 :  0.692 0.135 0.173 
408 OmyAC20ROGR    (0)    1 :  0.121 0.599 0.280 
409 OmyAC20ROGR    (0)    1 :  0.577 0.252 0.171 
410 OmyAC20ROGR    (0)    1 :  0.149 0.064 0.787 
411 OmyAC20ROGR    (0)    1 :  0.185 0.136 0.679 
412 OmyAC20ROGR    (0)    1 :  0.277 0.299 0.424 
413 OmyAC20ROGR    (0)    1 :  0.560 0.169 0.271 
414 OmyAC20ROGR    (0)    1 :  0.251 0.230 0.520 
415 OmyAC20ROGR    (0)    1 :  0.573 0.255 0.172 
416 OmyAC20ROGR    (0)    1 :  0.566 0.239 0.195 
417 OmyAC20ROGR    (0)    1 :  0.610 0.269 0.121 
418 OmyAC20ROGR    (0)    1 :  0.356 0.260 0.384 
419 OmyAC20ROGR    (0)    1 :  0.190 0.233 0.577 
420 OmyAC20ROGR    (0)    1 :  0.184 0.633 0.183 
421 OmyAC20ROGR    (0)    1 :  0.535 0.191 0.274 
422 OmyAC20ROGR    (0)    1 :  0.090 0.079 0.831 
423 OmyAC20ROGR    (0)    1 :  0.712 0.143 0.146 
424 OmyAC20ROGR    (0)    1 :  0.270 0.612 0.118 
425 OmyAC20ROGR    (0)    1 :  0.100 0.101 0.799 
426 OmyAC20ROGR    (0)    1 :  0.634 0.169 0.196 
427 OmyAC20ROGR    (0)    1 :  0.562 0.213 0.225 
428 OmyAC20ROGR    (0)    1 :  0.126 0.087 0.787 
429 OmyAC20ROGR    (0)    1 :  0.245 0.637 0.118 
430 OmyAC20ROGR    (0)    1 :  0.436 0.314 0.250 
431 OmyAC20ROGR    (0)    1 :  0.241 0.124 0.635 
432 OmyAC20ROGR    (0)    1 :  0.096 0.074 0.829 
433 OmyAC20ROGR    (0)    1 :  0.077 0.217 0.706 
434 OmyAC20ROGR    (0)    1 :  0.328 0.159 0.513 
435 OmyAC20ROGR    (0)    1 :  0.673 0.155 0.173 
436 OmyAC20ROGR    (0)    1 :  0.642 0.134 0.224 
437 OmyAC20ROGR    (0)    1 :  0.117 0.187 0.696 
438 OmyAC20ROGR    (0)    1 :  0.258 0.215 0.527 
439 OmyAC20ROGR    (0)    1 :  0.647 0.103 0.250 
440 OmyAC20ROGR    (0)    1 :  0.215 0.133 0.651 
441 OmyAC20ROGR    (0)    1 :  0.351 0.520 0.129 
442 OmyAC20ROGR    (0)    1 :  0.423 0.295 0.282 
443 OmyAC20ROGR    (0)    1 :  0.593 0.233 0.174 
444 OmyAC20ROGR    (0)    1 :  0.429 0.136 0.435 
445 OmyAC20ROGR    (0)    1 :  0.355 0.298 0.348 
446 OmyJC18ROGR    (0)    2 :  0.196 0.345 0.458 
447 OmyJC18ROGR    (0)    2 :  0.368 0.337 0.295 
448 OmyJC18ROGR    (0)    2 :  0.486 0.230 0.284 
449 OmyJC18ROGR    (0)    2 :  0.115 0.289 0.596 
450 OmyJC18ROGR    (0)    2 :  0.192 0.152 0.656 
451 OmyJC18ROGR    (0)    2 :  0.147 0.073 0.780 
452 OmyJC18ROGR    (0)    2 :  0.360 0.187 0.453 
453 OmyJC18ROGR    (0)    2 :  0.146 0.760 0.094 
454 OmyJC18ROGR    (0)    2 :  0.138 0.114 0.749 
455 OmyJC18ROGR    (0)    2 :  0.440 0.277 0.282 
456 OmyJC18ROGR    (0)    2 :  0.106 0.081 0.813 
457 OmyJC18ROGR    (0)    2 :  0.613 0.128 0.259 
458 OmyJC18ROGR    (0)    2 :  0.181 0.516 0.303 
459 OmyJC18ROGR    (1)    2 :  0.658 0.246 0.096 
460 OmyJC18ROGR    (2)    2 :  0.345 0.288 0.367 
461 OmyJC18ROGR    (2)    2 :  0.321 0.174 0.504 
462 OmyJC18ROGR    (3)    2 :  0.221 0.358 0.421 
463 OmyJC18ROGR    (0)    2 :  0.125 0.153 0.722 
464 OmyJC18ROGR    (4)    2 :  0.638 0.262 0.100 
465 OmyJC18ROGR    (3)    2 :  0.368 0.382 0.250 
466 OmyJC18ROGR    (0)    2 :  0.425 0.241 0.334 
467 OmyJC18ROGR    (0)    2 :  0.560 0.222 0.218 
468 OmyJC18ROGR    (0)    2 :  0.212 0.468 0.321 
469 OmyJC18ROGR    (0)    2 :  0.139 0.068 0.793 
470 OmyJC18ROGR    (5)    2 :  0.189 0.225 0.585 
471 OmyJC18ROGR    (1)    2 :  0.413 0.241 0.347 
472 OmyJC18ROGR    (2)    2 :  0.559 0.192 0.249 
473 OmyJC18ROGR    (3)    2 :  0.480 0.376 0.144 
474 OmyJC18ROGR    (0)    2 :  0.116 0.750 0.133 
475 OmyJC18ROGR    (2)    2 :  0.214 0.253 0.533 
476 OmyJC18ROGR    (1)    2 :  0.647 0.200 0.153 
477 OmyJC18ROGR    (4)    2 :  0.213 0.422 0.365 
478 OmyJC18ROGR    (0)    2 :  0.445 0.352 0.203 
479 OmyJC18ROGR    (0)    2 :  0.687 0.196 0.116 
480 OmyJC18ROGR    (1)    2 :  0.371 0.330 0.299 
481 OmyJC18ROGR    (3)    2 :  0.368 0.396 0.237 
482 OmyJC18ROGR    (3)    2 :  0.319 0.579 0.102 
483 OmyJC18ROGR    (4)    2 :  0.375 0.489 0.136 
484 OmyJC18ROGR    (4)    2 :  0.436 0.371 0.193 
485 OmyJC18ROGR    (3)    2 :  0.186 0.281 0.534 
486 OmyJC18ROGR    (3)    2 :  0.230 0.243 0.527 
487 OmyJC18ROGR    (1)    2 :  0.234 0.479 0.287 
488 OmyJC18ROGR    (5)    2 :  0.537 0.276 0.186 
489 OmyJC18ROGR    (0)    2 :  0.512 0.341 0.148 
490 OmyJC18ROGR    (3)    2 :  0.502 0.236 0.263 
491 OmyJC18ROGR    (7)    2 :  0.139 0.652 0.209 
492 OmyJC18ROGR    (6)    2 :  0.134 0.767 0.099 
493 OmyJC18ROGR    (3)    2 :  0.519 0.185 0.296 
494 OmyJC18ROGR    (3)    2 :  0.135 0.101 0.764 
495 OmyJC18ROGR    (5)    2 :  0.288 0.238 0.474 
496 OmyJC18ROGR    (0)    2 :  0.430 0.314 0.256 
497 OmyJC18ROGR    (5)    2 :  0.263 0.639 0.097 
498 OmyJC18ROGR    (6)    2 :  0.476 0.212 0.312 
499 OmyJC18ROGR    (0)    2 :  0.685 0.179 0.137 
500 OmyJC18ROGR    (1)    2 :  0.236 0.587 0.177 
501 OmyJC18ROGR    (4)    2 :  0.270 0.187 0.543 
502 OmyJC18ROGR    (2)    2 :  0.232 0.392 0.376 
503 OmyJC18ROGR    (5)    2 :  0.369 0.459 0.171 
504 OmyJC18ROGR    (2)    2 :  0.320 0.275 0.405 
505 OmyJC18ROGR    (0)    2 :  0.292 0.291 0.416 
506 OmyJC18ROGR    (8)    2 :  0.258 0.542 0.200 
507 OmyJC18ROGR    (0)    2 :  0.239 0.455 0.306 
508 OmyJC18ROGR    (0)    2 :  0.239 0.435 0.327 
509 OmyJC18ROGR    (1)    2 :  0.076 0.072 0.852 
510 OmyJC18ROGR    (1)    2 :  0.501 0.240 0.258 
511 OmyJC18ROGR    (5)    2 :  0.302 0.372 0.326 
512 OmyJC18ROGR    (2)    2 :  0.115 0.159 0.726 
513 OmyJC18ROGR    (9)    2 :  0.221 0.306 0.474 
514 OmyJC18ROGR    (4)    2 :  0.198 0.310 0.493 
515 OmyJC18ROGR    (1)    2 :  0.204 0.564 0.232 
516 OmyJC18ROGR    (3)    2 :  0.477 0.221 0.302 
517 OmyJC18ROGR    (3)    2 :  0.220 0.219 0.561 
518 OmyJC18ROGR    (0)    2 :  0.248 0.541 0.211 
519 OmyJC18ROGR    (9)    2 :  0.436 0.373 0.191 
520 OmyJC18ROGR    (6)    2 :  0.437 0.259 0.304 
521 OmyJC18ROGR    (2)    2 :  0.309 0.396 0.295 
522 OmyJC18ROGR    (1)    2 :  0.535 0.209 0.256 
523 OmyJC18ROGR    (4)    2 :  0.366 0.400 0.234 
524 OmyJC18ROGR    (0)    2 :  0.620 0.161 0.219 
525 OmyJC18ROGR    (2)    2 :  0.288 0.501 0.210 
526 OmyJC18ROGR    (3)    2 :  0.223 0.539 0.238 
527 OmyJC18ROGR    (0)    2 :  0.537 0.280 0.183 
528 OmyJC18ROGR    (0)    2 :  0.449 0.394 0.157 
529 OmyJC18ROGR    (1)    2 :  0.598 0.220 0.182 
530 OmyJC18ROGR    (0)    2 :  0.380 0.480 0.141 
531 OmyJC18ROGR    (0)    2 :  0.526 0.143 0.332 
532 OmyJC18ROGR    (2)    2 :  0.439 0.444 0.117 
533 OmyJC18ROGR    (2)    2 :  0.720 0.201 0.079 
534 OmyJC18ROGR    (2)    2 :  0.435 0.348 0.216 
535 OmyJC18ROGR    (0)    2 :  0.564 0.247 0.190 
536 OmyJC18ROGR    (0)    2 :  0.491 0.358 0.151 
537 OmyJC18ROGR    (0)    2 :  0.548 0.364 0.088 
538 OmyJC18ROGR    (0)    2 :  0.528 0.278 0.194 
539 OmyJC18ROGR    (0)    2 :  0.531 0.297 0.172 
540 OmyJC18ROGR    (8)    2 :  0.142 0.653 0.205 
541 OmyJC18ROGR    (1)    2 :  0.472 0.277 0.251 
542 OmyJC18ROGR    (1)    2 :  0.184 0.395 0.421 
543 OmyJC18ROGR    (0)    2 :  0.228 0.525 0.247 
544 OmyJC18ROGR    (2)    2 :  0.466 0.358 0.176 
545 OmyJC18ROGR    (1)    2 :  0.289 0.129 0.582 
546 OmyJC18ROGR    (9)    2 :  0.533 0.359 0.108 
547 OmyJC18ROGR    (0)    2 :  0.540 0.147 0.313 
548 OmyJC18ROGR    (0)    2 :  0.233 0.384 0.383 
549 OmyJC18ROGR    (0)    2 :  0.421 0.300 0.279 
550 OmyJC18ROGR    (1)    2 :  0.224 0.168 0.608 
551 OmyJC18ROGR    (1)    2 :  0.294 0.519 0.187 
552 OmyJC18ROGR    (2)    2 :  0.509 0.186 0.306 
553 OmyJC18ROGR   (10)    2 :  0.405 0.409 0.186 
554 OmyJC18ROGR    (2)    2 :  0.371 0.462 0.166 
555 OmyJC18ROGR    (4)    2 :  0.414 0.431 0.156 
556 OmyJC18ROGR    (0)    2 :  0.321 0.420 0.260 
557 OmyJC18ROGR    (2)    2 :  0.351 0.248 0.401 
558 OmyJC18ROGR    (0)    2 :  0.386 0.137 0.476 
559 OmyJC18ROGR    (0)    2 :  0.220 0.590 0.190 
560 OmyJC18ROGR    (8)    2 :  0.318 0.381 0.300 
561 OmyJC18ROGR    (0)    2 :  0.699 0.206 0.095 
562 OmyJC18ROGR    (8)    2 :  0.307 0.388 0.306 
563 OmyJC18ROGR    (2)    2 :  0.360 0.429 0.210 
564 OmyJC18ROGR    (4)    2 :  0.459 0.299 0.242 
565 OmyJC18ROGR    (3)    2 :  0.273 0.412 0.315 
566 OmyJC18ROGR    (1)    2 :  0.315 0.340 0.345 
567 OmyJC18ROGR    (0)    2 :  0.313 0.487 0.200 
568 OmyJC18ROGR    (5)    2 :  0.362 0.290 0.348 
569 OmyJC18ROGR    (2)    2 :  0.169 0.709 0.122 
570 OmyJC18ROGR    (0)    2 :  0.550 0.251 0.199 
571 OmyJC18ROGR    (2)    2 :  0.600 0.200 0.200 
572 OmyJC18ROGR    (6)    2 :  0.325 0.483 0.192 
573 OmyJC18ROGR    (5)    2 :  0.238 0.213 0.549 
574 OmyJC18ROGR    (8)    2 :  0.447 0.215 0.338 
575 OmyJC18ROGR    (3)    2 :  0.452 0.422 0.126 
576 OmyJC18ROGR    (0)    2 :  0.186 0.531 0.283 
577 OmyJC18ROGR    (0)    2 :  0.109 0.069 0.822 
578 OmyJC18ROGR    (1)    2 :  0.538 0.279 0.183 
579 OmyJC18ROGR    (0)    2 :  0.265 0.087 0.648 
580 OmyJC18ROGR    (0)    2 :  0.372 0.506 0.122 
581 OmyJC18ROGR    (6)    2 :  0.294 0.506 0.201 
582 OmyJC18ROGR    (7)    2 :  0.528 0.342 0.130 
583 OmyJC18ROGR    (3)    2 :  0.433 0.390 0.177 
584 OmyJC18ROGR    (5)    2 :  0.431 0.379 0.191 
585 OmyJC18ROGR    (1)    2 :  0.527 0.177 0.296 
586 OmyJC18ROGR    (2)    2 :  0.508 0.393 0.099 
587 OmyJC18ROGR    (0)    2 :  0.064 0.059 0.877 
588 OmyJC18ROGR    (0)    2 :  0.307 0.297 0.396 
589 OmyJC18ROGR    (1)    2 :  0.245 0.521 0.233 
590 OmyJC18ROGR    (2)    2 :  0.735 0.204 0.062 
591 OmyJC18ROGR    (0)    2 :  0.481 0.346 0.173 
592 OmyJC18ROGR    (4)    2 :  0.428 0.371 0.201 
593 OmyJC18ROGR    (0)    2 :  0.369 0.298 0.333 
594 OmyJC18ROGR    (1)    2 :  0.625 0.221 0.154 
595 OmyJC18ROGR    (0)    2 :  0.169 0.466 0.364 
596 OmyJC18ROGR    (0)    2 :  0.383 0.356 0.261 
597 OmyJC18ROGR    (0)    2 :  0.232 0.476 0.291 
598 OmyJC18ROGR    (0)    2 :  0.409 0.407 0.184 
599 OmyJC18ROGR    (0)    2 :  0.456 0.223 0.321 
600 OmyJC18ROGR    (0)    2 :  0.483 0.283 0.234 
601 OmyJC18ROGR    (0)    2 :  0.284 0.622 0.094 
602 OmyJC18ROGR    (0)    2 :  0.243 0.367 0.390 
603 OmyJC18ROGR    (0)    2 :  0.496 0.360 0.144 
604 OmyJC18ROGR    (0)    2 :  0.554 0.300 0.145 
605 OmyJC18ROGR    (0)    2 :  0.374 0.459 0.167 
606 OmyJC18ROGR    (0)    2 :  0.376 0.317 0.307 
607 OmyJC18ROGR    (0)    2 :  0.679 0.157 0.164 
608 OmyJC18ROGR    (0)    2 :  0.617 0.253 0.129 
609 OmyJC18ROGR    (0)    2 :  0.161 0.672 0.167 
610 OmyJC18ROGR    (6)    2 :  0.186 0.096 0.718 
611 OmyJC18ROGR    (0)    2 :  0.266 0.321 0.413 
612 OmyJC18ROGR    (3)    2 :  0.449 0.248 0.303 
613 OmyJC18ROGR    (0)    2 :  0.408 0.323 0.269 
614 OmyJC18ROGR    (0)    2 :  0.258 0.311 0.431 
615 OmyJC18ROGR    (0)    2 :  0.752 0.157 0.091 
616 OmyJC18ROGR    (0)    2 :  0.102 0.721 0.177 
617 OmyJC18ROGR    (0)    2 :  0.415 0.321 0.264 
618 OmyJC18ROGR    (0)    2 :  0.542 0.116 0.341 
619 OmyJC18ROGR    (0)    2 :  0.442 0.401 0.157 
620 OmyJC18ROGR    (0)    2 :  0.110 0.487 0.404 
621 OmyJC18ROGR    (2)    2 :  0.184 0.611 0.205 
622 OmyJC18ROGR    (3)    2 :  0.231 0.485 0.285 
623 OmyJC18ROGR    (1)    2 :  0.592 0.133 0.275 
624 OmyJC18ROGR    (2)    2 :  0.328 0.408 0.264 
625 OmyJC18ROGR    (1)    2 :  0.385 0.212 0.402 
626 OmyJC18ROGR    (9)    2 :  0.329 0.547 0.124 
627 OmyJC18ROGR    (0)    2 :  0.377 0.311 0.312 
628 OmyJC18ROGR    (0)    2 :  0.057 0.068 0.875 
629 OmyJC18ROGR    (2)    2 :  0.366 0.271 0.362 
630 OmyJC18ROGR    (1)    2 :  0.144 0.762 0.094 
631 OmyJC18ROGR    (4)    2 :  0.662 0.237 0.101 
632 OmyJC18ROGR    (0)    2 :  0.181 0.626 0.193 
633 OmyJC18ROGR    (7)    2 :  0.303 0.515 0.182 
634 OmyJC18ROGR    (2)    2 :  0.375 0.158 0.466 
635 OmyJC18ROGR    (0)    2 :  0.183 0.714 0.103 
636 OmyJC18ROGR    (0)    2 :  0.135 0.519 0.347 
637 OmyJC18ROGR    (0)    2 :  0.466 0.203 0.331 
638 OmyJC18ROGR    (0)    2 :  0.140 0.685 0.175 
639 OmyJC18ROGR    (1)    2 :  0.367 0.352 0.282 
640 OmyJC18ROGR    (2)    2 :  0.364 0.129 0.507 
641 OmyJC18ROGR    (1)    2 :  0.578 0.184 0.238 
642 OmyJC18ROGR    (3)    2 :  0.479 0.139 0.382 
643 OmyJC18ROGR    (1)    2 :  0.344 0.468 0.188 
644 OmyJC18ROGR   (10)    2 :  0.704 0.202 0.095 
645 OmyJC18ROGR    (6)    2 :  0.454 0.213 0.333 
646 OmyJC18ROGR    (0)    2 :  0.413 0.430 0.157 
647 OmyJC18ROGR    (2)    2 :  0.489 0.178 0.333 
648 OmyJC18ROGR    (0)    2 :  0.313 0.586 0.101 
649 OmyJC18ROGR    (0)    2 :  0.664 0.178 0.158 
650 OmyJC18ROGR    (1)    2 :  0.412 0.472 0.116 
651 OmyJC18ROGR    (6)    2 :  0.100 0.124 0.776 
652 OmyJC18ROGR    (1)    2 :  0.400 0.271 0.329 
653 OmyJC18ROGR    (4)    2 :  0.300 0.507 0.193 
654 OmyJC18ROGR    (1)    2 :  0.323 0.417 0.260 
655 OmyJC18ROGR    (4)    2 :  0.342 0.175 0.483 
656 OmyJC18ROGR    (0)    2 :  0.651 0.199 0.150 
657 OmyJC18ROGR    (0)    2 :  0.561 0.223 0.216 
658 OmyJC18ROGR    (0)    2 :  0.254 0.610 0.136 
659 OmyJC18ROGR    (7)    2 :  0.705 0.226 0.069 
660 OmyJC18ROGR    (4)    2 :  0.546 0.209 0.245 
661 OmyJC18ROGR    (3)    2 :  0.612 0.277 0.111 
662 OmyJC18ROGR    (2)    2 :  0.676 0.158 0.167 
663 OmyJC18ROGR    (2)    2 :  0.223 0.338 0.439 
664 OmyJC18ROGR    (0)    2 :  0.271 0.623 0.106 
665 OmyJC18ROGR    (1)    2 :  0.481 0.229 0.290 
666 OmyJC18ROGR    (0)    2 :  0.117 0.138 0.745 
667 OmyJC18ROGR    (0)    2 :  0.271 0.199 0.530 
668 OmyJC18ROGR    (1)    2 :  0.324 0.277 0.399 
669 OmyJC18ROGR    (5)    2 :  0.466 0.208 0.326 
670 OmyJC18ROGR   (10)    2 :  0.633 0.255 0.112 
671 OmyJC18ROGR    (3)    2 :  0.588 0.239 0.172 
672 OmyJC18ROGR    (0)    2 :  0.449 0.457 0.094 
673 OmyJC18ROGR    (6)    2 :  0.109 0.747 0.144 
674 OmyJC18ROGR    (0)    2 :  0.367 0.419 0.214 
675 OmyJC18ROGR    (0)    2 :  0.266 0.635 0.099 
676 OmyJC18ROGR    (1)    2 :  0.531 0.288 0.181 
677 OmyJC18ROGR    (4)    2 :  0.408 0.152 0.440 
678 OmyJC18ROGR    (9)    2 :  0.399 0.275 0.326 
679 OmyJC18ROGR    (1)    2 :  0.362 0.288 0.350 
680 OmyJC18ROGR    (1)    2 :  0.419 0.303 0.278 
681 OmyJC18ROGR    (1)    2 :  0.136 0.361 0.503 
682 OmyJC18ROGR    (2)    2 :  0.146 0.245 0.609 
683 OmyJC18ROGR    (0)    2 :  0.684 0.110 0.206 
684 OmyJC18ROGR    (0)    2 :  0.367 0.394 0.239 
685 OmyJC18ROGR    (0)    2 :  0.315 0.467 0.218 
686 OmyJC18ROGR    (0)    2 :  0.136 0.756 0.108 
687 OmyJC18ROGR    (4)    2 :  0.378 0.471 0.151 
688 OmyJC18ROGR    (2)    2 :  0.239 0.271 0.490 
689 OmyJC18ROGR    (2)    2 :  0.107 0.366 0.527 
690 OmyJC18ROGR    (6)    2 :  0.375 0.212 0.413 
691 OmyJC18ROGR    (7)    2 :  0.264 0.372 0.363 
692 OmyJC18ROGR    (0)    2 :  0.340 0.293 0.367 
693 OmyJC18ROGR    (3)    2 :  0.127 0.768 0.105 
694 OmyJC18ROGR    (0)    2 :  0.200 0.703 0.097 
695 OmyJC18ROGR    (0)    2 :  0.433 0.213 0.354 
696 OmyJC18ROGR    (0)    2 :  0.435 0.394 0.171 
697 OmyJC18ROGR    (3)    2 :  0.419 0.385 0.196 
698 OmyJC18ROGR    (0)    2 :  0.491 0.430 0.079 
699 OmyJC18ROGR    (0)    2 :  0.514 0.169 0.317 
700 OmyJC18ROGR    (0)    2 :  0.646 0.157 0.197 
701 OmyJC18ROGR    (0)    2 :  0.260 0.555 0.185 
702 OmyJC18ROGR    (1)    2 :  0.188 0.300 0.512 
703 OmyJC18ROGR    (0)    2 :  0.304 0.216 0.480 
704 OmyJC18ROGR    (0)    2 :  0.096 0.336 0.568 
705 OmyJC18ROGR    (0)    2 :  0.486 0.297 0.217 
706 OmyJC18ROGR    (0)    2 :  0.112 0.559 0.328 
707 OmyJC18ROGR    (2)    2 :  0.196 0.552 0.251 
708 OmyJC18ROGR    (1)    2 :  0.485 0.214 0.301 
709 OmyJC18ROGR    (0)    2 :  0.144 0.487 0.369 
710 OmyJC18ROGR    (0)    2 :  0.578 0.179 0.243 
711 OmyJC18ROGR    (0)    2 :  0.366 0.247 0.387 
712 OmyJC18ROGR    (1)    2 :  0.607 0.252 0.141 
713 OmyJC18ROGR    (0)    2 :  0.163 0.617 0.219 
714 OmyJC18ROGR    (0)    2 :  0.573 0.165 0.262 
715 OmyJC18ROGR    (0)    2 :  0.604 0.199 0.197 
716 OmyJC18ROGR    (0)    2 :  0.272 0.173 0.555 
717 OmyJC18ROGR    (2)    2 :  0.151 0.673 0.177 
718 OmyJC18ROGR    (1)    2 :  0.544 0.338 0.118 
719 OmyJC18ROGR    (9)    2 :  0.465 0.432 0.104 
720 OmyJC18ROGR    (4)    2 :  0.519 0.256 0.225 
721 OmyJC18ROGR    (2)    2 :  0.137 0.703 0.160 
722 OmyJC18ROGR    (0)    2 :  0.130 0.713 0.157 
723 OmyJC18ROGR    (0)    2 :  0.130 0.698 0.171 
724 OmyJC18ROGR    (0)    2 :  0.254 0.186 0.560 
725 OmyJC18ROGR    (0)    2 :  0.652 0.187 0.161 
726 OmyJC18ROGR    (0)    2 :  0.549 0.148 0.303 
727 OmyJC18ROGR    (1)    2 :  0.148 0.511 0.341 
728 OmyJC18ROGR    (1)    2 :  0.317 0.159 0.524 
729 OmyJC18ROGR    (1)    2 :  0.655 0.207 0.138 
730 OmyJC18ROGR    (0)    2 :  0.212 0.422 0.366 
731 OmyJC18ROGR    (2)    2 :  0.147 0.133 0.720 
732 OmyJC18ROGR    (1)    2 :  0.233 0.382 0.386 
733 OmyJC18ROGR    (0)    2 :  0.130 0.755 0.115 
734 OmyJC18ROGR    (0)    2 :  0.742 0.152 0.106 
735 OmyJC18ROGR    (0)    2 :  0.462 0.379 0.160 
736 OmyJC18ROGR    (0)    2 :  0.515 0.239 0.247 
737 OmyJC18ROGR    (0)    2 :  0.176 0.449 0.376 
738 OmyJC18ROGR    (0)    2 :  0.290 0.263 0.447 
739 OmyJC18ROGR    (0)    2 :  0.342 0.237 0.421 
740 OmyJC18ROGR    (0)    2 :  0.643 0.252 0.105 
741 OmyJC18ROGR    (0)    2 :  0.238 0.417 0.345 
742 OmyJC18ROGR    (0)    2 :  0.646 0.209 0.145 
743 OmyJC18ROGR    (0)    2 :  0.644 0.200 0.156 
744 OmyJC18ROGR    (0)    2 :  0.499 0.370 0.131 
745 OmyJC18ROGR    (0)    2 :  0.310 0.564 0.126 
746 OmyJC18ROGR    (0)    2 :  0.281 0.217 0.502 
747 OmyJC18ROGR    (0)    2 :  0.151 0.092 0.758 
748 OmyJC18ROGR    (2)    2 :  0.355 0.269 0.375 
749 OmyJC18ROGR    (7)    2 :  0.225 0.489 0.286 
750 OmyJC18ROGR    (2)    2 :  0.501 0.221 0.278 
751 OmyJC18ROGR    (0)    2 :  0.553 0.120 0.327 
752 OmyJC18ROGR    (5)    2 :  0.182 0.723 0.095 
753 OmyJC18ROGR    (0)    2 :  0.603 0.306 0.091 
754 OmyJC18ROGR    (0)    2 :  0.374 0.495 0.131 
755 OmyJC18ROGR    (0)    2 :  0.133 0.767 0.099 
756 OmyJC18ROGR    (0)    2 :  0.183 0.428 0.388 
757 OmyJC18ROGR    (0)    2 :  0.322 0.374 0.303 
758 OmyJC18ROGR    (1)    2 :  0.540 0.200 0.260 
759 OmyJC18ROGR    (0)    2 :  0.202 0.419 0.379 
760 OmyJC18ROGR    (0)    2 :  0.292 0.229 0.479 
761 OmyJC18ROGR    (0)    2 :  0.669 0.269 0.061 
762 OmyJC18ROGR    (0)    2 :  0.170 0.751 0.079 
