

----------------------------------------------------
STRUCTURE by Pritchard, Stephens and Donnelly (2000)
     and Falush, Stephens and Pritchard (2003)
       Code by Pritchard, Falush and Hubisz
             Version 2.3.4 (Jul 2012)
----------------------------------------------------



Command line arguments:   bin/structure -m "/Users/ddayan/FRA/half_pounder_2023/structure/halfpounder/10k_20k_adm_corr/mainparams" -e "/Users/ddayan/FRA/half_pounder_2023/structure/halfpounder/10k_20k_adm_corr/extraparams" 
Input File:    /Users/ddayan/FRA/half_pounder_2023/structure/halfpounder/project_data

Run parameters:
   1000 individuals
   233 loci
   5 populations assumed
   10000 Burn-in period
   20000 Reps


--------------------------------------------
Proportion of membership of each pre-defined
 population in each of the 5 clusters

Given    Inferred Clusters                     Number of
 Pop       1      2      3      4      5      Individuals

  1:     0.208  0.166  0.208  0.208  0.211      275
  2:     0.201  0.207  0.195  0.203  0.194      643
  3:     0.150  0.364  0.058  0.178  0.250       42
  4:     0.251  0.235  0.056  0.221  0.236       40
--------------------------------------------

Allele-freq. divergence among pops (Net nucleotide distance),
computed using point estimates of P.

      1       2       3       4       5      
 1      -    0.0035  0.0090  0.0007  0.0013  
 2   0.0035     -    0.0129  0.0036  0.0040  
 3   0.0090  0.0129     -    0.0093  0.0103  
 4   0.0007  0.0036  0.0093     -    0.0012  
 5   0.0013  0.0040  0.0103  0.0012     -    

Average distances (expected heterozygosity) between individuals in same cluster:
cluster  1  : 0.3148 
cluster  2  : 0.3057 
cluster  3  : 0.2814 
cluster  4  : 0.3129 
cluster  5  : 0.3095 

--------------------------------------------
Estimated Ln Prob of Data   = -217597.2
Mean value of ln likelihood = -214736.7
Variance of ln likelihood   = 5721.0
Mean value of alpha         = 0.2248

Mean value of Fst_1         = 0.0105
Mean value of Fst_2         = 0.0272
Mean value of Fst_3         = 0.0744
Mean value of Fst_4         = 0.0127
Mean value of Fst_5         = 0.0169


Inferred ancestry of individuals:
        Label (%Miss) Pop:  Inferred clusters
  1 OmyAC19ROGR    (0)    1 :  0.278 0.136 0.029 0.337 0.220 
  2 OmyAC19ROGR    (0)    1 :  0.248 0.052 0.100 0.360 0.241 
  3 OmyAC19ROGR    (0)    1 :  0.293 0.201 0.058 0.276 0.173 
  4 OmyAC19ROGR    (0)    1 :  0.135 0.052 0.024 0.259 0.529 
  5 OmyAC19ROGR    (1)    1 :  0.032 0.031 0.887 0.029 0.021 
  6 OmyAC19ROGR    (0)    1 :  0.092 0.283 0.351 0.129 0.145 
  7 OmyAC19ROGR    (0)    1 :  0.281 0.251 0.244 0.148 0.076 
  8 OmyAC19ROGR    (0)    1 :  0.173 0.622 0.021 0.112 0.073 
  9 OmyAC19ROGR    (0)    1 :  0.112 0.101 0.405 0.240 0.142 
 10 OmyAC19ROGR    (0)    1 :  0.214 0.061 0.342 0.237 0.146 
 11 OmyAC19ROGR    (0)    1 :  0.120 0.535 0.061 0.118 0.167 
 12 OmyAC19ROGR    (0)    1 :  0.209 0.091 0.202 0.383 0.115 
 13 OmyAC19ROGR    (0)    1 :  0.409 0.316 0.029 0.110 0.137 
 14 OmyAC19ROGR    (0)    1 :  0.455 0.190 0.146 0.097 0.112 
 15 OmyAC19ROGR    (0)    1 :  0.291 0.071 0.402 0.129 0.107 
 16 OmyAC19ROGR    (0)    1 :  0.253 0.320 0.077 0.135 0.216 
 17 OmyAC19ROGR    (0)    1 :  0.369 0.034 0.139 0.155 0.303 
 18 OmyAC19ROGR    (3)    1 :  0.172 0.130 0.018 0.558 0.123 
 19 OmyAC19ROGR    (0)    1 :  0.075 0.745 0.045 0.085 0.050 
 20 OmyAC19ROGR    (0)    1 :  0.199 0.038 0.301 0.208 0.255 
 21 OmyAC19ROGR    (0)    1 :  0.194 0.072 0.297 0.232 0.204 
 22 OmyAC19ROGR    (0)    1 :  0.171 0.452 0.070 0.181 0.127 
 23 OmyAC19ROGR    (0)    1 :  0.280 0.144 0.305 0.198 0.072 
 24 OmyAC19ROGR    (1)    1 :  0.096 0.148 0.037 0.423 0.297 
 25 OmyAC19ROGR    (0)    1 :  0.217 0.176 0.456 0.091 0.060 
 26 OmyAC19ROGR    (0)    1 :  0.184 0.309 0.102 0.289 0.116 
 27 OmyAC19ROGR    (2)    1 :  0.344 0.289 0.054 0.231 0.082 
 28 OmyAC19ROGR    (0)    1 :  0.180 0.103 0.056 0.205 0.456 
 29 OmyAC19ROGR    (0)    1 :  0.267 0.065 0.073 0.419 0.175 
 30 OmyAC19ROGR    (0)    1 :  0.093 0.128 0.435 0.259 0.085 
 31 OmyAC19ROGR    (0)    1 :  0.155 0.263 0.065 0.254 0.263 
 32 OmyAC19ROGR    (0)    1 :  0.230 0.073 0.147 0.293 0.257 
 33 OmyAC19ROGR    (0)    1 :  0.113 0.077 0.078 0.211 0.521 
 34 OmyAC19ROGR    (0)    1 :  0.169 0.097 0.463 0.115 0.156 
 35 OmyAC19ROGR    (0)    1 :  0.160 0.074 0.071 0.340 0.355 
 36 OmyAC19ROGR    (0)    1 :  0.159 0.566 0.055 0.150 0.070 
 37 OmyAC19ROGR    (0)    1 :  0.066 0.582 0.199 0.068 0.085 
 38 OmyAC19ROGR    (0)    1 :  0.152 0.145 0.546 0.095 0.062 
 39 OmyAC19ROGR    (0)    1 :  0.276 0.040 0.062 0.499 0.122 
 40 OmyAC19ROGR    (0)    1 :  0.166 0.071 0.410 0.175 0.178 
 41 OmyAC19ROGR    (0)    1 :  0.223 0.097 0.046 0.388 0.245 
 42 OmyAC19ROGR    (0)    1 :  0.060 0.058 0.759 0.054 0.069 
 43 OmyAC19ROGR    (0)    1 :  0.271 0.042 0.046 0.539 0.102 
 44 OmyAC19ROGR    (8)    1 :  0.190 0.147 0.042 0.268 0.353 
 45 OmyAC19ROGR    (2)    1 :  0.087 0.205 0.418 0.112 0.178 
 46 OmyAC19ROGR    (0)    1 :  0.096 0.147 0.080 0.087 0.590 
 47 OmyAC19ROGR    (0)    1 :  0.073 0.576 0.033 0.123 0.195 
 48 OmyAC19ROGR    (0)    1 :  0.324 0.177 0.034 0.290 0.175 
 49 OmyAC19ROGR    (0)    1 :  0.354 0.245 0.040 0.129 0.233 
 50 OmyAC19ROGR    (0)    1 :  0.434 0.030 0.031 0.323 0.182 
 51 OmyAC19ROGR    (2)    1 :  0.049 0.059 0.771 0.065 0.056 
 52 OmyAC19ROGR    (0)    1 :  0.049 0.048 0.801 0.061 0.042 
 53 OmyAC19ROGR    (1)    1 :  0.191 0.393 0.033 0.140 0.243 
 54 OmyAC19ROGR    (0)    1 :  0.197 0.113 0.076 0.247 0.367 
 55 OmyAC19ROGR    (4)    1 :  0.223 0.289 0.058 0.293 0.137 
 56 OmyAC19ROGR    (0)    1 :  0.146 0.369 0.179 0.105 0.201 
 57 OmyAC19ROGR    (0)    1 :  0.052 0.840 0.022 0.042 0.044 
 58 OmyAC19ROGR    (0)    1 :  0.089 0.291 0.538 0.043 0.039 
 59 OmyAC19ROGR    (0)    1 :  0.132 0.537 0.036 0.184 0.110 
 60 OmyAC19ROGR    (0)    1 :  0.149 0.551 0.105 0.101 0.094 
 61 OmyAC19ROGR    (0)    1 :  0.545 0.067 0.058 0.168 0.162 
 62 OmyAC19ROGR    (0)    1 :  0.360 0.220 0.067 0.257 0.096 
 63 OmyAC19ROGR    (0)    1 :  0.277 0.196 0.165 0.105 0.257 
 64 OmyAC19ROGR    (2)    1 :  0.161 0.067 0.072 0.153 0.547 
 65 OmyAC19ROGR    (0)    1 :  0.221 0.276 0.043 0.282 0.178 
 66 OmyAC19ROGR    (5)    1 :  0.410 0.156 0.216 0.113 0.105 
 67 OmyAC19ROGR    (0)    1 :  0.088 0.644 0.032 0.064 0.172 
 68 OmyAC19ROGR    (1)    1 :  0.172 0.171 0.163 0.350 0.144 
 69 OmyAC19ROGR    (3)    1 :  0.204 0.343 0.154 0.165 0.134 
 70 OmyAC19ROGR    (0)    1 :  0.276 0.068 0.039 0.367 0.250 
 71 OmyAC19ROGR    (0)    1 :  0.330 0.291 0.059 0.120 0.201 
 72 OmyAC19ROGR    (5)    1 :  0.387 0.177 0.039 0.249 0.148 
 73 OmyAC19ROGR    (0)    1 :  0.318 0.071 0.151 0.293 0.167 
 74 OmyAC19ROGR    (0)    1 :  0.220 0.056 0.072 0.436 0.216 
 75 OmyAC19ROGR    (0)    1 :  0.196 0.081 0.128 0.161 0.434 
 76 OmyAC19ROGR    (0)    1 :  0.107 0.114 0.047 0.316 0.416 
 77 OmyAC19ROGR    (1)    1 :  0.018 0.016 0.925 0.023 0.019 
 78 OmyAC19ROGR    (0)    1 :  0.332 0.051 0.038 0.407 0.172 
 79 OmyAC19ROGR    (3)    1 :  0.190 0.075 0.066 0.346 0.323 
 80 OmyAC19ROGR    (0)    1 :  0.068 0.054 0.775 0.044 0.060 
 81 OmyAC19ROGR    (3)    1 :  0.230 0.128 0.290 0.191 0.161 
 82 OmyAC19ROGR    (1)    1 :  0.087 0.726 0.016 0.074 0.097 
 83 OmyAC19ROGR    (0)    1 :  0.233 0.128 0.044 0.258 0.338 
 84 OmyAC19ROGR    (0)    1 :  0.109 0.325 0.075 0.221 0.269 
 85 OmyAC19ROGR    (7)    1 :  0.263 0.115 0.053 0.346 0.223 
 86 OmyAC19ROGR    (0)    1 :  0.448 0.079 0.076 0.171 0.227 
 87 OmyAC19ROGR    (0)    1 :  0.076 0.111 0.042 0.199 0.571 
 88 OmyJC19ROGR    (0)    2 :  0.056 0.029 0.817 0.054 0.044 
 89 OmyJC19ROGR    (0)    2 :  0.212 0.311 0.051 0.344 0.082 
 90 OmyJC19ROGR    (0)    2 :  0.036 0.020 0.870 0.029 0.045 
 91 OmyJC19ROGR    (0)    2 :  0.260 0.423 0.016 0.139 0.162 
 92 OmyJC19ROGR    (0)    2 :  0.299 0.088 0.055 0.258 0.299 
 93 OmyJC19ROGR    (0)    2 :  0.116 0.099 0.049 0.464 0.272 
 94 OmyJC19ROGR    (0)    2 :  0.216 0.046 0.098 0.305 0.336 
 95 OmyJC19ROGR    (0)    2 :  0.159 0.108 0.155 0.329 0.249 
 96 OmyJC19ROGR    (0)    2 :  0.455 0.094 0.165 0.120 0.166 
 97 OmyJC19ROGR    (0)    2 :  0.130 0.119 0.294 0.239 0.218 
 98 OmyJC19ROGR    (0)    2 :  0.127 0.252 0.049 0.232 0.341 
 99 OmyJC19ROGR    (0)    2 :  0.101 0.238 0.054 0.124 0.482 
100 OmyJC19ROGR    (0)    2 :  0.193 0.195 0.034 0.515 0.063 
101 OmyJC19ROGR    (1)    2 :  0.113 0.126 0.508 0.182 0.071 
102 OmyJC19ROGR    (0)    2 :  0.182 0.244 0.088 0.136 0.350 
103 OmyJC19ROGR    (0)    2 :  0.243 0.099 0.278 0.224 0.155 
104 OmyJC19ROGR    (0)    2 :  0.148 0.465 0.029 0.254 0.103 
105 OmyJC19ROGR    (0)    2 :  0.110 0.128 0.234 0.124 0.403 
106 OmyJC19ROGR    (0)    2 :  0.037 0.028 0.858 0.040 0.037 
107 OmyJC19ROGR    (0)    2 :  0.062 0.580 0.192 0.076 0.090 
108 OmyJC19ROGR    (0)    2 :  0.235 0.064 0.053 0.150 0.497 
109 OmyJC19ROGR    (0)    2 :  0.337 0.192 0.118 0.285 0.069 
110 OmyJC19ROGR    (0)    2 :  0.092 0.123 0.542 0.098 0.146 
111 OmyJC19ROGR    (0)    2 :  0.105 0.660 0.048 0.064 0.124 
112 OmyJC19ROGR    (2)    2 :  0.227 0.218 0.178 0.266 0.110 
113 OmyJC19ROGR    (0)    2 :  0.183 0.062 0.498 0.181 0.075 
114 OmyJC19ROGR    (5)    2 :  0.179 0.067 0.044 0.611 0.098 
115 OmyJC19ROGR    (0)    2 :  0.207 0.050 0.032 0.337 0.374 
116 OmyJC19ROGR    (0)    2 :  0.256 0.066 0.091 0.368 0.219 
117 OmyJC19ROGR    (0)    2 :  0.328 0.168 0.110 0.158 0.237 
118 OmyJC19ROGR    (0)    2 :  0.137 0.116 0.026 0.189 0.532 
119 OmyJC19ROGR    (2)    2 :  0.197 0.091 0.037 0.264 0.410 
120 OmyJC19ROGR    (0)    2 :  0.117 0.627 0.033 0.153 0.070 
121 OmyJC19ROGR    (0)    2 :  0.143 0.520 0.027 0.134 0.176 
122 OmyJC19ROGR    (0)    2 :  0.236 0.171 0.068 0.358 0.167 
123 OmyJC19ROGR    (1)    2 :  0.141 0.141 0.023 0.244 0.451 
124 OmyJC19ROGR    (0)    2 :  0.167 0.055 0.196 0.292 0.291 
125 OmyJC19ROGR    (0)    2 :  0.232 0.087 0.088 0.441 0.152 
126 OmyJC19ROGR    (0)    2 :  0.074 0.041 0.746 0.073 0.066 
127 OmyJC19ROGR    (0)    2 :  0.231 0.364 0.035 0.155 0.215 
128 OmyJC19ROGR    (1)    2 :  0.225 0.183 0.036 0.283 0.274 
129 OmyJC19ROGR    (0)    2 :  0.354 0.067 0.233 0.198 0.148 
130 OmyJC19ROGR    (2)    2 :  0.427 0.052 0.103 0.321 0.097 
131 OmyJC19ROGR    (0)    2 :  0.164 0.426 0.061 0.237 0.111 
132 OmyJC19ROGR    (0)    2 :  0.082 0.141 0.070 0.249 0.458 
133 OmyJC19ROGR    (0)    2 :  0.157 0.081 0.025 0.229 0.508 
134 OmyJC19ROGR    (0)    2 :  0.266 0.184 0.051 0.148 0.351 
135 OmyJC19ROGR    (0)    2 :  0.084 0.646 0.060 0.120 0.090 
136 OmyJC19ROGR    (4)    2 :  0.164 0.107 0.085 0.269 0.376 
137 OmyJC19ROGR    (0)    2 :  0.312 0.227 0.171 0.203 0.088 
138 OmyJC19ROGR    (0)    2 :  0.052 0.160 0.663 0.068 0.057 
139 OmyJC19ROGR    (3)    2 :  0.382 0.243 0.030 0.252 0.094 
140 OmyJC19ROGR    (1)    2 :  0.514 0.072 0.090 0.231 0.092 
141 OmyJC19ROGR    (0)    2 :  0.308 0.096 0.134 0.354 0.108 
142 OmyJC19ROGR    (0)    2 :  0.121 0.156 0.458 0.147 0.119 
143 OmyJC19ROGR    (0)    2 :  0.185 0.073 0.114 0.298 0.330 
144 OmyJC19ROGR    (0)    2 :  0.383 0.368 0.022 0.160 0.068 
145 OmyJC19ROGR    (0)    2 :  0.334 0.125 0.032 0.377 0.132 
146 OmyJC19ROGR    (1)    2 :  0.319 0.261 0.089 0.146 0.184 
147 OmyJC19ROGR    (0)    2 :  0.096 0.516 0.189 0.069 0.130 
148 OmyJC19ROGR    (0)    2 :  0.109 0.614 0.053 0.080 0.144 
149 OmyJC19ROGR    (0)    2 :  0.187 0.171 0.041 0.103 0.498 
150 OmyJC19ROGR    (1)    2 :  0.094 0.070 0.058 0.265 0.512 
151 OmyJC19ROGR    (0)    2 :  0.492 0.049 0.104 0.211 0.143 
152 OmyJC19ROGR    (0)    2 :  0.091 0.448 0.035 0.089 0.337 
153 OmyJC19ROGR    (0)    2 :  0.096 0.447 0.063 0.083 0.311 
154 OmyJC19ROGR    (0)    2 :  0.241 0.276 0.084 0.206 0.194 
155 OmyJC19ROGR    (0)    2 :  0.628 0.057 0.048 0.143 0.124 
156 OmyJC19ROGR    (0)    2 :  0.133 0.198 0.087 0.356 0.227 
157 OmyJC19ROGR    (0)    2 :  0.241 0.093 0.220 0.309 0.138 
158 OmyJC19ROGR    (0)    2 :  0.091 0.225 0.017 0.085 0.581 
159 OmyJC19ROGR    (0)    2 :  0.159 0.116 0.036 0.351 0.338 
160 OmyJC19ROGR    (0)    2 :  0.227 0.160 0.088 0.360 0.164 
161 OmyJC19ROGR    (1)    2 :  0.071 0.703 0.025 0.112 0.088 
162 OmyJC19ROGR    (0)    2 :  0.144 0.284 0.233 0.143 0.196 
163 OmyJC19ROGR    (0)    2 :  0.091 0.470 0.091 0.202 0.146 
164 OmyJC19ROGR    (0)    2 :  0.357 0.250 0.019 0.246 0.128 
165 OmyJC19ROGR    (0)    2 :  0.230 0.203 0.024 0.165 0.379 
166 OmyJC19ROGR    (0)    2 :  0.291 0.084 0.066 0.297 0.262 
167 OmyJC19ROGR    (0)    2 :  0.114 0.251 0.105 0.377 0.152 
168 OmyJC19ROGR    (0)    2 :  0.211 0.156 0.096 0.325 0.211 
169 OmyJC19ROGR    (0)    2 :  0.035 0.022 0.885 0.033 0.025 
170 OmyJC19ROGR    (0)    2 :  0.333 0.101 0.083 0.201 0.281 
171 OmyJC19ROGR    (0)    2 :  0.234 0.160 0.041 0.327 0.238 
172 OmyJC19ROGR    (0)    2 :  0.205 0.294 0.260 0.134 0.107 
173 OmyJC19ROGR    (0)    2 :  0.042 0.034 0.826 0.049 0.048 
174 OmyJC19ROGR    (0)    2 :  0.282 0.080 0.033 0.503 0.102 
175 OmyJC19ROGR    (0)    2 :  0.246 0.072 0.030 0.242 0.409 
176 OmyJC19ROGR    (0)    2 :  0.223 0.318 0.205 0.140 0.115 
177 OmyJC19ROGR    (0)    2 :  0.042 0.725 0.019 0.078 0.135 
178 OmyJC19ROGR    (0)    2 :  0.412 0.136 0.046 0.293 0.113 
179 OmyJC19ROGR    (0)    2 :  0.315 0.086 0.043 0.336 0.219 
180 OmyJC19ROGR    (0)    2 :  0.037 0.048 0.818 0.041 0.056 
181 OmyJC19ROGR    (0)    2 :  0.187 0.074 0.070 0.401 0.268 
182 OmyJC19ROGR    (0)    2 :  0.317 0.371 0.072 0.165 0.076 
183 OmyJC19ROGR    (0)    2 :  0.247 0.263 0.048 0.212 0.231 
184 OmyJC19ROGR    (0)    2 :  0.067 0.071 0.700 0.048 0.113 
185 OmyJC19ROGR    (0)    2 :  0.453 0.086 0.021 0.381 0.059 
186 OmyJC19ROGR    (0)    2 :  0.163 0.181 0.320 0.199 0.137 
187 OmyJC19ROGR    (0)    2 :  0.220 0.046 0.047 0.239 0.448 
188 OmyJC19ROGR    (0)    2 :  0.366 0.172 0.045 0.190 0.227 
189 OmyJC19ROGR    (0)    2 :  0.120 0.124 0.263 0.258 0.235 
190 OmyJC19ROGR    (0)    2 :  0.105 0.425 0.088 0.107 0.275 
191 OmyJC19ROGR    (0)    2 :  0.119 0.111 0.061 0.277 0.431 
192 OmyJC19ROGR    (0)    2 :  0.509 0.106 0.029 0.118 0.239 
193 OmyJC19ROGR    (0)    2 :  0.115 0.434 0.190 0.147 0.115 
194 OmyJC19ROGR    (0)    2 :  0.185 0.538 0.020 0.099 0.158 
195 OmyJC19ROGR    (0)    2 :  0.057 0.027 0.788 0.043 0.085 
196 OmyJC19ROGR    (0)    2 :  0.146 0.028 0.033 0.622 0.171 
197 OmyJC19ROGR    (0)    2 :  0.310 0.176 0.041 0.192 0.280 
198 OmyJC19ROGR    (0)    2 :  0.043 0.051 0.806 0.042 0.058 
199 OmyJC19ROGR    (0)    2 :  0.375 0.193 0.026 0.196 0.210 
200 OmyJC19ROGR    (0)    2 :  0.169 0.163 0.187 0.257 0.224 
201 OmyJC19ROGR    (0)    2 :  0.305 0.255 0.022 0.130 0.289 
202 OmyJC19ROGR    (0)    2 :  0.113 0.311 0.029 0.145 0.402 
203 OmyJC19ROGR    (0)    2 :  0.117 0.065 0.033 0.138 0.647 
204 OmyJC19ROGR    (0)    2 :  0.249 0.118 0.101 0.143 0.389 
205 OmyJC19ROGR    (0)    2 :  0.128 0.205 0.128 0.344 0.195 
206 OmyJC19ROGR    (0)    2 :  0.030 0.022 0.881 0.040 0.027 
207 OmyJC19ROGR    (0)    2 :  0.131 0.292 0.398 0.112 0.066 
208 OmyJC19ROGR    (0)    2 :  0.452 0.212 0.038 0.196 0.102 
209 OmyJC19ROGR    (0)    2 :  0.300 0.176 0.312 0.115 0.097 
210 OmyJC19ROGR    (0)    2 :  0.027 0.019 0.876 0.038 0.039 
211 OmyJC19ROGR    (0)    2 :  0.329 0.277 0.121 0.169 0.105 
212 OmyJC19ROGR    (1)    2 :  0.043 0.639 0.194 0.057 0.068 
213 OmyJC19ROGR    (1)    2 :  0.279 0.050 0.096 0.425 0.150 
214 OmyJC19ROGR    (0)    2 :  0.167 0.437 0.118 0.155 0.123 
215 OmyJC19ROGR    (0)    2 :  0.229 0.069 0.023 0.082 0.597 
216 OmyJC19ROGR    (0)    2 :  0.121 0.205 0.500 0.116 0.058 
217 OmyJC19ROGR    (0)    2 :  0.131 0.076 0.574 0.113 0.105 
218 OmyJC19ROGR    (0)    2 :  0.204 0.073 0.053 0.162 0.507 
219 OmyJC19ROGR    (0)    2 :  0.221 0.252 0.228 0.197 0.102 
220 OmyJC19ROGR    (0)    2 :  0.118 0.587 0.016 0.146 0.133 
221 OmyJC19ROGR    (0)    2 :  0.127 0.458 0.144 0.177 0.094 
222 OmyJC19ROGR    (0)    2 :  0.261 0.174 0.037 0.337 0.190 
223 OmyJC19ROGR    (0)    2 :  0.211 0.347 0.106 0.130 0.206 
224 OmyJC19ROGR    (1)    2 :  0.303 0.124 0.077 0.346 0.150 
225 OmyJC19ROGR    (0)    2 :  0.027 0.140 0.777 0.032 0.024 
226 OmyJC19ROGR    (0)    2 :  0.197 0.042 0.353 0.261 0.146 
227 OmyJC19ROGR    (0)    2 :  0.037 0.033 0.850 0.038 0.042 
228 OmyJC19ROGR    (0)    2 :  0.445 0.228 0.045 0.167 0.115 
229 OmyJC19ROGR    (0)    2 :  0.140 0.125 0.035 0.226 0.474 
230 OmyJC19ROGR    (0)    2 :  0.237 0.191 0.167 0.215 0.189 
231 OmyJC19ROGR    (0)    2 :  0.225 0.332 0.113 0.180 0.151 
232 OmyJC19ROGR    (2)    2 :  0.234 0.302 0.099 0.234 0.131 
233 OmyJC19ROGR    (0)    2 :  0.164 0.373 0.210 0.135 0.118 
234 OmyJC19ROGR    (0)    2 :  0.036 0.022 0.889 0.027 0.025 
235 OmyJC19ROGR    (0)    2 :  0.105 0.067 0.686 0.067 0.074 
236 OmyJC19ROGR    (0)    2 :  0.128 0.740 0.027 0.055 0.050 
237 OmyJC19ROGR    (0)    2 :  0.305 0.397 0.102 0.108 0.088 
238 OmyJC19ROGR    (0)    2 :  0.056 0.721 0.071 0.080 0.073 
239 OmyJC19ROGR    (0)    2 :  0.259 0.347 0.046 0.220 0.128 
240 OmyJC19ROGR    (0)    2 :  0.339 0.112 0.062 0.305 0.181 
241 OmyJC19ROGR    (0)    2 :  0.103 0.071 0.186 0.482 0.157 
242 OmyJC19ROGR    (0)    2 :  0.216 0.519 0.020 0.138 0.107 
243 OmyJC19ROGR    (0)    2 :  0.197 0.140 0.042 0.193 0.428 
244 OmyJC19ROGR    (0)    2 :  0.207 0.130 0.044 0.177 0.442 
245 OmyJC19ROGR    (0)    2 :  0.040 0.032 0.857 0.043 0.028 
246 OmyJC19ROGR    (0)    2 :  0.151 0.216 0.141 0.259 0.233 
247 OmyJC19ROGR    (0)    2 :  0.066 0.058 0.664 0.068 0.145 
248 OmyJC19ROGR    (0)    2 :  0.270 0.040 0.351 0.133 0.206 
249 OmyJC19ROGR    (0)    2 :  0.209 0.064 0.087 0.312 0.327 
250 OmyJC19ROGR    (0)    2 :  0.318 0.079 0.098 0.234 0.271 
251 OmyJC19ROGR    (0)    2 :  0.161 0.053 0.056 0.448 0.282 
252 OmyJC19ROGR    (0)    2 :  0.215 0.337 0.081 0.255 0.111 
253 OmyJC19ROGR    (0)    2 :  0.360 0.054 0.097 0.289 0.201 
254 OmyJC19ROGR    (0)    2 :  0.255 0.089 0.125 0.295 0.235 
255 OmyJC19ROGR    (0)    2 :  0.180 0.190 0.056 0.317 0.257 
256 OmyJC19ROGR    (0)    2 :  0.100 0.158 0.131 0.365 0.247 
257 OmyJC19ROGR    (0)    2 :  0.205 0.059 0.066 0.311 0.359 
258 OmyAC19ROGR    (0)    1 :  0.569 0.105 0.083 0.165 0.078 
259 OmyAC19ROGR    (0)    1 :  0.319 0.117 0.319 0.156 0.089 
260 OmyAC19ROGR    (0)    1 :  0.595 0.046 0.056 0.194 0.110 
261 OmyAC19ROGR    (0)    1 :  0.393 0.042 0.100 0.278 0.188 
262 OmyAC19ROGR    (0)    1 :  0.202 0.044 0.097 0.574 0.082 
263 OmyAC19ROGR    (0)    1 :  0.130 0.226 0.090 0.137 0.418 
264 OmyAC19ROGR    (0)    1 :  0.151 0.064 0.065 0.315 0.405 
265 OmyAC19ROGR    (0)    1 :  0.060 0.041 0.045 0.069 0.785 
266 OmyAC19ROGR    (0)    1 :  0.182 0.093 0.033 0.436 0.256 
267 OmyAC19ROGR    (0)    1 :  0.099 0.038 0.292 0.270 0.300 
268 OmyAC19ROGR    (0)    1 :  0.211 0.231 0.113 0.233 0.211 
269 OmyAC19ROGR    (1)    1 :  0.172 0.057 0.161 0.426 0.184 
270 OmyAC19ROGR    (0)    1 :  0.128 0.037 0.048 0.548 0.239 
271 OmyAC19ROGR    (0)    1 :  0.133 0.100 0.406 0.158 0.203 
272 OmyAC19ROGR    (0)    1 :  0.160 0.151 0.148 0.429 0.112 
273 OmyAC19ROGR    (0)    1 :  0.471 0.104 0.030 0.207 0.187 
274 OmyAC19ROGR    (0)    1 :  0.114 0.059 0.573 0.173 0.081 
275 OmyAC19ROGR    (0)    1 :  0.157 0.620 0.079 0.086 0.057 
276 OmyAC19ROGR    (0)    1 :  0.293 0.157 0.068 0.142 0.340 
277 OmyAC19ROGR    (0)    1 :  0.360 0.104 0.149 0.255 0.132 
278 OmyAC19ROGR    (0)    1 :  0.111 0.352 0.231 0.133 0.172 
279 OmyAC19ROGR    (0)    1 :  0.482 0.231 0.147 0.094 0.046 
280 OmyAC19ROGR    (0)    1 :  0.332 0.080 0.180 0.255 0.154 
281 OmyAC19ROGR    (0)    1 :  0.274 0.101 0.060 0.220 0.345 
282 OmyAC19ROGR    (0)    1 :  0.196 0.107 0.195 0.358 0.145 
283 OmyAC19ROGR    (0)    1 :  0.183 0.132 0.091 0.172 0.422 
284 OmyAC19ROGR    (0)    1 :  0.097 0.078 0.040 0.239 0.547 
285 OmyAC19ROGR    (0)    1 :  0.200 0.146 0.051 0.139 0.464 
286 OmyAC19ROGR    (0)    1 :  0.302 0.104 0.036 0.126 0.432 
287 OmyAC19ROGR    (0)    1 :  0.023 0.012 0.925 0.023 0.016 
288 OmyAC19ROGR    (0)    1 :  0.049 0.296 0.578 0.034 0.043 
289 OmyAC19ROGR    (0)    1 :  0.218 0.107 0.115 0.218 0.342 
290 OmyAC19ROGR    (1)    1 :  0.027 0.023 0.899 0.022 0.029 
291 OmyAC19ROGR    (0)    1 :  0.122 0.061 0.384 0.204 0.228 
292 OmyAC19ROGR    (0)    1 :  0.319 0.091 0.114 0.296 0.180 
293 OmyAC19ROGR    (0)    1 :  0.182 0.411 0.057 0.181 0.168 
294 OmyAC19ROGR    (0)    1 :  0.203 0.052 0.291 0.191 0.264 
295 OmyAC19ROGR    (0)    1 :  0.583 0.029 0.037 0.176 0.175 
296 OmyAC19ROGR    (0)    1 :  0.157 0.628 0.041 0.107 0.067 
297 OmyAC19ROGR    (0)    1 :  0.114 0.036 0.566 0.112 0.172 
298 OmyAC19ROGR    (0)    1 :  0.422 0.137 0.047 0.093 0.301 
299 OmyAC19ROGR    (0)    1 :  0.216 0.143 0.182 0.169 0.290 
300 OmyAC19ROGR    (0)    1 :  0.217 0.130 0.064 0.142 0.447 
301 OmyAC19ROGR    (0)    1 :  0.039 0.031 0.848 0.039 0.044 
302 OmyAC19ROGR    (0)    1 :  0.118 0.110 0.547 0.108 0.117 
303 OmyAC19ROGR    (0)    1 :  0.229 0.095 0.093 0.293 0.290 
304 OmyAC19ROGR    (0)    1 :  0.106 0.454 0.284 0.082 0.073 
305 OmyAC19ROGR    (0)    1 :  0.172 0.112 0.054 0.195 0.466 
306 OmyAC19ROGR    (0)    1 :  0.183 0.048 0.499 0.167 0.103 
307 OmyAC19ROGR    (1)    1 :  0.241 0.221 0.045 0.261 0.232 
308 OmyAC19ROGR    (0)    1 :  0.143 0.121 0.132 0.465 0.139 
309 OmyAC19ROGR    (0)    1 :  0.078 0.027 0.760 0.061 0.074 
310 OmyAC19ROGR    (0)    1 :  0.158 0.058 0.270 0.289 0.225 
311 OmyAC19ROGR    (0)    1 :  0.147 0.080 0.561 0.154 0.057 
312 OmyAC19ROGR    (0)    1 :  0.249 0.096 0.063 0.237 0.354 
313 OmyAC19ROGR    (0)    1 :  0.138 0.150 0.064 0.159 0.489 
314 OmyAC19ROGR    (0)    1 :  0.154 0.221 0.136 0.160 0.330 
315 OmyAC19ROGR    (0)    1 :  0.212 0.048 0.121 0.375 0.243 
316 OmyAC19ROGR    (0)    1 :  0.136 0.037 0.036 0.227 0.564 
317 OmyAC19ROGR    (0)    1 :  0.141 0.604 0.035 0.149 0.071 
318 OmyAC19ROGR    (0)    1 :  0.133 0.262 0.023 0.305 0.278 
319 OmyAC19ROGR    (0)    1 :  0.229 0.145 0.024 0.214 0.388 
320 OmyAC19ROGR    (0)    1 :  0.166 0.255 0.019 0.109 0.451 
321 OmyAC19ROGR    (0)    1 :  0.391 0.114 0.031 0.335 0.129 
322 OmyAC19ROGR    (0)    1 :  0.410 0.046 0.291 0.184 0.069 
323 OmyAC19ROGR    (0)    1 :  0.548 0.094 0.070 0.197 0.091 
324 OmyAC19ROGR    (0)    1 :  0.157 0.049 0.031 0.255 0.508 
325 OmyAC19ROGR    (0)    1 :  0.188 0.052 0.231 0.375 0.154 
326 OmyAC19ROGR    (0)    1 :  0.208 0.069 0.052 0.310 0.361 
327 OmyAC19ROGR    (0)    1 :  0.278 0.064 0.040 0.127 0.491 
328 OmyAC20ROGR    (0)    1 :  0.129 0.272 0.049 0.207 0.342 
329 OmyAC20ROGR    (0)    1 :  0.152 0.213 0.135 0.152 0.347 
330 OmyAC20ROGR    (0)    1 :  0.218 0.233 0.156 0.273 0.120 
331 OmyAC20ROGR    (0)    1 :  0.087 0.083 0.572 0.123 0.135 
332 OmyAC20ROGR    (0)    1 :  0.166 0.102 0.177 0.343 0.212 
333 OmyAC20ROGR    (0)    1 :  0.098 0.056 0.234 0.136 0.476 
334 OmyAC20ROGR    (0)    1 :  0.121 0.063 0.065 0.175 0.576 
335 OmyAC20ROGR    (0)    1 :  0.315 0.079 0.036 0.431 0.140 
336 OmyAC20ROGR    (0)    1 :  0.136 0.086 0.142 0.383 0.252 
337 OmyAC20ROGR    (0)    1 :  0.138 0.117 0.481 0.145 0.120 
338 OmyAC20ROGR    (0)    1 :  0.152 0.056 0.087 0.406 0.299 
339 OmyAC20ROGR    (0)    1 :  0.404 0.172 0.091 0.130 0.204 
340 OmyAC20ROGR    (0)    1 :  0.194 0.149 0.067 0.335 0.255 
341 OmyAC20ROGR    (0)    1 :  0.130 0.492 0.061 0.158 0.158 
342 OmyAC20ROGR    (0)    1 :  0.298 0.144 0.125 0.136 0.297 
343 OmyAC20ROGR    (0)    1 :  0.084 0.515 0.042 0.218 0.140 
344 OmyAC20ROGR    (0)    1 :  0.113 0.148 0.278 0.195 0.266 
345 OmyAC20ROGR    (1)    1 :  0.289 0.032 0.135 0.294 0.250 
346 OmyAC20ROGR    (0)    1 :  0.136 0.052 0.231 0.167 0.414 
347 OmyAC20ROGR    (0)    1 :  0.160 0.162 0.316 0.243 0.119 
348 OmyAC20ROGR    (0)    1 :  0.107 0.396 0.132 0.122 0.243 
349 OmyAC20ROGR    (0)    1 :  0.092 0.236 0.039 0.149 0.484 
350 OmyAC20ROGR    (0)    1 :  0.105 0.664 0.070 0.076 0.084 
351 OmyAC20ROGR    (0)    1 :  0.176 0.064 0.067 0.219 0.474 
352 OmyAC20ROGR    (0)    1 :  0.399 0.113 0.048 0.188 0.253 
353 OmyAC20ROGR    (0)    1 :  0.139 0.074 0.074 0.488 0.224 
354 OmyAC20ROGR    (0)    1 :  0.167 0.293 0.312 0.126 0.102 
355 OmyAC20ROGR    (0)    1 :  0.066 0.653 0.132 0.049 0.100 
356 OmyAC20ROGR    (0)    1 :  0.159 0.087 0.208 0.170 0.376 
357 OmyAC20ROGR    (0)    1 :  0.210 0.183 0.057 0.373 0.176 
358 OmyAC20ROGR    (0)    1 :  0.419 0.150 0.040 0.228 0.164 
359 OmyAC20ROGR    (0)    1 :  0.342 0.158 0.359 0.088 0.053 
360 OmyAC20ROGR    (0)    1 :  0.323 0.086 0.148 0.290 0.152 
361 OmyAC20ROGR    (0)    1 :  0.426 0.341 0.030 0.116 0.087 
362 OmyAC20ROGR    (0)    1 :  0.414 0.096 0.090 0.239 0.160 
363 OmyAC20ROGR    (0)    1 :  0.077 0.342 0.390 0.079 0.112 
364 OmyAC20ROGR    (1)    1 :  0.264 0.212 0.063 0.165 0.296 
365 OmyAC20ROGR    (0)    1 :  0.144 0.108 0.030 0.240 0.478 
366 OmyAC20ROGR    (0)    1 :  0.175 0.045 0.023 0.453 0.303 
367 OmyAC20ROGR    (0)    1 :  0.423 0.049 0.076 0.253 0.200 
368 OmyAC20ROGR    (0)    1 :  0.189 0.178 0.049 0.357 0.226 
369 OmyAC20ROGR    (0)    1 :  0.189 0.279 0.288 0.135 0.109 
370 OmyAC20ROGR    (0)    1 :  0.137 0.044 0.673 0.095 0.051 
371 OmyAC20ROGR    (0)    1 :  0.061 0.041 0.776 0.064 0.058 
372 OmyAC20ROGR    (2)    1 :  0.040 0.035 0.849 0.039 0.036 
373 OmyAC20ROGR    (0)    1 :  0.083 0.139 0.631 0.083 0.064 
374 OmyAC20ROGR    (0)    1 :  0.348 0.097 0.028 0.323 0.204 
375 OmyAC20ROGR    (0)    1 :  0.252 0.089 0.115 0.243 0.301 
376 OmyAC20ROGR    (0)    1 :  0.151 0.233 0.213 0.255 0.149 
377 OmyAC20ROGR    (0)    1 :  0.145 0.114 0.030 0.167 0.543 
378 OmyAC20ROGR    (0)    1 :  0.205 0.215 0.034 0.240 0.306 
379 OmyAC20ROGR    (0)    1 :  0.111 0.110 0.461 0.188 0.130 
380 OmyAC20ROGR    (0)    1 :  0.193 0.038 0.033 0.482 0.253 
381 OmyAC20ROGR    (0)    1 :  0.272 0.093 0.117 0.231 0.287 
382 OmyAC20ROGR    (0)    1 :  0.045 0.040 0.839 0.043 0.033 
383 OmyAC20ROGR    (0)    1 :  0.293 0.032 0.113 0.194 0.367 
384 OmyAC20ROGR    (0)    1 :  0.163 0.105 0.403 0.158 0.170 
385 OmyAC20ROGR    (0)    1 :  0.272 0.146 0.196 0.229 0.158 
386 OmyAC20ROGR    (0)    1 :  0.134 0.057 0.233 0.447 0.129 
387 OmyAC20ROGR    (0)    1 :  0.116 0.056 0.453 0.251 0.124 
388 OmyAC20ROGR    (0)    1 :  0.119 0.096 0.469 0.114 0.202 
389 OmyAC20ROGR    (0)    1 :  0.139 0.052 0.055 0.183 0.571 
390 OmyAC20ROGR    (0)    1 :  0.176 0.657 0.017 0.084 0.066 
391 OmyAC20ROGR    (0)    1 :  0.063 0.226 0.572 0.070 0.068 
392 OmyAC20ROGR    (0)    1 :  0.236 0.108 0.365 0.168 0.123 
393 OmyAC20ROGR    (0)    1 :  0.210 0.300 0.100 0.177 0.213 
394 OmyAC20ROGR    (0)    1 :  0.428 0.145 0.129 0.206 0.093 
395 OmyAC20ROGR    (0)    1 :  0.261 0.264 0.084 0.238 0.153 
396 OmyAC20ROGR    (0)    1 :  0.348 0.189 0.077 0.269 0.117 
397 OmyAC20ROGR    (0)    1 :  0.264 0.045 0.212 0.225 0.254 
398 OmyAC20ROGR    (0)    1 :  0.077 0.038 0.588 0.121 0.176 
399 OmyAC20ROGR    (0)    1 :  0.372 0.037 0.174 0.339 0.078 
400 OmyAC20ROGR    (0)    1 :  0.287 0.046 0.118 0.218 0.331 
401 OmyAC20ROGR    (0)    1 :  0.118 0.088 0.697 0.051 0.046 
402 OmyAC20ROGR    (0)    1 :  0.175 0.394 0.019 0.108 0.302 
403 OmyAC20ROGR    (0)    1 :  0.119 0.191 0.097 0.420 0.173 
404 OmyAC20ROGR    (0)    1 :  0.093 0.096 0.021 0.152 0.638 
405 OmyAC20ROGR    (0)    1 :  0.186 0.202 0.449 0.095 0.068 
406 OmyAC20ROGR    (0)    1 :  0.412 0.234 0.043 0.220 0.091 
407 OmyAC20ROGR    (0)    1 :  0.297 0.036 0.046 0.538 0.083 
408 OmyAC20ROGR    (0)    1 :  0.046 0.675 0.137 0.067 0.076 
409 OmyAC20ROGR    (0)    1 :  0.218 0.060 0.052 0.164 0.506 
410 OmyAC20ROGR    (0)    1 :  0.045 0.027 0.804 0.064 0.059 
411 OmyAC20ROGR    (0)    1 :  0.113 0.065 0.654 0.091 0.078 
412 OmyAC20ROGR    (0)    1 :  0.117 0.120 0.243 0.193 0.327 
413 OmyAC20ROGR    (0)    1 :  0.258 0.052 0.106 0.213 0.372 
414 OmyAC20ROGR    (0)    1 :  0.243 0.095 0.349 0.175 0.138 
415 OmyAC20ROGR    (0)    1 :  0.433 0.098 0.041 0.233 0.194 
416 OmyAC20ROGR    (0)    1 :  0.135 0.070 0.054 0.318 0.422 
417 OmyAC20ROGR    (0)    1 :  0.212 0.075 0.027 0.171 0.514 
418 OmyAC20ROGR    (0)    1 :  0.129 0.083 0.181 0.269 0.338 
419 OmyAC20ROGR    (0)    1 :  0.152 0.166 0.481 0.103 0.097 
420 OmyAC20ROGR    (0)    1 :  0.199 0.612 0.052 0.083 0.055 
421 OmyAC20ROGR    (0)    1 :  0.441 0.051 0.090 0.208 0.210 
422 OmyAC20ROGR    (0)    1 :  0.045 0.026 0.847 0.041 0.042 
423 OmyAC20ROGR    (0)    1 :  0.298 0.036 0.045 0.403 0.218 
424 OmyAC20ROGR    (0)    1 :  0.229 0.442 0.030 0.189 0.109 
425 OmyAC20ROGR    (0)    1 :  0.044 0.043 0.835 0.038 0.042 
426 OmyAC20ROGR    (0)    1 :  0.123 0.041 0.048 0.121 0.668 
427 OmyAC20ROGR    (0)    1 :  0.225 0.063 0.066 0.339 0.308 
428 OmyAC20ROGR    (0)    1 :  0.056 0.029 0.801 0.047 0.067 
429 OmyAC20ROGR    (0)    1 :  0.135 0.449 0.029 0.108 0.278 
430 OmyAC20ROGR    (0)    1 :  0.441 0.099 0.087 0.149 0.224 
431 OmyAC20ROGR    (0)    1 :  0.109 0.049 0.568 0.158 0.117 
432 OmyAC20ROGR    (0)    1 :  0.028 0.025 0.871 0.044 0.033 
433 OmyAC20ROGR    (0)    1 :  0.052 0.148 0.711 0.045 0.044 
434 OmyAC20ROGR    (0)    1 :  0.194 0.054 0.347 0.298 0.107 
435 OmyAC20ROGR    (0)    1 :  0.136 0.038 0.042 0.637 0.146 
436 OmyAC20ROGR    (0)    1 :  0.310 0.039 0.072 0.376 0.204 
437 OmyAC20ROGR    (0)    1 :  0.067 0.101 0.680 0.064 0.088 
438 OmyAC20ROGR    (0)    1 :  0.381 0.076 0.315 0.163 0.066 
439 OmyAC20ROGR    (0)    1 :  0.482 0.034 0.090 0.301 0.092 
440 OmyAC20ROGR    (0)    1 :  0.091 0.052 0.608 0.062 0.188 
441 OmyAC20ROGR    (0)    1 :  0.420 0.305 0.032 0.132 0.110 
442 OmyAC20ROGR    (0)    1 :  0.449 0.102 0.078 0.246 0.125 
443 OmyAC20ROGR    (0)    1 :  0.519 0.066 0.042 0.219 0.155 
444 OmyAC20ROGR    (0)    1 :  0.152 0.041 0.236 0.220 0.351 
445 OmyAC20ROGR    (0)    1 :  0.364 0.178 0.138 0.263 0.057 
446 OmyJC18ROGR    (0)    2 :  0.178 0.198 0.289 0.148 0.186 
447 OmyJC18ROGR    (0)    2 :  0.164 0.171 0.102 0.296 0.268 
448 OmyJC18ROGR    (0)    2 :  0.367 0.080 0.095 0.386 0.072 
449 OmyJC18ROGR    (0)    2 :  0.057 0.256 0.584 0.058 0.046 
450 OmyJC18ROGR    (0)    2 :  0.075 0.094 0.625 0.123 0.083 
451 OmyJC18ROGR    (0)    2 :  0.050 0.028 0.803 0.066 0.053 
452 OmyJC18ROGR    (0)    2 :  0.217 0.068 0.347 0.157 0.211 
453 OmyJC18ROGR    (0)    2 :  0.065 0.775 0.023 0.078 0.059 
454 OmyJC18ROGR    (0)    2 :  0.064 0.042 0.778 0.055 0.060 
455 OmyJC18ROGR    (0)    2 :  0.174 0.097 0.090 0.410 0.229 
456 OmyJC18ROGR    (0)    2 :  0.046 0.029 0.836 0.054 0.034 
457 OmyJC18ROGR    (0)    2 :  0.204 0.028 0.087 0.354 0.327 
458 OmyJC18ROGR    (0)    2 :  0.098 0.540 0.162 0.108 0.093 
459 OmyJC18ROGR    (1)    2 :  0.136 0.062 0.020 0.087 0.696 
460 OmyJC18ROGR    (2)    2 :  0.212 0.116 0.146 0.294 0.231 
461 OmyJC18ROGR    (2)    2 :  0.133 0.066 0.331 0.381 0.090 
462 OmyJC18ROGR    (3)    2 :  0.228 0.268 0.215 0.209 0.079 
463 OmyJC18ROGR    (0)    2 :  0.080 0.093 0.697 0.097 0.034 
464 OmyJC18ROGR    (4)    2 :  0.234 0.081 0.028 0.412 0.245 
465 OmyJC18ROGR    (3)    2 :  0.316 0.143 0.087 0.185 0.268 
466 OmyJC18ROGR    (0)    2 :  0.221 0.061 0.094 0.528 0.097 
467 OmyJC18ROGR    (0)    2 :  0.145 0.082 0.065 0.227 0.480 
468 OmyJC18ROGR    (0)    2 :  0.204 0.442 0.108 0.155 0.091 
469 OmyJC18ROGR    (0)    2 :  0.081 0.020 0.812 0.033 0.054 
470 OmyJC18ROGR    (5)    2 :  0.220 0.114 0.441 0.100 0.126 
471 OmyJC18ROGR    (1)    2 :  0.297 0.075 0.146 0.331 0.151 
472 OmyJC18ROGR    (2)    2 :  0.468 0.057 0.079 0.268 0.127 
473 OmyJC18ROGR    (3)    2 :  0.140 0.158 0.034 0.540 0.127 
474 OmyJC18ROGR    (0)    2 :  0.051 0.788 0.043 0.054 0.063 
475 OmyJC18ROGR    (2)    2 :  0.120 0.147 0.381 0.257 0.095 
476 OmyJC18ROGR    (1)    2 :  0.274 0.056 0.034 0.536 0.100 
477 OmyJC18ROGR    (4)    2 :  0.175 0.357 0.188 0.164 0.115 
478 OmyJC18ROGR    (0)    2 :  0.201 0.081 0.057 0.147 0.514 
479 OmyJC18ROGR    (0)    2 :  0.374 0.068 0.031 0.297 0.229 
480 OmyJC18ROGR    (1)    2 :  0.136 0.098 0.104 0.135 0.527 
481 OmyJC18ROGR    (3)    2 :  0.418 0.214 0.075 0.179 0.115 
482 OmyJC18ROGR    (3)    2 :  0.161 0.536 0.027 0.193 0.084 
483 OmyJC18ROGR    (4)    2 :  0.455 0.202 0.034 0.210 0.099 
484 OmyJC18ROGR    (4)    2 :  0.398 0.108 0.048 0.201 0.245 
485 OmyJC18ROGR    (3)    2 :  0.114 0.117 0.435 0.095 0.239 
486 OmyJC18ROGR    (3)    2 :  0.157 0.146 0.395 0.179 0.124 
487 OmyJC18ROGR    (1)    2 :  0.092 0.334 0.110 0.175 0.289 
488 OmyJC18ROGR    (5)    2 :  0.192 0.139 0.053 0.325 0.291 
489 OmyJC18ROGR    (0)    2 :  0.584 0.078 0.031 0.154 0.153 
490 OmyJC18ROGR    (3)    2 :  0.321 0.071 0.073 0.439 0.096 
491 OmyJC18ROGR    (7)    2 :  0.097 0.712 0.055 0.067 0.069 
492 OmyJC18ROGR    (6)    2 :  0.091 0.726 0.027 0.063 0.093 
493 OmyJC18ROGR    (3)    2 :  0.314 0.063 0.096 0.356 0.170 
494 OmyJC18ROGR    (3)    2 :  0.067 0.035 0.761 0.057 0.080 
495 OmyJC18ROGR    (5)    2 :  0.155 0.083 0.294 0.158 0.310 
496 OmyJC18ROGR    (0)    2 :  0.286 0.115 0.094 0.224 0.281 
497 OmyJC18ROGR    (5)    2 :  0.087 0.581 0.028 0.197 0.108 
498 OmyJC18ROGR    (6)    2 :  0.369 0.067 0.107 0.365 0.093 
499 OmyJC18ROGR    (0)    2 :  0.354 0.067 0.044 0.353 0.182 
500 OmyJC18ROGR    (1)    2 :  0.151 0.455 0.049 0.246 0.098 
501 OmyJC18ROGR    (4)    2 :  0.324 0.059 0.369 0.156 0.093 
502 OmyJC18ROGR    (2)    2 :  0.376 0.211 0.169 0.091 0.153 
503 OmyJC18ROGR    (5)    2 :  0.385 0.265 0.048 0.170 0.133 
504 OmyJC18ROGR    (2)    2 :  0.514 0.096 0.155 0.190 0.045 
505 OmyJC18ROGR    (0)    2 :  0.153 0.164 0.273 0.188 0.222 
506 OmyJC18ROGR    (8)    2 :  0.209 0.269 0.067 0.276 0.178 
507 OmyJC18ROGR    (0)    2 :  0.250 0.258 0.125 0.198 0.169 
508 OmyJC18ROGR    (0)    2 :  0.224 0.357 0.160 0.168 0.091 
509 OmyJC18ROGR    (1)    2 :  0.026 0.029 0.899 0.024 0.023 
510 OmyJC18ROGR    (1)    2 :  0.246 0.119 0.091 0.388 0.155 
511 OmyJC18ROGR    (5)    2 :  0.152 0.208 0.168 0.177 0.295 
512 OmyJC18ROGR    (2)    2 :  0.054 0.074 0.757 0.062 0.053 
513 OmyJC18ROGR    (9)    2 :  0.127 0.216 0.264 0.166 0.226 
514 OmyJC18ROGR    (4)    2 :  0.108 0.231 0.401 0.130 0.130 
515 OmyJC18ROGR    (1)    2 :  0.109 0.428 0.094 0.157 0.212 
516 OmyJC18ROGR    (3)    2 :  0.148 0.117 0.142 0.398 0.195 
517 OmyJC18ROGR    (3)    2 :  0.127 0.099 0.497 0.174 0.102 
518 OmyJC18ROGR    (0)    2 :  0.252 0.436 0.060 0.192 0.060 
519 OmyJC18ROGR    (9)    2 :  0.165 0.192 0.052 0.290 0.302 
520 OmyJC18ROGR    (6)    2 :  0.515 0.070 0.083 0.247 0.085 
521 OmyJC18ROGR    (2)    2 :  0.178 0.168 0.102 0.440 0.112 
522 OmyJC18ROGR    (1)    2 :  0.535 0.053 0.080 0.180 0.151 
523 OmyJC18ROGR    (4)    2 :  0.245 0.163 0.073 0.188 0.331 
524 OmyJC18ROGR    (0)    2 :  0.440 0.039 0.067 0.220 0.234 
525 OmyJC18ROGR    (2)    2 :  0.136 0.244 0.056 0.102 0.463 
526 OmyJC18ROGR    (3)    2 :  0.128 0.389 0.077 0.173 0.232 
527 OmyJC18ROGR    (0)    2 :  0.243 0.101 0.044 0.364 0.248 
528 OmyJC18ROGR    (0)    2 :  0.214 0.249 0.039 0.209 0.289 
529 OmyJC18ROGR    (1)    2 :  0.302 0.050 0.047 0.207 0.394 
530 OmyJC18ROGR    (0)    2 :  0.213 0.300 0.040 0.210 0.237 
531 OmyJC18ROGR    (0)    2 :  0.214 0.049 0.182 0.428 0.128 
532 OmyJC18ROGR    (2)    2 :  0.322 0.151 0.028 0.132 0.368 
533 OmyJC18ROGR    (2)    2 :  0.260 0.060 0.019 0.441 0.220 
534 OmyJC18ROGR    (2)    2 :  0.513 0.100 0.061 0.173 0.153 
535 OmyJC18ROGR    (0)    2 :  0.161 0.086 0.048 0.492 0.213 
536 OmyJC18ROGR    (0)    2 :  0.186 0.138 0.037 0.325 0.314 
537 OmyJC18ROGR    (0)    2 :  0.167 0.143 0.022 0.476 0.191 
538 OmyJC18ROGR    (0)    2 :  0.166 0.100 0.059 0.545 0.130 
539 OmyJC18ROGR    (0)    2 :  0.359 0.124 0.050 0.207 0.260 
540 OmyJC18ROGR    (8)    2 :  0.105 0.634 0.065 0.119 0.077 
541 OmyJC18ROGR    (1)    2 :  0.155 0.089 0.086 0.210 0.460 
542 OmyJC18ROGR    (1)    2 :  0.121 0.295 0.274 0.168 0.142 
543 OmyJC18ROGR    (0)    2 :  0.169 0.366 0.078 0.222 0.164 
544 OmyJC18ROGR    (2)    2 :  0.136 0.145 0.052 0.332 0.335 
545 OmyJC18ROGR    (1)    2 :  0.297 0.055 0.456 0.133 0.060 
546 OmyJC18ROGR    (9)    2 :  0.177 0.142 0.027 0.506 0.149 
547 OmyJC18ROGR    (0)    2 :  0.364 0.050 0.126 0.214 0.246 
548 OmyJC18ROGR    (0)    2 :  0.142 0.263 0.214 0.210 0.170 
549 OmyJC18ROGR    (0)    2 :  0.199 0.184 0.085 0.346 0.186 
550 OmyJC18ROGR    (1)    2 :  0.064 0.042 0.497 0.099 0.297 
551 OmyJC18ROGR    (1)    2 :  0.150 0.254 0.060 0.193 0.343 
552 OmyJC18ROGR    (2)    2 :  0.212 0.055 0.090 0.307 0.336 
553 OmyJC18ROGR   (10)    2 :  0.181 0.226 0.053 0.278 0.262 
554 OmyJC18ROGR    (2)    2 :  0.167 0.247 0.046 0.398 0.142 
555 OmyJC18ROGR    (4)    2 :  0.268 0.333 0.047 0.175 0.177 
556 OmyJC18ROGR    (0)    2 :  0.076 0.273 0.088 0.385 0.179 
557 OmyJC18ROGR    (2)    2 :  0.456 0.090 0.182 0.199 0.072 
558 OmyJC18ROGR    (0)    2 :  0.219 0.044 0.248 0.279 0.209 
559 OmyJC18ROGR    (0)    2 :  0.177 0.540 0.062 0.100 0.121 
560 OmyJC18ROGR    (8)    2 :  0.169 0.306 0.136 0.220 0.169 
561 OmyJC18ROGR    (0)    2 :  0.268 0.043 0.026 0.179 0.484 
562 OmyJC18ROGR    (8)    2 :  0.124 0.331 0.123 0.238 0.184 
563 OmyJC18ROGR    (2)    2 :  0.247 0.167 0.074 0.336 0.176 
564 OmyJC18ROGR    (4)    2 :  0.126 0.093 0.081 0.163 0.536 
565 OmyJC18ROGR    (3)    2 :  0.197 0.203 0.133 0.103 0.364 
566 OmyJC18ROGR    (1)    2 :  0.501 0.109 0.134 0.150 0.106 
567 OmyJC18ROGR    (0)    2 :  0.503 0.233 0.050 0.136 0.078 
568 OmyJC18ROGR    (5)    2 :  0.091 0.151 0.138 0.378 0.243 
569 OmyJC18ROGR    (2)    2 :  0.195 0.582 0.029 0.095 0.099 
570 OmyJC18ROGR    (0)    2 :  0.366 0.082 0.058 0.330 0.164 
571 OmyJC18ROGR    (2)    2 :  0.214 0.064 0.062 0.444 0.216 
572 OmyJC18ROGR    (6)    2 :  0.216 0.269 0.057 0.224 0.233 
573 OmyJC18ROGR    (5)    2 :  0.191 0.082 0.399 0.089 0.239 
574 OmyJC18ROGR    (8)    2 :  0.299 0.085 0.163 0.300 0.152 
575 OmyJC18ROGR    (3)    2 :  0.270 0.134 0.038 0.356 0.201 
576 OmyJC18ROGR    (0)    2 :  0.101 0.515 0.107 0.154 0.123 
577 OmyJC18ROGR    (0)    2 :  0.032 0.020 0.867 0.038 0.044 
578 OmyJC18ROGR    (1)    2 :  0.203 0.113 0.047 0.436 0.201 
579 OmyJC18ROGR    (0)    2 :  0.254 0.024 0.542 0.079 0.101 
580 OmyJC18ROGR    (0)    2 :  0.189 0.242 0.031 0.388 0.150 
581 OmyJC18ROGR    (6)    2 :  0.196 0.475 0.054 0.137 0.137 
582 OmyJC18ROGR    (7)    2 :  0.167 0.106 0.033 0.169 0.525 
583 OmyJC18ROGR    (3)    2 :  0.113 0.093 0.052 0.214 0.528 
584 OmyJC18ROGR    (5)    2 :  0.262 0.197 0.065 0.261 0.215 
585 OmyJC18ROGR    (1)    2 :  0.261 0.063 0.098 0.494 0.084 
586 OmyJC18ROGR    (2)    2 :  0.285 0.164 0.022 0.391 0.138 
587 OmyJC18ROGR    (0)    2 :  0.024 0.014 0.917 0.021 0.024 
588 OmyJC18ROGR    (0)    2 :  0.391 0.135 0.199 0.136 0.139 
589 OmyJC18ROGR    (1)    2 :  0.143 0.201 0.074 0.092 0.489 
590 OmyJC18ROGR    (2)    2 :  0.450 0.067 0.015 0.307 0.161 
591 OmyJC18ROGR    (0)    2 :  0.184 0.155 0.045 0.421 0.194 
592 OmyJC18ROGR    (4)    2 :  0.501 0.149 0.039 0.214 0.098 
593 OmyJC18ROGR    (0)    2 :  0.127 0.116 0.126 0.360 0.272 
594 OmyJC18ROGR    (1)    2 :  0.255 0.069 0.038 0.493 0.146 
595 OmyJC18ROGR    (0)    2 :  0.130 0.403 0.203 0.117 0.147 
596 OmyJC18ROGR    (0)    2 :  0.226 0.213 0.079 0.224 0.258 
597 OmyJC18ROGR    (0)    2 :  0.155 0.366 0.138 0.224 0.117 
598 OmyJC18ROGR    (0)    2 :  0.403 0.147 0.053 0.151 0.245 
599 OmyJC18ROGR    (0)    2 :  0.120 0.079 0.121 0.184 0.496 
600 OmyJC18ROGR    (0)    2 :  0.121 0.100 0.066 0.379 0.335 
601 OmyJC18ROGR    (0)    2 :  0.143 0.473 0.027 0.123 0.235 
602 OmyJC18ROGR    (0)    2 :  0.127 0.162 0.211 0.095 0.405 
603 OmyJC18ROGR    (0)    2 :  0.564 0.080 0.032 0.146 0.179 
604 OmyJC18ROGR    (0)    2 :  0.079 0.068 0.038 0.137 0.678 
605 OmyJC18ROGR    (0)    2 :  0.155 0.252 0.041 0.306 0.246 
606 OmyJC18ROGR    (0)    2 :  0.339 0.157 0.101 0.292 0.111 
607 OmyJC18ROGR    (0)    2 :  0.178 0.031 0.044 0.193 0.554 
608 OmyJC18ROGR    (0)    2 :  0.323 0.073 0.035 0.181 0.388 
