

----------------------------------------------------
STRUCTURE by Pritchard, Stephens and Donnelly (2000)
     and Falush, Stephens and Pritchard (2003)
       Code by Pritchard, Falush and Hubisz
             Version 2.3.4 (Jul 2012)
----------------------------------------------------



Command line arguments:   bin/structure -m "/Users/ddayan/FRA/half_pounder_2023/structure/halfpounder_p3/10k_20k_adm_corr_3/mainparams" -e "/Users/ddayan/FRA/half_pounder_2023/structure/halfpounder_p3/10k_20k_adm_corr_3/extraparams" 
Input File:    /Users/ddayan/FRA/half_pounder_2023/structure/halfpounder_p3/project_data

Run parameters:
   1000 individuals
   233 loci
   4 populations assumed
   10000 Burn-in period
   20000 Reps


--------------------------------------------
Proportion of membership of each pre-defined
 population in each of the 4 clusters

Given    Inferred Clusters              Number of
 Pop       1      2      3      4      Individuals

  1:     0.266  0.268  0.216  0.250      275
  2:     0.254  0.251  0.258  0.237      643
  3:     0.237  0.243  0.427  0.092       42
  4:     0.300  0.296  0.310  0.094       40
--------------------------------------------

Allele-freq. divergence among pops (Net nucleotide distance),
computed using point estimates of P.

      1       2       3       4      
 1      -    0.0001  0.0035  0.0096  
 2   0.0001     -    0.0037  0.0099  
 3   0.0035  0.0037     -    0.0130  
 4   0.0096  0.0099  0.0130     -    

Average distances (expected heterozygosity) between individuals in same cluster:
cluster  1  : 0.3145 
cluster  2  : 0.3133 
cluster  3  : 0.3064 
cluster  4  : 0.2824 

--------------------------------------------
Estimated Ln Prob of Data   = -216546.2
Mean value of ln likelihood = -214975.4
Variance of ln likelihood   = 3141.6
Mean value of alpha         = 0.3752

Mean value of Fst_1         = 0.0112
Mean value of Fst_2         = 0.0140
Mean value of Fst_3         = 0.0283
Mean value of Fst_4         = 0.0769


Inferred ancestry of individuals:
        Label (%Miss) Pop:  Inferred clusters
  1 OmyAC19ROGR    (0)    1 :  0.381 0.368 0.191 0.059 
  2 OmyAC19ROGR    (0)    1 :  0.442 0.333 0.076 0.149 
  3 OmyAC19ROGR    (0)    1 :  0.276 0.321 0.303 0.100 
  4 OmyAC19ROGR    (0)    1 :  0.349 0.532 0.080 0.038 
  5 OmyAC19ROGR    (1)    1 :  0.043 0.042 0.040 0.875 
  6 OmyAC19ROGR    (0)    1 :  0.119 0.171 0.341 0.369 
  7 OmyAC19ROGR    (0)    1 :  0.180 0.157 0.328 0.335 
  8 OmyAC19ROGR    (0)    1 :  0.187 0.131 0.644 0.038 
  9 OmyAC19ROGR    (0)    1 :  0.181 0.181 0.154 0.485 
 10 OmyAC19ROGR    (0)    1 :  0.281 0.241 0.086 0.392 
 11 OmyAC19ROGR    (0)    1 :  0.154 0.171 0.583 0.092 
 12 OmyAC19ROGR    (0)    1 :  0.265 0.309 0.149 0.277 
 13 OmyAC19ROGR    (0)    1 :  0.300 0.199 0.449 0.052 
 14 OmyAC19ROGR    (0)    1 :  0.316 0.157 0.292 0.236 
 15 OmyAC19ROGR    (0)    1 :  0.240 0.185 0.116 0.459 
 16 OmyAC19ROGR    (0)    1 :  0.253 0.248 0.377 0.122 
 17 OmyAC19ROGR    (0)    1 :  0.367 0.389 0.057 0.186 
 18 OmyAC19ROGR    (3)    1 :  0.382 0.350 0.241 0.028 
 19 OmyAC19ROGR    (0)    1 :  0.083 0.089 0.750 0.078 
 20 OmyAC19ROGR    (0)    1 :  0.326 0.270 0.056 0.348 
 21 OmyAC19ROGR    (0)    1 :  0.242 0.278 0.095 0.385 
 22 OmyAC19ROGR    (0)    1 :  0.149 0.156 0.587 0.108 
 23 OmyAC19ROGR    (0)    1 :  0.179 0.188 0.224 0.409 
 24 OmyAC19ROGR    (1)    1 :  0.285 0.391 0.264 0.060 
 25 OmyAC19ROGR    (0)    1 :  0.146 0.135 0.230 0.490 
 26 OmyAC19ROGR    (0)    1 :  0.239 0.231 0.383 0.147 
 27 OmyAC19ROGR    (2)    1 :  0.292 0.216 0.407 0.085 
 28 OmyAC19ROGR    (0)    1 :  0.317 0.434 0.152 0.098 
 29 OmyAC19ROGR    (0)    1 :  0.395 0.378 0.115 0.112 
 30 OmyAC19ROGR    (0)    1 :  0.173 0.179 0.159 0.489 
 31 OmyAC19ROGR    (0)    1 :  0.256 0.302 0.341 0.101 
 32 OmyAC19ROGR    (0)    1 :  0.327 0.348 0.120 0.205 
 33 OmyAC19ROGR    (0)    1 :  0.282 0.403 0.176 0.139 
 34 OmyAC19ROGR    (0)    1 :  0.187 0.176 0.138 0.499 
 35 OmyAC19ROGR    (0)    1 :  0.304 0.460 0.125 0.111 
 36 OmyAC19ROGR    (0)    1 :  0.159 0.136 0.625 0.080 
 37 OmyAC19ROGR    (0)    1 :  0.092 0.091 0.563 0.254 
 38 OmyAC19ROGR    (0)    1 :  0.120 0.107 0.173 0.600 
 39 OmyAC19ROGR    (0)    1 :  0.446 0.355 0.087 0.112 
 40 OmyAC19ROGR    (0)    1 :  0.242 0.231 0.096 0.431 
 41 OmyAC19ROGR    (0)    1 :  0.356 0.415 0.147 0.083 
 42 OmyAC19ROGR    (0)    1 :  0.085 0.104 0.066 0.745 
 43 OmyAC19ROGR    (0)    1 :  0.382 0.445 0.086 0.087 
 44 OmyAC19ROGR    (8)    1 :  0.286 0.429 0.203 0.082 
 45 OmyAC19ROGR    (2)    1 :  0.155 0.178 0.241 0.425 
 46 OmyAC19ROGR    (0)    1 :  0.246 0.312 0.306 0.136 
 47 OmyAC19ROGR    (0)    1 :  0.138 0.142 0.660 0.060 
 48 OmyAC19ROGR    (0)    1 :  0.394 0.344 0.206 0.056 
 49 OmyAC19ROGR    (0)    1 :  0.356 0.256 0.308 0.080 
 50 OmyAC19ROGR    (0)    1 :  0.454 0.423 0.064 0.060 
 51 OmyAC19ROGR    (2)    1 :  0.084 0.102 0.094 0.720 
 52 OmyAC19ROGR    (0)    1 :  0.084 0.073 0.062 0.780 
 53 OmyAC19ROGR    (1)    1 :  0.219 0.238 0.479 0.064 
 54 OmyAC19ROGR    (0)    1 :  0.382 0.360 0.145 0.113 
 55 OmyAC19ROGR    (4)    1 :  0.252 0.250 0.390 0.107 
 56 OmyAC19ROGR    (0)    1 :  0.155 0.149 0.420 0.276 
 57 OmyAC19ROGR    (0)    1 :  0.069 0.083 0.806 0.042 
 58 OmyAC19ROGR    (0)    1 :  0.064 0.054 0.290 0.592 
 59 OmyAC19ROGR    (0)    1 :  0.166 0.164 0.614 0.057 
 60 OmyAC19ROGR    (0)    1 :  0.119 0.122 0.598 0.161 
 61 OmyAC19ROGR    (0)    1 :  0.470 0.307 0.124 0.099 
 62 OmyAC19ROGR    (0)    1 :  0.287 0.259 0.345 0.108 
 63 OmyAC19ROGR    (0)    1 :  0.275 0.222 0.245 0.259 
 64 OmyAC19ROGR    (2)    1 :  0.382 0.408 0.101 0.109 
 65 OmyAC19ROGR    (0)    1 :  0.331 0.286 0.313 0.070 
 66 OmyAC19ROGR    (5)    1 :  0.265 0.198 0.225 0.312 
 67 OmyAC19ROGR    (0)    1 :  0.168 0.117 0.655 0.060 
 68 OmyAC19ROGR    (1)    1 :  0.267 0.249 0.251 0.233 
 69 OmyAC19ROGR    (3)    1 :  0.235 0.199 0.363 0.204 
 70 OmyAC19ROGR    (0)    1 :  0.383 0.449 0.100 0.068 
 71 OmyAC19ROGR    (0)    1 :  0.267 0.239 0.403 0.091 
 72 OmyAC19ROGR    (5)    1 :  0.327 0.315 0.287 0.071 
 73 OmyAC19ROGR    (0)    1 :  0.344 0.324 0.118 0.215 
 74 OmyAC19ROGR    (0)    1 :  0.338 0.433 0.112 0.117 
 75 OmyAC19ROGR    (0)    1 :  0.337 0.394 0.105 0.164 
 76 OmyAC19ROGR    (0)    1 :  0.389 0.347 0.169 0.095 
 77 OmyAC19ROGR    (1)    1 :  0.027 0.034 0.027 0.913 
 78 OmyAC19ROGR    (0)    1 :  0.489 0.371 0.083 0.058 
 79 OmyAC19ROGR    (3)    1 :  0.400 0.353 0.133 0.115 
 80 OmyAC19ROGR    (0)    1 :  0.089 0.072 0.084 0.755 
 81 OmyAC19ROGR    (3)    1 :  0.250 0.230 0.174 0.346 
 82 OmyAC19ROGR    (1)    1 :  0.119 0.150 0.702 0.028 
 83 OmyAC19ROGR    (0)    1 :  0.346 0.383 0.198 0.073 
 84 OmyAC19ROGR    (0)    1 :  0.222 0.197 0.460 0.121 
 85 OmyAC19ROGR    (7)    1 :  0.379 0.366 0.169 0.087 
 86 OmyAC19ROGR    (0)    1 :  0.427 0.303 0.132 0.138 
 87 OmyAC19ROGR    (0)    1 :  0.321 0.443 0.173 0.062 
 88 OmyJC19ROGR    (0)    2 :  0.066 0.072 0.042 0.819 
 89 OmyJC19ROGR    (0)    2 :  0.255 0.265 0.380 0.100 
 90 OmyJC19ROGR    (0)    2 :  0.050 0.067 0.034 0.848 
 91 OmyJC19ROGR    (0)    2 :  0.323 0.202 0.452 0.024 
 92 OmyJC19ROGR    (0)    2 :  0.383 0.378 0.140 0.099 
 93 OmyJC19ROGR    (0)    2 :  0.309 0.456 0.158 0.077 
 94 OmyJC19ROGR    (0)    2 :  0.370 0.375 0.079 0.175 
 95 OmyJC19ROGR    (0)    2 :  0.287 0.345 0.144 0.223 
 96 OmyJC19ROGR    (0)    2 :  0.299 0.263 0.173 0.265 
 97 OmyJC19ROGR    (0)    2 :  0.211 0.242 0.187 0.360 
 98 OmyJC19ROGR    (0)    2 :  0.249 0.320 0.350 0.081 
 99 OmyJC19ROGR    (0)    2 :  0.218 0.317 0.369 0.096 
100 OmyJC19ROGR    (0)    2 :  0.297 0.273 0.364 0.065 
101 OmyJC19ROGR    (1)    2 :  0.153 0.134 0.178 0.536 
102 OmyJC19ROGR    (0)    2 :  0.236 0.268 0.341 0.155 
103 OmyJC19ROGR    (0)    2 :  0.232 0.229 0.181 0.358 
104 OmyJC19ROGR    (0)    2 :  0.233 0.238 0.480 0.049 
105 OmyJC19ROGR    (0)    2 :  0.206 0.289 0.196 0.308 
106 OmyJC19ROGR    (0)    2 :  0.050 0.055 0.042 0.853 
107 OmyJC19ROGR    (0)    2 :  0.101 0.114 0.523 0.262 
108 OmyJC19ROGR    (0)    2 :  0.353 0.418 0.116 0.114 
109 OmyJC19ROGR    (0)    2 :  0.258 0.237 0.300 0.205 
110 OmyJC19ROGR    (0)    2 :  0.125 0.163 0.150 0.562 
111 OmyJC19ROGR    (0)    2 :  0.140 0.129 0.642 0.088 
112 OmyJC19ROGR    (2)    2 :  0.211 0.215 0.317 0.256 
113 OmyJC19ROGR    (0)    2 :  0.231 0.155 0.108 0.505 
114 OmyJC19ROGR    (5)    2 :  0.386 0.410 0.133 0.072 
115 OmyJC19ROGR    (0)    2 :  0.336 0.497 0.106 0.061 
116 OmyJC19ROGR    (0)    2 :  0.355 0.368 0.125 0.152 
117 OmyJC19ROGR    (0)    2 :  0.327 0.297 0.214 0.162 
118 OmyJC19ROGR    (0)    2 :  0.373 0.397 0.186 0.044 
119 OmyJC19ROGR    (2)    2 :  0.381 0.420 0.135 0.064 
120 OmyJC19ROGR    (0)    2 :  0.203 0.167 0.585 0.045 
121 OmyJC19ROGR    (0)    2 :  0.159 0.213 0.581 0.047 
122 OmyJC19ROGR    (0)    2 :  0.347 0.306 0.233 0.114 
123 OmyJC19ROGR    (1)    2 :  0.381 0.398 0.182 0.039 
124 OmyJC19ROGR    (0)    2 :  0.292 0.358 0.088 0.262 
125 OmyJC19ROGR    (0)    2 :  0.350 0.362 0.155 0.134 
126 OmyJC19ROGR    (0)    2 :  0.091 0.112 0.046 0.752 
127 OmyJC19ROGR    (0)    2 :  0.267 0.218 0.457 0.058 
128 OmyJC19ROGR    (1)    2 :  0.394 0.328 0.220 0.058 
129 OmyJC19ROGR    (0)    2 :  0.347 0.284 0.077 0.292 
130 OmyJC19ROGR    (2)    2 :  0.386 0.380 0.080 0.154 
131 OmyJC19ROGR    (0)    2 :  0.185 0.206 0.512 0.097 
132 OmyJC19ROGR    (0)    2 :  0.279 0.426 0.193 0.101 
133 OmyJC19ROGR    (0)    2 :  0.340 0.475 0.143 0.042 
134 OmyJC19ROGR    (0)    2 :  0.363 0.275 0.280 0.083 
135 OmyJC19ROGR    (0)    2 :  0.141 0.120 0.646 0.093 
136 OmyJC19ROGR    (4)    2 :  0.300 0.383 0.169 0.148 
137 OmyJC19ROGR    (0)    2 :  0.278 0.209 0.285 0.227 
138 OmyJC19ROGR    (0)    2 :  0.070 0.091 0.172 0.666 
139 OmyJC19ROGR    (3)    2 :  0.317 0.298 0.338 0.046 
140 OmyJC19ROGR    (1)    2 :  0.417 0.312 0.121 0.149 
141 OmyJC19ROGR    (0)    2 :  0.366 0.312 0.126 0.196 
142 OmyJC19ROGR    (0)    2 :  0.161 0.154 0.200 0.485 
143 OmyJC19ROGR    (0)    2 :  0.304 0.411 0.123 0.162 
144 OmyJC19ROGR    (0)    2 :  0.266 0.215 0.479 0.039 
145 OmyJC19ROGR    (0)    2 :  0.367 0.355 0.219 0.060 
146 OmyJC19ROGR    (1)    2 :  0.280 0.245 0.331 0.144 
147 OmyJC19ROGR    (0)    2 :  0.149 0.126 0.470 0.255 
148 OmyJC19ROGR    (0)    2 :  0.121 0.132 0.663 0.083 
149 OmyJC19ROGR    (0)    2 :  0.312 0.230 0.380 0.078 
150 OmyJC19ROGR    (1)    2 :  0.373 0.402 0.116 0.109 
151 OmyJC19ROGR    (0)    2 :  0.439 0.309 0.083 0.169 
152 OmyJC19ROGR    (0)    2 :  0.202 0.283 0.453 0.061 
153 OmyJC19ROGR    (0)    2 :  0.147 0.186 0.554 0.113 
154 OmyJC19ROGR    (0)    2 :  0.217 0.218 0.434 0.131 
155 OmyJC19ROGR    (0)    2 :  0.496 0.332 0.091 0.081 
156 OmyJC19ROGR    (0)    2 :  0.233 0.381 0.268 0.118 
157 OmyJC19ROGR    (0)    2 :  0.290 0.302 0.137 0.271 
158 OmyJC19ROGR    (0)    2 :  0.293 0.365 0.316 0.027 
159 OmyJC19ROGR    (0)    2 :  0.332 0.475 0.142 0.051 
160 OmyJC19ROGR    (0)    2 :  0.316 0.283 0.252 0.149 
161 OmyJC19ROGR    (1)    2 :  0.117 0.142 0.698 0.043 
162 OmyJC19ROGR    (0)    2 :  0.177 0.240 0.284 0.299 
163 OmyJC19ROGR    (0)    2 :  0.122 0.172 0.564 0.142 
164 OmyJC19ROGR    (0)    2 :  0.267 0.248 0.448 0.037 
165 OmyJC19ROGR    (0)    2 :  0.326 0.357 0.270 0.047 
166 OmyJC19ROGR    (0)    2 :  0.369 0.406 0.111 0.114 
167 OmyJC19ROGR    (0)    2 :  0.191 0.276 0.349 0.184 
168 OmyJC19ROGR    (0)    2 :  0.373 0.295 0.194 0.138 
169 OmyJC19ROGR    (0)    2 :  0.040 0.057 0.027 0.876 
170 OmyJC19ROGR    (0)    2 :  0.345 0.337 0.180 0.139 
171 OmyJC19ROGR    (0)    2 :  0.281 0.425 0.229 0.066 
172 OmyJC19ROGR    (0)    2 :  0.146 0.133 0.388 0.333 
173 OmyJC19ROGR    (0)    2 :  0.058 0.060 0.055 0.827 
174 OmyJC19ROGR    (0)    2 :  0.400 0.402 0.136 0.063 
175 OmyJC19ROGR    (0)    2 :  0.407 0.446 0.091 0.056 
176 OmyJC19ROGR    (0)    2 :  0.230 0.166 0.340 0.265 
177 OmyJC19ROGR    (0)    2 :  0.100 0.127 0.743 0.030 
178 OmyJC19ROGR    (0)    2 :  0.383 0.330 0.205 0.081 
179 OmyJC19ROGR    (0)    2 :  0.393 0.405 0.131 0.071 
180 OmyJC19ROGR    (0)    2 :  0.048 0.056 0.053 0.843 
181 OmyJC19ROGR    (0)    2 :  0.354 0.383 0.131 0.132 
182 OmyJC19ROGR    (0)    2 :  0.239 0.193 0.450 0.119 
183 OmyJC19ROGR    (0)    2 :  0.252 0.331 0.334 0.083 
184 OmyJC19ROGR    (0)    2 :  0.103 0.077 0.115 0.705 
185 OmyJC19ROGR    (0)    2 :  0.499 0.341 0.126 0.034 
186 OmyJC19ROGR    (0)    2 :  0.214 0.200 0.219 0.367 
187 OmyJC19ROGR    (0)    2 :  0.347 0.511 0.073 0.070 
188 OmyJC19ROGR    (0)    2 :  0.312 0.388 0.220 0.080 
189 OmyJC19ROGR    (0)    2 :  0.190 0.281 0.179 0.350 
190 OmyJC19ROGR    (0)    2 :  0.197 0.180 0.493 0.130 
191 OmyJC19ROGR    (0)    2 :  0.294 0.450 0.158 0.098 
192 OmyJC19ROGR    (0)    2 :  0.516 0.268 0.156 0.060 
193 OmyJC19ROGR    (0)    2 :  0.117 0.120 0.487 0.276 
194 OmyJC19ROGR    (0)    2 :  0.202 0.187 0.575 0.036 
195 OmyJC19ROGR    (0)    2 :  0.096 0.098 0.047 0.759 
196 OmyJC19ROGR    (0)    2 :  0.355 0.540 0.048 0.057 
197 OmyJC19ROGR    (0)    2 :  0.320 0.317 0.286 0.077 
198 OmyJC19ROGR    (0)    2 :  0.049 0.062 0.075 0.815 
199 OmyJC19ROGR    (0)    2 :  0.388 0.232 0.338 0.042 
200 OmyJC19ROGR    (0)    2 :  0.240 0.298 0.203 0.259 
201 OmyJC19ROGR    (0)    2 :  0.321 0.240 0.397 0.042 
202 OmyJC19ROGR    (0)    2 :  0.267 0.297 0.396 0.041 
203 OmyJC19ROGR    (0)    2 :  0.367 0.455 0.117 0.061 
204 OmyJC19ROGR    (0)    2 :  0.297 0.335 0.229 0.138 
205 OmyJC19ROGR    (0)    2 :  0.205 0.261 0.339 0.194 
206 OmyJC19ROGR    (0)    2 :  0.050 0.036 0.034 0.880 
207 OmyJC19ROGR    (0)    2 :  0.110 0.128 0.295 0.467 
208 OmyJC19ROGR    (0)    2 :  0.347 0.268 0.308 0.077 
209 OmyJC19ROGR    (0)    2 :  0.218 0.163 0.232 0.387 
210 OmyJC19ROGR    (0)    2 :  0.060 0.063 0.029 0.847 
211 OmyJC19ROGR    (0)    2 :  0.276 0.165 0.380 0.179 
212 OmyJC19ROGR    (1)    2 :  0.082 0.085 0.571 0.262 
213 OmyJC19ROGR    (1)    2 :  0.369 0.387 0.099 0.144 
214 OmyJC19ROGR    (0)    2 :  0.162 0.179 0.456 0.202 
215 OmyJC19ROGR    (0)    2 :  0.456 0.356 0.145 0.044 
216 OmyJC19ROGR    (0)    2 :  0.128 0.122 0.213 0.537 
217 OmyJC19ROGR    (0)    2 :  0.155 0.128 0.122 0.595 
218 OmyJC19ROGR    (0)    2 :  0.352 0.451 0.112 0.085 
219 OmyJC19ROGR    (0)    2 :  0.207 0.178 0.343 0.273 
220 OmyJC19ROGR    (0)    2 :  0.162 0.165 0.649 0.024 
221 OmyJC19ROGR    (0)    2 :  0.141 0.149 0.500 0.211 
222 OmyJC19ROGR    (0)    2 :  0.354 0.322 0.263 0.062 
223 OmyJC19ROGR    (0)    2 :  0.236 0.206 0.377 0.180 
224 OmyJC19ROGR    (1)    2 :  0.410 0.307 0.162 0.122 
225 OmyJC19ROGR    (0)    2 :  0.038 0.042 0.158 0.762 
226 OmyJC19ROGR    (0)    2 :  0.288 0.240 0.055 0.417 
227 OmyJC19ROGR    (0)    2 :  0.050 0.063 0.045 0.841 
228 OmyJC19ROGR    (0)    2 :  0.308 0.300 0.313 0.079 
229 OmyJC19ROGR    (0)    2 :  0.317 0.429 0.197 0.057 
230 OmyJC19ROGR    (0)    2 :  0.205 0.260 0.270 0.266 
231 OmyJC19ROGR    (0)    2 :  0.215 0.229 0.366 0.190 
232 OmyJC19ROGR    (2)    2 :  0.240 0.238 0.355 0.168 
233 OmyJC19ROGR    (0)    2 :  0.186 0.221 0.313 0.281 
234 OmyJC19ROGR    (0)    2 :  0.038 0.040 0.031 0.891 
235 OmyJC19ROGR    (0)    2 :  0.108 0.096 0.088 0.707 
236 OmyJC19ROGR    (0)    2 :  0.101 0.084 0.760 0.055 
237 OmyJC19ROGR    (0)    2 :  0.171 0.137 0.550 0.142 
238 OmyJC19ROGR    (0)    2 :  0.095 0.082 0.729 0.095 
239 OmyJC19ROGR    (0)    2 :  0.398 0.239 0.280 0.083 
240 OmyJC19ROGR    (0)    2 :  0.329 0.335 0.205 0.131 
241 OmyJC19ROGR    (0)    2 :  0.257 0.339 0.110 0.294 
242 OmyJC19ROGR    (0)    2 :  0.197 0.153 0.616 0.034 
243 OmyJC19ROGR    (0)    2 :  0.323 0.404 0.200 0.073 
244 OmyJC19ROGR    (0)    2 :  0.331 0.433 0.161 0.074 
245 OmyJC19ROGR    (0)    2 :  0.052 0.052 0.050 0.846 
246 OmyJC19ROGR    (0)    2 :  0.209 0.285 0.281 0.226 
247 OmyJC19ROGR    (0)    2 :  0.117 0.126 0.086 0.671 
248 OmyJC19ROGR    (0)    2 :  0.281 0.231 0.073 0.414 
249 OmyJC19ROGR    (0)    2 :  0.302 0.468 0.095 0.135 
250 OmyJC19ROGR    (0)    2 :  0.319 0.424 0.114 0.142 
251 OmyJC19ROGR    (0)    2 :  0.400 0.401 0.085 0.115 
252 OmyJC19ROGR    (0)    2 :  0.292 0.218 0.363 0.127 
253 OmyJC19ROGR    (0)    2 :  0.412 0.346 0.089 0.153 
254 OmyJC19ROGR    (0)    2 :  0.364 0.343 0.113 0.179 
255 OmyJC19ROGR    (0)    2 :  0.245 0.300 0.351 0.104 
256 OmyJC19ROGR    (0)    2 :  0.231 0.347 0.210 0.212 
257 OmyJC19ROGR    (0)    2 :  0.316 0.495 0.088 0.101 
258 OmyAC19ROGR    (0)    1 :  0.425 0.267 0.177 0.131 
259 OmyAC19ROGR    (0)    1 :  0.199 0.187 0.186 0.428 
260 OmyAC19ROGR    (0)    1 :  0.512 0.333 0.067 0.089 
261 OmyAC19ROGR    (0)    1 :  0.395 0.374 0.069 0.162 
262 OmyAC19ROGR    (0)    1 :  0.450 0.307 0.080 0.164 
263 OmyAC19ROGR    (0)    1 :  0.241 0.320 0.307 0.132 
264 OmyAC19ROGR    (0)    1 :  0.371 0.411 0.113 0.106 
265 OmyAC19ROGR    (0)    1 :  0.366 0.469 0.085 0.079 
266 OmyAC19ROGR    (0)    1 :  0.330 0.490 0.124 0.056 
267 OmyAC19ROGR    (0)    1 :  0.270 0.334 0.072 0.325 
268 OmyAC19ROGR    (0)    1 :  0.236 0.266 0.308 0.190 
269 OmyAC19ROGR    (1)    1 :  0.268 0.384 0.097 0.251 
270 OmyAC19ROGR    (0)    1 :  0.310 0.541 0.078 0.072 
271 OmyAC19ROGR    (0)    1 :  0.217 0.223 0.116 0.444 
272 OmyAC19ROGR    (0)    1 :  0.238 0.266 0.253 0.242 
273 OmyAC19ROGR    (0)    1 :  0.411 0.350 0.186 0.053 
274 OmyAC19ROGR    (0)    1 :  0.120 0.184 0.082 0.614 
275 OmyAC19ROGR    (0)    1 :  0.142 0.113 0.627 0.118 
276 OmyAC19ROGR    (0)    1 :  0.308 0.329 0.239 0.124 
277 OmyAC19ROGR    (0)    1 :  0.367 0.278 0.138 0.217 
278 OmyAC19ROGR    (0)    1 :  0.129 0.149 0.407 0.315 
279 OmyAC19ROGR    (0)    1 :  0.269 0.149 0.358 0.224 
280 OmyAC19ROGR    (0)    1 :  0.319 0.297 0.134 0.250 
281 OmyAC19ROGR    (0)    1 :  0.363 0.401 0.147 0.089 
282 OmyAC19ROGR    (0)    1 :  0.287 0.255 0.192 0.266 
283 OmyAC19ROGR    (0)    1 :  0.283 0.326 0.235 0.156 
284 OmyAC19ROGR    (0)    1 :  0.334 0.484 0.122 0.060 
285 OmyAC19ROGR    (0)    1 :  0.351 0.346 0.209 0.095 
286 OmyAC19ROGR    (0)    1 :  0.421 0.348 0.167 0.063 
287 OmyAC19ROGR    (0)    1 :  0.032 0.035 0.020 0.914 
288 OmyAC19ROGR    (0)    1 :  0.054 0.046 0.299 0.601 
289 OmyAC19ROGR    (0)    1 :  0.312 0.377 0.149 0.161 
290 OmyAC19ROGR    (1)    1 :  0.031 0.033 0.034 0.902 
291 OmyAC19ROGR    (0)    1 :  0.188 0.238 0.114 0.460 
292 OmyAC19ROGR    (0)    1 :  0.332 0.345 0.144 0.179 
293 OmyAC19ROGR    (0)    1 :  0.176 0.211 0.520 0.093 
294 OmyAC19ROGR    (0)    1 :  0.273 0.324 0.065 0.339 
295 OmyAC19ROGR    (0)    1 :  0.559 0.337 0.048 0.055 
296 OmyAC19ROGR    (0)    1 :  0.177 0.143 0.619 0.062 
297 OmyAC19ROGR    (0)    1 :  0.175 0.178 0.047 0.599 
298 OmyAC19ROGR    (0)    1 :  0.376 0.265 0.278 0.080 
299 OmyAC19ROGR    (0)    1 :  0.314 0.250 0.170 0.265 
300 OmyAC19ROGR    (0)    1 :  0.334 0.355 0.199 0.113 
301 OmyAC19ROGR    (0)    1 :  0.060 0.069 0.053 0.818 
302 OmyAC19ROGR    (0)    1 :  0.139 0.126 0.159 0.575 
303 OmyAC19ROGR    (0)    1 :  0.314 0.386 0.152 0.148 
304 OmyAC19ROGR    (0)    1 :  0.119 0.111 0.444 0.327 
305 OmyAC19ROGR    (0)    1 :  0.337 0.427 0.158 0.078 
306 OmyAC19ROGR    (0)    1 :  0.180 0.217 0.067 0.535 
307 OmyAC19ROGR    (1)    1 :  0.260 0.355 0.314 0.072 
308 OmyAC19ROGR    (0)    1 :  0.253 0.386 0.152 0.209 
309 OmyAC19ROGR    (0)    1 :  0.108 0.097 0.051 0.745 
310 OmyAC19ROGR    (0)    1 :  0.249 0.292 0.096 0.363 
311 OmyAC19ROGR    (0)    1 :  0.190 0.142 0.087 0.582 
312 OmyAC19ROGR    (0)    1 :  0.323 0.445 0.138 0.094 
313 OmyAC19ROGR    (0)    1 :  0.297 0.281 0.316 0.106 
314 OmyAC19ROGR    (0)    1 :  0.268 0.237 0.307 0.188 
315 OmyAC19ROGR    (0)    1 :  0.305 0.420 0.074 0.202 
316 OmyAC19ROGR    (0)    1 :  0.417 0.482 0.050 0.052 
317 OmyAC19ROGR    (0)    1 :  0.135 0.145 0.651 0.069 
318 OmyAC19ROGR    (0)    1 :  0.288 0.284 0.383 0.045 
319 OmyAC19ROGR    (0)    1 :  0.345 0.363 0.252 0.040 
320 OmyAC19ROGR    (0)    1 :  0.291 0.419 0.257 0.033 
321 OmyAC19ROGR    (0)    1 :  0.404 0.365 0.171 0.060 
322 OmyAC19ROGR    (0)    1 :  0.340 0.224 0.070 0.366 
323 OmyAC19ROGR    (0)    1 :  0.436 0.298 0.165 0.101 
324 OmyAC19ROGR    (0)    1 :  0.361 0.490 0.099 0.050 
325 OmyAC19ROGR    (0)    1 :  0.246 0.349 0.107 0.298 
326 OmyAC19ROGR    (0)    1 :  0.322 0.478 0.120 0.080 
327 OmyAC19ROGR    (0)    1 :  0.370 0.478 0.086 0.065 
328 OmyAC20ROGR    (0)    1 :  0.272 0.271 0.384 0.073 
329 OmyAC20ROGR    (0)    1 :  0.274 0.261 0.258 0.207 
330 OmyAC20ROGR    (0)    1 :  0.228 0.253 0.299 0.220 
331 OmyAC20ROGR    (0)    1 :  0.127 0.152 0.109 0.612 
332 OmyAC20ROGR    (0)    1 :  0.264 0.305 0.156 0.275 
333 OmyAC20ROGR    (0)    1 :  0.276 0.361 0.069 0.295 
334 OmyAC20ROGR    (0)    1 :  0.372 0.401 0.104 0.122 
335 OmyAC20ROGR    (0)    1 :  0.397 0.417 0.123 0.063 
336 OmyAC20ROGR    (0)    1 :  0.299 0.298 0.179 0.224 
337 OmyAC20ROGR    (0)    1 :  0.183 0.153 0.149 0.515 
338 OmyAC20ROGR    (0)    1 :  0.335 0.408 0.090 0.166 
339 OmyAC20ROGR    (0)    1 :  0.377 0.267 0.224 0.132 
340 OmyAC20ROGR    (0)    1 :  0.314 0.367 0.204 0.115 
341 OmyAC20ROGR    (0)    1 :  0.178 0.158 0.573 0.091 
342 OmyAC20ROGR    (0)    1 :  0.246 0.241 0.269 0.243 
343 OmyAC20ROGR    (0)    1 :  0.128 0.189 0.606 0.076 
344 OmyAC20ROGR    (0)    1 :  0.192 0.268 0.199 0.341 
345 OmyAC20ROGR    (1)    1 :  0.400 0.346 0.045 0.209 
346 OmyAC20ROGR    (0)    1 :  0.289 0.311 0.081 0.319 
347 OmyAC20ROGR    (0)    1 :  0.200 0.215 0.240 0.346 
348 OmyAC20ROGR    (0)    1 :  0.190 0.201 0.411 0.198 
349 OmyAC20ROGR    (0)    1 :  0.243 0.244 0.445 0.067 
350 OmyAC20ROGR    (0)    1 :  0.111 0.105 0.679 0.105 
351 OmyAC20ROGR    (0)    1 :  0.370 0.367 0.135 0.129 
352 OmyAC20ROGR    (0)    1 :  0.413 0.342 0.162 0.084 
353 OmyAC20ROGR    (0)    1 :  0.320 0.391 0.133 0.156 
354 OmyAC20ROGR    (0)    1 :  0.149 0.131 0.326 0.394 
355 OmyAC20ROGR    (0)    1 :  0.104 0.093 0.633 0.171 
356 OmyAC20ROGR    (0)    1 :  0.280 0.304 0.124 0.293 
357 OmyAC20ROGR    (0)    1 :  0.285 0.357 0.263 0.095 
358 OmyAC20ROGR    (0)    1 :  0.335 0.361 0.234 0.069 
359 OmyAC20ROGR    (0)    1 :  0.181 0.146 0.237 0.436 
360 OmyAC20ROGR    (0)    1 :  0.315 0.318 0.126 0.241 
361 OmyAC20ROGR    (0)    1 :  0.208 0.209 0.524 0.060 
362 OmyAC20ROGR    (0)    1 :  0.390 0.300 0.145 0.165 
363 OmyAC20ROGR    (0)    1 :  0.110 0.103 0.369 0.418 
364 OmyAC20ROGR    (1)    1 :  0.348 0.272 0.277 0.102 
365 OmyAC20ROGR    (0)    1 :  0.439 0.321 0.180 0.060 
366 OmyAC20ROGR    (0)    1 :  0.352 0.531 0.076 0.041 
367 OmyAC20ROGR    (0)    1 :  0.469 0.347 0.084 0.101 
368 OmyAC20ROGR    (0)    1 :  0.406 0.286 0.217 0.091 
369 OmyAC20ROGR    (0)    1 :  0.175 0.133 0.334 0.358 
370 OmyAC20ROGR    (0)    1 :  0.163 0.107 0.064 0.665 
371 OmyAC20ROGR    (0)    1 :  0.074 0.073 0.066 0.787 
372 OmyAC20ROGR    (2)    1 :  0.058 0.052 0.051 0.839 
373 OmyAC20ROGR    (0)    1 :  0.094 0.097 0.169 0.640 
374 OmyAC20ROGR    (0)    1 :  0.424 0.352 0.182 0.042 
375 OmyAC20ROGR    (0)    1 :  0.324 0.337 0.170 0.169 
376 OmyAC20ROGR    (0)    1 :  0.245 0.234 0.243 0.278 
377 OmyAC20ROGR    (0)    1 :  0.350 0.417 0.179 0.054 
378 OmyAC20ROGR    (0)    1 :  0.363 0.322 0.261 0.054 
379 OmyAC20ROGR    (0)    1 :  0.159 0.174 0.166 0.501 
380 OmyAC20ROGR    (0)    1 :  0.335 0.544 0.064 0.057 
381 OmyAC20ROGR    (0)    1 :  0.322 0.299 0.181 0.198 
382 OmyAC20ROGR    (0)    1 :  0.051 0.063 0.056 0.830 
383 OmyAC20ROGR    (0)    1 :  0.355 0.427 0.057 0.160 
384 OmyAC20ROGR    (0)    1 :  0.193 0.200 0.142 0.464 
385 OmyAC20ROGR    (0)    1 :  0.272 0.232 0.218 0.278 
386 OmyAC20ROGR    (0)    1 :  0.302 0.283 0.098 0.317 
387 OmyAC20ROGR    (0)    1 :  0.210 0.214 0.072 0.503 
388 OmyAC20ROGR    (0)    1 :  0.196 0.161 0.140 0.502 
389 OmyAC20ROGR    (0)    1 :  0.390 0.447 0.088 0.075 
390 OmyAC20ROGR    (0)    1 :  0.103 0.118 0.750 0.028 
391 OmyAC20ROGR    (0)    1 :  0.087 0.081 0.244 0.588 
392 OmyAC20ROGR    (0)    1 :  0.185 0.191 0.183 0.442 
393 OmyAC20ROGR    (0)    1 :  0.228 0.239 0.370 0.163 
394 OmyAC20ROGR    (0)    1 :  0.387 0.248 0.177 0.188 
395 OmyAC20ROGR    (0)    1 :  0.281 0.228 0.344 0.147 
396 OmyAC20ROGR    (0)    1 :  0.292 0.306 0.265 0.137 
397 OmyAC20ROGR    (0)    1 :  0.350 0.304 0.069 0.276 
398 OmyAC20ROGR    (0)    1 :  0.145 0.166 0.062 0.627 
399 OmyAC20ROGR    (0)    1 :  0.415 0.302 0.058 0.225 
400 OmyAC20ROGR    (0)    1 :  0.351 0.421 0.072 0.155 
401 OmyAC20ROGR    (0)    1 :  0.100 0.068 0.126 0.706 
402 OmyAC20ROGR    (0)    1 :  0.267 0.214 0.489 0.031 
403 OmyAC20ROGR    (0)    1 :  0.307 0.252 0.272 0.169 
404 OmyAC20ROGR    (0)    1 :  0.349 0.439 0.174 0.038 
405 OmyAC20ROGR    (0)    1 :  0.189 0.140 0.214 0.457 
406 OmyAC20ROGR    (0)    1 :  0.332 0.252 0.326 0.090 
407 OmyAC20ROGR    (0)    1 :  0.369 0.481 0.069 0.081 
408 OmyAC20ROGR    (0)    1 :  0.077 0.093 0.662 0.168 
409 OmyAC20ROGR    (0)    1 :  0.365 0.463 0.102 0.070 
410 OmyAC20ROGR    (0)    1 :  0.071 0.079 0.034 0.815 
411 OmyAC20ROGR    (0)    1 :  0.133 0.122 0.079 0.666 
412 OmyAC20ROGR    (0)    1 :  0.203 0.308 0.166 0.323 
413 OmyAC20ROGR    (0)    1 :  0.317 0.446 0.086 0.151 
414 OmyAC20ROGR    (0)    1 :  0.223 0.208 0.149 0.421 
415 OmyAC20ROGR    (0)    1 :  0.418 0.324 0.178 0.080 
416 OmyAC20ROGR    (0)    1 :  0.338 0.479 0.101 0.083 
417 OmyAC20ROGR    (0)    1 :  0.363 0.479 0.117 0.041 
418 OmyAC20ROGR    (0)    1 :  0.257 0.324 0.155 0.264 
419 OmyAC20ROGR    (0)    1 :  0.137 0.148 0.199 0.515 
420 OmyAC20ROGR    (0)    1 :  0.203 0.146 0.566 0.085 
421 OmyAC20ROGR    (0)    1 :  0.412 0.358 0.085 0.145 
422 OmyAC20ROGR    (0)    1 :  0.057 0.053 0.039 0.851 
423 OmyAC20ROGR    (0)    1 :  0.396 0.478 0.056 0.070 
424 OmyAC20ROGR    (0)    1 :  0.267 0.193 0.486 0.054 
425 OmyAC20ROGR    (0)    1 :  0.058 0.058 0.054 0.830 
426 OmyAC20ROGR    (0)    1 :  0.382 0.456 0.072 0.090 
427 OmyAC20ROGR    (0)    1 :  0.367 0.382 0.130 0.121 
428 OmyAC20ROGR    (0)    1 :  0.083 0.076 0.039 0.802 
429 OmyAC20ROGR    (0)    1 :  0.213 0.175 0.553 0.059 
430 OmyAC20ROGR    (0)    1 :  0.406 0.272 0.182 0.140 
431 OmyAC20ROGR    (0)    1 :  0.174 0.168 0.075 0.583 
432 OmyAC20ROGR    (0)    1 :  0.059 0.051 0.043 0.847 
433 OmyAC20ROGR    (0)    1 :  0.065 0.050 0.181 0.705 
434 OmyAC20ROGR    (0)    1 :  0.240 0.233 0.098 0.429 
435 OmyAC20ROGR    (0)    1 :  0.332 0.481 0.104 0.083 
436 OmyAC20ROGR    (0)    1 :  0.396 0.435 0.056 0.113 
437 OmyAC20ROGR    (0)    1 :  0.082 0.083 0.123 0.712 
438 OmyAC20ROGR    (0)    1 :  0.274 0.180 0.134 0.412 
439 OmyAC20ROGR    (0)    1 :  0.498 0.330 0.053 0.119 
440 OmyAC20ROGR    (0)    1 :  0.159 0.141 0.079 0.621 
441 OmyAC20ROGR    (0)    1 :  0.327 0.200 0.402 0.071 
442 OmyAC20ROGR    (0)    1 :  0.415 0.274 0.162 0.150 
443 OmyAC20ROGR    (0)    1 :  0.553 0.290 0.091 0.066 
444 OmyAC20ROGR    (0)    1 :  0.256 0.341 0.062 0.341 
445 OmyAC20ROGR    (0)    1 :  0.273 0.247 0.266 0.214 
446 OmyJC18ROGR    (0)    2 :  0.172 0.185 0.280 0.362 
447 OmyJC18ROGR    (0)    2 :  0.268 0.341 0.232 0.160 
448 OmyJC18ROGR    (0)    2 :  0.326 0.359 0.151 0.163 
449 OmyJC18ROGR    (0)    2 :  0.082 0.078 0.249 0.591 
450 OmyJC18ROGR    (0)    2 :  0.147 0.122 0.096 0.635 
451 OmyJC18ROGR    (0)    2 :  0.094 0.070 0.043 0.793 
452 OmyJC18ROGR    (0)    2 :  0.269 0.239 0.116 0.376 
453 OmyJC18ROGR    (0)    2 :  0.083 0.081 0.798 0.039 
454 OmyJC18ROGR    (0)    2 :  0.088 0.081 0.068 0.764 
455 OmyJC18ROGR    (0)    2 :  0.285 0.437 0.134 0.144 
456 OmyJC18ROGR    (0)    2 :  0.062 0.072 0.041 0.826 
457 OmyJC18ROGR    (0)    2 :  0.379 0.429 0.058 0.133 
458 OmyJC18ROGR    (0)    2 :  0.120 0.144 0.533 0.203 
459 OmyJC18ROGR    (1)    2 :  0.407 0.436 0.114 0.042 
460 OmyJC18ROGR    (2)    2 :  0.344 0.255 0.179 0.222 
461 OmyJC18ROGR    (2)    2 :  0.216 0.254 0.097 0.432 
462 OmyJC18ROGR    (3)    2 :  0.247 0.179 0.278 0.296 
463 OmyJC18ROGR    (0)    2 :  0.077 0.088 0.105 0.730 
464 OmyJC18ROGR    (4)    2 :  0.325 0.495 0.136 0.044 
465 OmyJC18ROGR    (3)    2 :  0.295 0.331 0.238 0.136 
466 OmyJC18ROGR    (0)    2 :  0.341 0.295 0.168 0.196 
467 OmyJC18ROGR    (0)    2 :  0.382 0.375 0.138 0.106 
468 OmyJC18ROGR    (0)    2 :  0.207 0.148 0.474 0.172 
469 OmyJC18ROGR    (0)    2 :  0.079 0.067 0.031 0.823 
470 OmyJC18ROGR    (5)    2 :  0.161 0.141 0.168 0.529 
471 OmyJC18ROGR    (1)    2 :  0.384 0.289 0.122 0.205 
472 OmyJC18ROGR    (2)    2 :  0.373 0.391 0.099 0.137 
473 OmyJC18ROGR    (3)    2 :  0.290 0.359 0.282 0.068 
474 OmyJC18ROGR    (0)    2 :  0.089 0.075 0.778 0.058 
475 OmyJC18ROGR    (2)    2 :  0.189 0.177 0.171 0.462 
476 OmyJC18ROGR    (1)    2 :  0.459 0.379 0.091 0.071 
477 OmyJC18ROGR    (4)    2 :  0.205 0.157 0.402 0.235 
478 OmyJC18ROGR    (0)    2 :  0.340 0.360 0.194 0.106 
479 OmyJC18ROGR    (0)    2 :  0.430 0.422 0.100 0.048 
480 OmyJC18ROGR    (1)    2 :  0.308 0.327 0.198 0.167 
481 OmyJC18ROGR    (3)    2 :  0.330 0.268 0.274 0.128 
482 OmyJC18ROGR    (3)    2 :  0.221 0.192 0.541 0.046 
483 OmyJC18ROGR    (4)    2 :  0.342 0.232 0.363 0.063 
484 OmyJC18ROGR    (4)    2 :  0.465 0.307 0.147 0.081 
485 OmyJC18ROGR    (3)    2 :  0.185 0.159 0.170 0.486 
486 OmyJC18ROGR    (3)    2 :  0.182 0.196 0.166 0.456 
487 OmyJC18ROGR    (1)    2 :  0.184 0.199 0.442 0.175 
488 OmyJC18ROGR    (5)    2 :  0.358 0.373 0.169 0.100 
489 OmyJC18ROGR    (0)    2 :  0.472 0.309 0.156 0.063 
490 OmyJC18ROGR    (3)    2 :  0.430 0.324 0.124 0.122 
491 OmyJC18ROGR    (7)    2 :  0.088 0.094 0.710 0.108 
492 OmyJC18ROGR    (6)    2 :  0.098 0.121 0.733 0.047 
493 OmyJC18ROGR    (3)    2 :  0.375 0.360 0.091 0.174 
494 OmyJC18ROGR    (3)    2 :  0.092 0.078 0.052 0.779 
495 OmyJC18ROGR    (5)    2 :  0.220 0.277 0.145 0.357 
496 OmyJC18ROGR    (0)    2 :  0.334 0.313 0.207 0.146 
497 OmyJC18ROGR    (5)    2 :  0.159 0.178 0.624 0.040 
498 OmyJC18ROGR    (6)    2 :  0.439 0.324 0.095 0.142 
499 OmyJC18ROGR    (0)    2 :  0.432 0.398 0.102 0.068 
500 OmyJC18ROGR    (1)    2 :  0.180 0.176 0.563 0.082 
501 OmyJC18ROGR    (4)    2 :  0.235 0.211 0.112 0.443 
502 OmyJC18ROGR    (2)    2 :  0.227 0.197 0.318 0.259 
503 OmyJC18ROGR    (5)    2 :  0.297 0.296 0.321 0.086 
504 OmyJC18ROGR    (2)    2 :  0.363 0.229 0.161 0.248 
505 OmyJC18ROGR    (0)    2 :  0.222 0.229 0.204 0.345 
506 OmyJC18ROGR    (8)    2 :  0.255 0.234 0.408 0.103 
507 OmyJC18ROGR    (0)    2 :  0.280 0.190 0.347 0.183 
508 OmyJC18ROGR    (0)    2 :  0.193 0.191 0.371 0.245 
509 OmyJC18ROGR    (1)    2 :  0.039 0.036 0.031 0.894 
510 OmyJC18ROGR    (1)    2 :  0.418 0.316 0.135 0.131 
511 OmyJC18ROGR    (5)    2 :  0.229 0.279 0.278 0.214 
512 OmyJC18ROGR    (2)    2 :  0.073 0.070 0.093 0.763 
513 OmyJC18ROGR    (9)    2 :  0.179 0.209 0.261 0.351 
514 OmyJC18ROGR    (4)    2 :  0.154 0.140 0.261 0.445 
515 OmyJC18ROGR    (1)    2 :  0.194 0.225 0.448 0.133 
516 OmyJC18ROGR    (3)    2 :  0.295 0.338 0.152 0.215 
517 OmyJC18ROGR    (3)    2 :  0.177 0.158 0.143 0.521 
518 OmyJC18ROGR    (0)    2 :  0.239 0.178 0.482 0.101 
519 OmyJC18ROGR    (9)    2 :  0.277 0.386 0.238 0.100 
520 OmyJC18ROGR    (6)    2 :  0.432 0.315 0.123 0.131 
521 OmyJC18ROGR    (2)    2 :  0.254 0.284 0.287 0.175 
522 OmyJC18ROGR    (1)    2 :  0.445 0.279 0.117 0.159 
523 OmyJC18ROGR    (4)    2 :  0.375 0.274 0.236 0.116 
524 OmyJC18ROGR    (0)    2 :  0.407 0.407 0.076 0.109 
525 OmyJC18ROGR    (2)    2 :  0.251 0.194 0.450 0.106 
526 OmyJC18ROGR    (3)    2 :  0.183 0.187 0.499 0.131 
527 OmyJC18ROGR    (0)    2 :  0.416 0.332 0.177 0.075 
528 OmyJC18ROGR    (0)    2 :  0.282 0.317 0.330 0.071 
529 OmyJC18ROGR    (1)    2 :  0.457 0.365 0.093 0.085 
530 OmyJC18ROGR    (0)    2 :  0.279 0.284 0.371 0.067 
531 OmyJC18ROGR    (0)    2 :  0.280 0.374 0.084 0.262 
532 OmyJC18ROGR    (2)    2 :  0.336 0.344 0.277 0.043 
533 OmyJC18ROGR    (2)    2 :  0.419 0.451 0.098 0.032 
534 OmyJC18ROGR    (2)    2 :  0.398 0.311 0.187 0.104 
535 OmyJC18ROGR    (0)    2 :  0.398 0.361 0.152 0.090 
536 OmyJC18ROGR    (0)    2 :  0.363 0.381 0.194 0.062 
537 OmyJC18ROGR    (0)    2 :  0.376 0.325 0.265 0.035 
538 OmyJC18ROGR    (0)    2 :  0.320 0.418 0.163 0.099 
539 OmyJC18ROGR    (0)    2 :  0.372 0.389 0.155 0.084 
540 OmyJC18ROGR    (8)    2 :  0.116 0.110 0.680 0.095 
541 OmyJC18ROGR    (1)    2 :  0.303 0.431 0.140 0.125 
542 OmyJC18ROGR    (1)    2 :  0.144 0.155 0.349 0.352 
543 OmyJC18ROGR    (0)    2 :  0.204 0.196 0.474 0.127 
544 OmyJC18ROGR    (2)    2 :  0.273 0.399 0.246 0.082 
545 OmyJC18ROGR    (1)    2 :  0.197 0.200 0.079 0.525 
546 OmyJC18ROGR    (9)    2 :  0.326 0.372 0.254 0.048 
547 OmyJC18ROGR    (0)    2 :  0.356 0.389 0.073 0.182 
548 OmyJC18ROGR    (0)    2 :  0.226 0.178 0.319 0.277 
549 OmyJC18ROGR    (0)    2 :  0.239 0.373 0.237 0.151 
550 OmyJC18ROGR    (1)    2 :  0.177 0.185 0.075 0.563 
551 OmyJC18ROGR    (1)    2 :  0.243 0.277 0.375 0.104 
552 OmyJC18ROGR    (2)    2 :  0.358 0.434 0.080 0.127 
553 OmyJC18ROGR   (10)    2 :  0.266 0.368 0.275 0.092 
554 OmyJC18ROGR    (2)    2 :  0.280 0.274 0.368 0.078 
555 OmyJC18ROGR    (4)    2 :  0.285 0.247 0.394 0.074 
556 OmyJC18ROGR    (0)    2 :  0.199 0.288 0.366 0.148 
557 OmyJC18ROGR    (2)    2 :  0.339 0.250 0.139 0.271 
558 OmyJC18ROGR    (0)    2 :  0.301 0.291 0.070 0.338 
559 OmyJC18ROGR    (0)    2 :  0.201 0.152 0.560 0.086 
560 OmyJC18ROGR    (8)    2 :  0.272 0.198 0.341 0.188 
561 OmyJC18ROGR    (0)    2 :  0.371 0.506 0.078 0.045 
562 OmyJC18ROGR    (8)    2 :  0.226 0.272 0.321 0.181 
563 OmyJC18ROGR    (2)    2 :  0.415 0.262 0.225 0.098 
564 OmyJC18ROGR    (4)    2 :  0.315 0.424 0.145 0.116 
565 OmyJC18ROGR    (3)    2 :  0.263 0.250 0.282 0.205 
566 OmyJC18ROGR    (1)    2 :  0.346 0.248 0.195 0.211 
567 OmyJC18ROGR    (0)    2 :  0.347 0.221 0.331 0.100 
568 OmyJC18ROGR    (5)    2 :  0.230 0.324 0.213 0.233 
569 OmyJC18ROGR    (2)    2 :  0.165 0.116 0.671 0.048 
570 OmyJC18ROGR    (0)    2 :  0.393 0.387 0.127 0.092 
571 OmyJC18ROGR    (2)    2 :  0.439 0.357 0.091 0.113 
572 OmyJC18ROGR    (6)    2 :  0.286 0.263 0.353 0.098 
573 OmyJC18ROGR    (5)    2 :  0.206 0.160 0.156 0.478 
574 OmyJC18ROGR    (8)    2 :  0.290 0.316 0.155 0.240 
575 OmyJC18ROGR    (3)    2 :  0.306 0.425 0.215 0.054 
576 OmyJC18ROGR    (0)    2 :  0.135 0.156 0.540 0.169 
577 OmyJC18ROGR    (0)    2 :  0.056 0.066 0.036 0.842 
578 OmyJC18ROGR    (1)    2 :  0.410 0.357 0.157 0.076 
579 OmyJC18ROGR    (0)    2 :  0.188 0.158 0.040 0.613 
580 OmyJC18ROGR    (0)    2 :  0.256 0.352 0.336 0.057 
581 OmyJC18ROGR    (6)    2 :  0.203 0.180 0.519 0.098 
582 OmyJC18ROGR    (7)    2 :  0.367 0.398 0.177 0.058 
583 OmyJC18ROGR    (3)    2 :  0.301 0.429 0.196 0.075 
584 OmyJC18ROGR    (5)    2 :  0.327 0.329 0.252 0.092 
585 OmyJC18ROGR    (1)    2 :  0.341 0.380 0.107 0.171 
586 OmyJC18ROGR    (2)    2 :  0.364 0.364 0.231 0.041 
587 OmyJC18ROGR    (0)    2 :  0.037 0.035 0.029 0.899 
588 OmyJC18ROGR    (0)    2 :  0.298 0.230 0.191 0.281 
589 OmyJC18ROGR    (1)    2 :  0.268 0.276 0.320 0.136 
590 OmyJC18ROGR    (2)    2 :  0.439 0.434 0.101 0.026 
591 OmyJC18ROGR    (0)    2 :  0.317 0.399 0.210 0.075 
592 OmyJC18ROGR    (4)    2 :  0.382 0.290 0.245 0.084 
593 OmyJC18ROGR    (0)    2 :  0.272 0.310 0.206 0.211 
594 OmyJC18ROGR    (1)    2 :  0.462 0.360 0.115 0.064 
595 OmyJC18ROGR    (0)    2 :  0.142 0.142 0.448 0.268 
596 OmyJC18ROGR    (0)    2 :  0.325 0.287 0.256 0.132 
597 OmyJC18ROGR    (0)    2 :  0.183 0.174 0.456 0.187 
598 OmyJC18ROGR    (0)    2 :  0.390 0.262 0.263 0.085 
599 OmyJC18ROGR    (0)    2 :  0.291 0.410 0.115 0.184 
600 OmyJC18ROGR    (0)    2 :  0.404 0.333 0.157 0.106 
601 OmyJC18ROGR    (0)    2 :  0.248 0.198 0.511 0.043 
602 OmyJC18ROGR    (0)    2 :  0.219 0.286 0.222 0.272 
603 OmyJC18ROGR    (0)    2 :  0.485 0.304 0.156 0.055 
604 OmyJC18ROGR    (0)    2 :  0.346 0.482 0.107 0.065 
605 OmyJC18ROGR    (0)    2 :  0.319 0.301 0.306 0.074 
606 OmyJC18ROGR    (0)    2 :  0.363 0.276 0.194 0.167 
607 OmyJC18ROGR    (0)    2 :  0.382 0.479 0.066 0.073 
608 OmyJC18ROGR    (0)    2 :  0.452 0.382 0.114 0.052 
609 OmyJC18ROGR    (0)    2 :  0.148 0.125 0.648 0.079 
610 OmyJC18ROGR    (6)    2 :  0.101 0.116 0.054 0.729 
611 OmyJC18ROGR    (0)    2 :  0.216 0.193 0.275 0.315 
612 OmyJC18ROGR    (3)    2 :  0.357 0.357 0.115 0.171 
613 OmyJC18ROGR    (0)    2 :  0.318 0.349 0.174 0.159 
614 OmyJC18ROGR    (0)    2 :  0.238 0.221 0.226 0.314 
615 OmyJC18ROGR    (0)    2 :  0.374 0.512 0.077 0.037 
616 OmyJC18ROGR    (0)    2 :  0.075 0.062 0.777 0.085 
617 OmyJC18ROGR    (0)    2 :  0.406 0.260 0.193 0.142 
618 OmyJC18ROGR    (0)    2 :  0.350 0.355 0.064 0.232 
619 OmyJC18ROGR    (0)    2 :  0.372 0.338 0.217 0.073 
620 OmyJC18ROGR    (0)    2 :  0.095 0.091 0.493 0.321 
621 OmyJC18ROGR    (2)    2 :  0.120 0.165 0.614 0.101 
622 OmyJC18ROGR    (3)    2 :  0.205 0.219 0.393 0.182 
623 OmyJC18ROGR    (1)    2 :  0.340 0.466 0.060 0.134 
624 OmyJC18ROGR    (2)    2 :  0.203 0.352 0.312 0.133 
625 OmyJC18ROGR    (1)    2 :  0.283 0.302 0.122 0.293 
626 OmyJC18ROGR    (9)    2 :  0.258 0.281 0.406 0.055 
627 OmyJC18ROGR    (0)    2 :  0.358 0.309 0.164 0.169 
628 OmyJC18ROGR    (0)    2 :  0.032 0.027 0.038 0.904 
629 OmyJC18ROGR    (2)    2 :  0.274 0.441 0.115 0.169 
630 OmyJC18ROGR    (1)    2 :  0.086 0.072 0.797 0.045 
631 OmyJC18ROGR    (4)    2 :  0.415 0.383 0.153 0.049 
632 OmyJC18ROGR    (0)    2 :  0.151 0.139 0.600 0.110 
633 OmyJC18ROGR    (7)    2 :  0.293 0.178 0.448 0.081 
634 OmyJC18ROGR    (2)    2 :  0.244 0.304 0.074 0.379 
635 OmyJC18ROGR    (0)    2 :  0.104 0.112 0.738 0.046 
636 OmyJC18ROGR    (0)    2 :  0.125 0.106 0.527 0.241 
637 OmyJC18ROGR    (0)    2 :  0.302 0.365 0.120 0.212 
638 OmyJC18ROGR    (0)    2 :  0.092 0.085 0.720 0.102 
639 OmyJC18ROGR    (1)    2 :  0.334 0.236 0.292 0.138 
640 OmyJC18ROGR    (2)    2 :  0.258 0.259 0.065 0.418 
641 OmyJC18ROGR    (1)    2 :  0.477 0.349 0.069 0.105 
642 OmyJC18ROGR    (3)    2 :  0.307 0.402 0.057 0.233 
643 OmyJC18ROGR    (1)    2 :  0.342 0.255 0.317 0.086 
644 OmyJC18ROGR   (10)    2 :  0.408 0.442 0.105 0.046 
645 OmyJC18ROGR    (6)    2 :  0.307 0.346 0.129 0.219 
646 OmyJC18ROGR    (0)    2 :  0.310 0.437 0.184 0.069 
647 OmyJC18ROGR    (2)    2 :  0.321 0.372 0.107 0.200 
648 OmyJC18ROGR    (0)    2 :  0.179 0.190 0.584 0.047 
649 OmyJC18ROGR    (0)    2 :  0.421 0.434 0.077 0.068 
650 OmyJC18ROGR    (1)    2 :  0.330 0.340 0.283 0.047 
651 OmyJC18ROGR    (6)    2 :  0.064 0.057 0.073 0.806 
652 OmyJC18ROGR    (1)    2 :  0.302 0.340 0.154 0.205 
653 OmyJC18ROGR    (4)    2 :  0.263 0.258 0.391 0.088 
654 OmyJC18ROGR    (1)    2 :  0.296 0.246 0.307 0.151 
655 OmyJC18ROGR    (4)    2 :  0.268 0.243 0.093 0.397 
656 OmyJC18ROGR    (0)    2 :  0.468 0.378 0.091 0.062 
657 OmyJC18ROGR    (0)    2 :  0.419 0.338 0.144 0.100 
658 OmyJC18ROGR    (0)    2 :  0.155 0.175 0.607 0.063 
659 OmyJC18ROGR    (7)    2 :  0.425 0.432 0.116 0.028 
660 OmyJC18ROGR    (4)    2 :  0.344 0.426 0.091 0.138 
661 OmyJC18ROGR    (3)    2 :  0.338 0.533 0.085 0.044 
662 OmyJC18ROGR    (2)    2 :  0.370 0.473 0.075 0.081 
663 OmyJC18ROGR    (2)    2 :  0.186 0.183 0.302 0.329 
664 OmyJC18ROGR    (0)    2 :  0.234 0.202 0.519 0.045 
665 OmyJC18ROGR    (1)    2 :  0.278 0.401 0.151 0.169 
666 OmyJC18ROGR    (0)    2 :  0.082 0.072 0.087 0.758 
667 OmyJC18ROGR    (0)    2 :  0.228 0.202 0.118 0.452 
668 OmyJC18ROGR    (1)    2 :  0.257 0.293 0.173 0.277 
669 OmyJC18ROGR    (5)    2 :  0.366 0.304 0.124 0.206 
670 OmyJC18ROGR   (10)    2 :  0.375 0.447 0.132 0.046 
671 OmyJC18ROGR    (3)    2 :  0.402 0.368 0.146 0.084 
672 OmyJC18ROGR    (0)    2 :  0.328 0.329 0.301 0.043 
673 OmyJC18ROGR    (6)    2 :  0.070 0.067 0.797 0.067 
674 OmyJC18ROGR    (0)    2 :  0.333 0.239 0.327 0.101 
675 OmyJC18ROGR    (0)    2 :  0.200 0.176 0.575 0.049 
676 OmyJC18ROGR    (1)    2 :  0.395 0.376 0.136 0.092 
677 OmyJC18ROGR    (4)    2 :  0.328 0.276 0.084 0.312 
