

----------------------------------------------------
STRUCTURE by Pritchard, Stephens and Donnelly (2000)
     and Falush, Stephens and Pritchard (2003)
       Code by Pritchard, Falush and Hubisz
             Version 2.3.4 (Jul 2012)
----------------------------------------------------



Command line arguments:   bin/structure -m "/Users/ddayan/FRA/half_pounder_2023/structure/halfpounder_p2/10k_20k_adm_corr_2/mainparams" -e "/Users/ddayan/FRA/half_pounder_2023/structure/halfpounder_p2/10k_20k_adm_corr_2/extraparams" 
Input File:    /Users/ddayan/FRA/half_pounder_2023/structure/halfpounder_p2/project_data

Run parameters:
   1000 individuals
   233 loci
   5 populations assumed
   10000 Burn-in period
   20000 Reps


--------------------------------------------
Proportion of membership of each pre-defined
 population in each of the 5 clusters

Given    Inferred Clusters                     Number of
 Pop       1      2      3      4      5      Individuals

  1:     0.204  0.208  0.206  0.170  0.211      275
  2:     0.203  0.200  0.192  0.207  0.199      643
  3:     0.174  0.159  0.245  0.356  0.065       42
  4:     0.215  0.235  0.245  0.241  0.063       40
--------------------------------------------

Allele-freq. divergence among pops (Net nucleotide distance),
computed using point estimates of P.

      1       2       3       4       5      
 1      -    0.0003  0.0010  0.0037  0.0099  
 2   0.0003     -    0.0009  0.0036  0.0094  
 3   0.0010  0.0009     -    0.0043  0.0110  
 4   0.0037  0.0036  0.0043     -    0.0138  
 5   0.0099  0.0094  0.0110  0.0138     -    

Average distances (expected heterozygosity) between individuals in same cluster:
cluster  1  : 0.3132 
cluster  2  : 0.3147 
cluster  3  : 0.3105 
cluster  4  : 0.3053 
cluster  5  : 0.2801 

--------------------------------------------
Estimated Ln Prob of Data   = -217470.8
Mean value of ln likelihood = -214761.5
Variance of ln likelihood   = 5418.6
Mean value of alpha         = 0.2637

Mean value of Fst_1         = 0.0128
Mean value of Fst_2         = 0.0109
Mean value of Fst_3         = 0.0182
Mean value of Fst_4         = 0.0299
Mean value of Fst_5         = 0.0803


Inferred ancestry of individuals:
        Label (%Miss) Pop:  Inferred clusters
  1 OmyAC19ROGR    (0)    1 :  0.345 0.311 0.164 0.146 0.034 
  2 OmyAC19ROGR    (0)    1 :  0.303 0.291 0.246 0.055 0.105 
  3 OmyAC19ROGR    (0)    1 :  0.350 0.238 0.153 0.199 0.060 
  4 OmyAC19ROGR    (0)    1 :  0.251 0.165 0.492 0.060 0.032 
  5 OmyAC19ROGR    (1)    1 :  0.038 0.040 0.022 0.037 0.862 
  6 OmyAC19ROGR    (0)    1 :  0.128 0.124 0.118 0.283 0.348 
  7 OmyAC19ROGR    (0)    1 :  0.188 0.200 0.093 0.265 0.254 
  8 OmyAC19ROGR    (0)    1 :  0.126 0.119 0.078 0.648 0.029 
  9 OmyAC19ROGR    (0)    1 :  0.173 0.179 0.136 0.109 0.402 
 10 OmyAC19ROGR    (0)    1 :  0.205 0.229 0.162 0.055 0.349 
 11 OmyAC19ROGR    (0)    1 :  0.129 0.094 0.150 0.564 0.064 
 12 OmyAC19ROGR    (0)    1 :  0.260 0.262 0.161 0.095 0.222 
 13 OmyAC19ROGR    (0)    1 :  0.114 0.277 0.208 0.368 0.034 
 14 OmyAC19ROGR    (0)    1 :  0.113 0.304 0.207 0.197 0.180 
 15 OmyAC19ROGR    (0)    1 :  0.162 0.227 0.118 0.083 0.411 
 16 OmyAC19ROGR    (0)    1 :  0.154 0.220 0.218 0.322 0.086 
 17 OmyAC19ROGR    (0)    1 :  0.227 0.278 0.320 0.033 0.142 
 18 OmyAC19ROGR    (3)    1 :  0.380 0.319 0.158 0.127 0.016 
 19 OmyAC19ROGR    (0)    1 :  0.065 0.074 0.069 0.739 0.054 
 20 OmyAC19ROGR    (0)    1 :  0.195 0.191 0.255 0.038 0.321 
 21 OmyAC19ROGR    (0)    1 :  0.223 0.184 0.203 0.069 0.320 
 22 OmyAC19ROGR    (0)    1 :  0.157 0.165 0.110 0.493 0.075 
 23 OmyAC19ROGR    (0)    1 :  0.244 0.187 0.091 0.170 0.309 
 24 OmyAC19ROGR    (1)    1 :  0.413 0.178 0.229 0.138 0.042 
 25 OmyAC19ROGR    (0)    1 :  0.099 0.211 0.065 0.198 0.426 
 26 OmyAC19ROGR    (0)    1 :  0.227 0.208 0.117 0.333 0.114 
 27 OmyAC19ROGR    (2)    1 :  0.293 0.261 0.104 0.286 0.056 
 28 OmyAC19ROGR    (0)    1 :  0.249 0.281 0.314 0.106 0.051 
 29 OmyAC19ROGR    (0)    1 :  0.312 0.352 0.194 0.070 0.072 
 30 OmyAC19ROGR    (0)    1 :  0.180 0.164 0.087 0.127 0.443 
 31 OmyAC19ROGR    (0)    1 :  0.250 0.188 0.213 0.286 0.063 
 32 OmyAC19ROGR    (0)    1 :  0.305 0.271 0.202 0.073 0.150 
 33 OmyAC19ROGR    (0)    1 :  0.212 0.163 0.433 0.098 0.095 
 34 OmyAC19ROGR    (0)    1 :  0.145 0.171 0.149 0.110 0.426 
 35 OmyAC19ROGR    (0)    1 :  0.272 0.177 0.398 0.078 0.076 
 36 OmyAC19ROGR    (0)    1 :  0.135 0.125 0.101 0.585 0.054 
 37 OmyAC19ROGR    (0)    1 :  0.077 0.086 0.063 0.573 0.202 
 38 OmyAC19ROGR    (0)    1 :  0.118 0.122 0.062 0.141 0.558 
 39 OmyAC19ROGR    (0)    1 :  0.381 0.326 0.183 0.044 0.067 
 40 OmyAC19ROGR    (0)    1 :  0.181 0.190 0.177 0.077 0.375 
 41 OmyAC19ROGR    (0)    1 :  0.307 0.378 0.170 0.089 0.057 
 42 OmyAC19ROGR    (0)    1 :  0.083 0.073 0.056 0.074 0.714 
 43 OmyAC19ROGR    (0)    1 :  0.470 0.257 0.157 0.059 0.057 
 44 OmyAC19ROGR    (8)    1 :  0.308 0.185 0.282 0.172 0.053 
 45 OmyAC19ROGR    (2)    1 :  0.136 0.141 0.140 0.186 0.397 
 46 OmyAC19ROGR    (0)    1 :  0.118 0.154 0.424 0.212 0.091 
 47 OmyAC19ROGR    (0)    1 :  0.139 0.111 0.156 0.553 0.041 
 48 OmyAC19ROGR    (0)    1 :  0.304 0.379 0.116 0.166 0.036 
 49 OmyAC19ROGR    (0)    1 :  0.187 0.227 0.292 0.250 0.044 
 50 OmyAC19ROGR    (0)    1 :  0.245 0.362 0.314 0.045 0.034 
 51 OmyAC19ROGR    (2)    1 :  0.085 0.072 0.070 0.070 0.703 
 52 OmyAC19ROGR    (0)    1 :  0.057 0.061 0.040 0.043 0.798 
 53 OmyAC19ROGR    (1)    1 :  0.193 0.181 0.224 0.359 0.043 
 54 OmyAC19ROGR    (0)    1 :  0.248 0.257 0.311 0.102 0.081 
 55 OmyAC19ROGR    (4)    1 :  0.244 0.288 0.115 0.283 0.071 
 56 OmyAC19ROGR    (0)    1 :  0.121 0.122 0.156 0.390 0.211 
 57 OmyAC19ROGR    (0)    1 :  0.050 0.065 0.057 0.797 0.032 
 58 OmyAC19ROGR    (0)    1 :  0.046 0.062 0.048 0.279 0.566 
 59 OmyAC19ROGR    (0)    1 :  0.174 0.159 0.114 0.512 0.041 
 60 OmyAC19ROGR    (0)    1 :  0.152 0.108 0.078 0.549 0.113 
 61 OmyAC19ROGR    (0)    1 :  0.204 0.480 0.176 0.073 0.068 
 62 OmyAC19ROGR    (0)    1 :  0.270 0.274 0.122 0.262 0.073 
 63 OmyAC19ROGR    (0)    1 :  0.120 0.199 0.301 0.192 0.188 
 64 OmyAC19ROGR    (2)    1 :  0.194 0.223 0.448 0.060 0.074 
 65 OmyAC19ROGR    (0)    1 :  0.288 0.269 0.162 0.233 0.048 
 66 OmyAC19ROGR    (5)    1 :  0.170 0.299 0.105 0.186 0.239 
 67 OmyAC19ROGR    (0)    1 :  0.083 0.094 0.194 0.587 0.043 
 68 OmyAC19ROGR    (1)    1 :  0.283 0.222 0.146 0.181 0.169 
 69 OmyAC19ROGR    (3)    1 :  0.163 0.232 0.124 0.320 0.162 
 70 OmyAC19ROGR    (0)    1 :  0.425 0.201 0.267 0.062 0.045 
 71 OmyAC19ROGR    (0)    1 :  0.195 0.243 0.207 0.291 0.063 
 72 OmyAC19ROGR    (5)    1 :  0.258 0.331 0.193 0.176 0.042 
 73 OmyAC19ROGR    (0)    1 :  0.347 0.321 0.104 0.074 0.153 
 74 OmyAC19ROGR    (0)    1 :  0.387 0.224 0.247 0.067 0.075 
 75 OmyAC19ROGR    (0)    1 :  0.223 0.220 0.331 0.091 0.135 
 76 OmyAC19ROGR    (0)    1 :  0.310 0.189 0.366 0.084 0.051 
 77 OmyAC19ROGR    (1)    1 :  0.029 0.023 0.022 0.019 0.906 
 78 OmyAC19ROGR    (0)    1 :  0.273 0.454 0.197 0.041 0.036 
 79 OmyAC19ROGR    (3)    1 :  0.246 0.275 0.313 0.086 0.080 
 80 OmyAC19ROGR    (0)    1 :  0.042 0.075 0.062 0.068 0.752 
 81 OmyAC19ROGR    (3)    1 :  0.164 0.262 0.154 0.140 0.281 
 82 OmyAC19ROGR    (1)    1 :  0.094 0.088 0.115 0.685 0.019 
 83 OmyAC19ROGR    (0)    1 :  0.293 0.218 0.319 0.131 0.040 
 84 OmyAC19ROGR    (0)    1 :  0.188 0.156 0.256 0.324 0.075 
 85 OmyAC19ROGR    (7)    1 :  0.289 0.209 0.332 0.118 0.053 
 86 OmyAC19ROGR    (0)    1 :  0.188 0.300 0.325 0.098 0.089 
 87 OmyAC19ROGR    (0)    1 :  0.174 0.171 0.483 0.128 0.044 
 88 OmyJC19ROGR    (0)    2 :  0.046 0.064 0.038 0.032 0.819 
 89 OmyJC19ROGR    (0)    2 :  0.227 0.246 0.111 0.353 0.062 
 90 OmyJC19ROGR    (0)    2 :  0.044 0.044 0.048 0.022 0.841 
 91 OmyJC19ROGR    (0)    2 :  0.163 0.198 0.282 0.339 0.019 
 92 OmyJC19ROGR    (0)    2 :  0.282 0.239 0.317 0.098 0.065 
 93 OmyJC19ROGR    (0)    2 :  0.367 0.201 0.270 0.109 0.052 
 94 OmyJC19ROGR    (0)    2 :  0.321 0.232 0.281 0.059 0.107 
 95 OmyJC19ROGR    (0)    2 :  0.272 0.204 0.241 0.111 0.171 
 96 OmyJC19ROGR    (0)    2 :  0.181 0.298 0.197 0.123 0.202 
 97 OmyJC19ROGR    (0)    2 :  0.209 0.201 0.153 0.134 0.304 
 98 OmyJC19ROGR    (0)    2 :  0.232 0.189 0.231 0.296 0.053 
 99 OmyJC19ROGR    (0)    2 :  0.161 0.137 0.358 0.278 0.065 
100 OmyJC19ROGR    (0)    2 :  0.440 0.217 0.095 0.208 0.039 
101 OmyJC19ROGR    (1)    2 :  0.163 0.141 0.094 0.116 0.485 
102 OmyJC19ROGR    (0)    2 :  0.138 0.211 0.276 0.276 0.099 
103 OmyJC19ROGR    (0)    2 :  0.227 0.198 0.151 0.136 0.288 
104 OmyJC19ROGR    (0)    2 :  0.227 0.245 0.094 0.403 0.031 
105 OmyJC19ROGR    (0)    2 :  0.149 0.131 0.331 0.159 0.230 
106 OmyJC19ROGR    (0)    2 :  0.050 0.042 0.044 0.028 0.836 
107 OmyJC19ROGR    (0)    2 :  0.094 0.079 0.097 0.530 0.200 
108 OmyJC19ROGR    (0)    2 :  0.195 0.204 0.448 0.081 0.073 
109 OmyJC19ROGR    (0)    2 :  0.251 0.253 0.121 0.224 0.151 
110 OmyJC19ROGR    (0)    2 :  0.117 0.138 0.113 0.127 0.504 
111 OmyJC19ROGR    (0)    2 :  0.084 0.108 0.091 0.663 0.054 
112 OmyJC19ROGR    (2)    2 :  0.276 0.216 0.094 0.237 0.177 
113 OmyJC19ROGR    (0)    2 :  0.182 0.148 0.114 0.084 0.472 
114 OmyJC19ROGR    (5)    2 :  0.427 0.314 0.126 0.081 0.052 
115 OmyJC19ROGR    (0)    2 :  0.323 0.177 0.395 0.062 0.043 
116 OmyJC19ROGR    (0)    2 :  0.289 0.372 0.162 0.080 0.097 
117 OmyJC19ROGR    (0)    2 :  0.160 0.298 0.257 0.178 0.107 
118 OmyJC19ROGR    (0)    2 :  0.149 0.194 0.502 0.118 0.037 
119 OmyJC19ROGR    (2)    2 :  0.301 0.217 0.354 0.092 0.035 
120 OmyJC19ROGR    (0)    2 :  0.161 0.141 0.085 0.576 0.038 
121 OmyJC19ROGR    (0)    2 :  0.146 0.130 0.185 0.507 0.033 
122 OmyJC19ROGR    (0)    2 :  0.259 0.210 0.279 0.174 0.078 
123 OmyJC19ROGR    (1)    2 :  0.243 0.187 0.434 0.112 0.025 
124 OmyJC19ROGR    (0)    2 :  0.279 0.206 0.248 0.068 0.199 
125 OmyJC19ROGR    (0)    2 :  0.352 0.364 0.121 0.080 0.083 
126 OmyJC19ROGR    (0)    2 :  0.086 0.075 0.080 0.036 0.723 
127 OmyJC19ROGR    (0)    2 :  0.151 0.227 0.216 0.364 0.042 
128 OmyJC19ROGR    (1)    2 :  0.249 0.318 0.250 0.147 0.037 
129 OmyJC19ROGR    (0)    2 :  0.252 0.338 0.124 0.063 0.223 
130 OmyJC19ROGR    (2)    2 :  0.358 0.359 0.114 0.056 0.114 
131 OmyJC19ROGR    (0)    2 :  0.259 0.159 0.130 0.389 0.063 
132 OmyJC19ROGR    (0)    2 :  0.244 0.194 0.381 0.115 0.066 
133 OmyJC19ROGR    (0)    2 :  0.226 0.213 0.417 0.114 0.029 
134 OmyJC19ROGR    (0)    2 :  0.141 0.234 0.366 0.205 0.055 
135 OmyJC19ROGR    (0)    2 :  0.158 0.114 0.112 0.552 0.064 
136 OmyJC19ROGR    (4)    2 :  0.240 0.200 0.360 0.100 0.099 
137 OmyJC19ROGR    (0)    2 :  0.194 0.242 0.146 0.242 0.176 
138 OmyJC19ROGR    (0)    2 :  0.090 0.065 0.054 0.144 0.648 
139 OmyJC19ROGR    (3)    2 :  0.296 0.289 0.128 0.256 0.030 
140 OmyJC19ROGR    (1)    2 :  0.349 0.357 0.109 0.083 0.101 
141 OmyJC19ROGR    (0)    2 :  0.303 0.370 0.104 0.099 0.124 
142 OmyJC19ROGR    (0)    2 :  0.162 0.144 0.106 0.146 0.441 
143 OmyJC19ROGR    (0)    2 :  0.287 0.237 0.275 0.085 0.115 
144 OmyJC19ROGR    (0)    2 :  0.233 0.274 0.096 0.370 0.027 
145 OmyJC19ROGR    (0)    2 :  0.361 0.300 0.149 0.151 0.039 
146 OmyJC19ROGR    (1)    2 :  0.203 0.199 0.192 0.302 0.105 
147 OmyJC19ROGR    (0)    2 :  0.095 0.119 0.136 0.461 0.190 
148 OmyJC19ROGR    (0)    2 :  0.096 0.098 0.139 0.613 0.055 
149 OmyJC19ROGR    (0)    2 :  0.158 0.133 0.437 0.225 0.047 
150 OmyJC19ROGR    (1)    2 :  0.218 0.185 0.461 0.072 0.065 
151 OmyJC19ROGR    (0)    2 :  0.283 0.403 0.150 0.058 0.107 
152 OmyJC19ROGR    (0)    2 :  0.124 0.099 0.362 0.375 0.040 
153 OmyJC19ROGR    (0)    2 :  0.115 0.140 0.214 0.460 0.071 
154 OmyJC19ROGR    (0)    2 :  0.205 0.184 0.217 0.317 0.077 
155 OmyJC19ROGR    (0)    2 :  0.203 0.509 0.179 0.056 0.054 
156 OmyJC19ROGR    (0)    2 :  0.254 0.201 0.221 0.230 0.094 
157 OmyJC19ROGR    (0)    2 :  0.248 0.268 0.153 0.112 0.219 
158 OmyJC19ROGR    (0)    2 :  0.132 0.139 0.517 0.194 0.017 
159 OmyJC19ROGR    (0)    2 :  0.277 0.214 0.345 0.124 0.040 
160 OmyJC19ROGR    (0)    2 :  0.353 0.231 0.151 0.161 0.104 
161 OmyJC19ROGR    (1)    2 :  0.141 0.102 0.101 0.623 0.033 
162 OmyJC19ROGR    (0)    2 :  0.179 0.153 0.210 0.233 0.225 
163 OmyJC19ROGR    (0)    2 :  0.212 0.114 0.106 0.467 0.102 
164 OmyJC19ROGR    (0)    2 :  0.273 0.221 0.167 0.312 0.027 
165 OmyJC19ROGR    (0)    2 :  0.131 0.235 0.440 0.165 0.029 
166 OmyJC19ROGR    (0)    2 :  0.231 0.346 0.272 0.086 0.065 
167 OmyJC19ROGR    (0)    2 :  0.328 0.182 0.140 0.222 0.127 
168 OmyJC19ROGR    (0)    2 :  0.269 0.309 0.192 0.129 0.101 
169 OmyJC19ROGR    (0)    2 :  0.039 0.035 0.031 0.021 0.874 
170 OmyJC19ROGR    (0)    2 :  0.211 0.266 0.308 0.129 0.087 
171 OmyJC19ROGR    (0)    2 :  0.353 0.209 0.235 0.157 0.045 
172 OmyJC19ROGR    (0)    2 :  0.146 0.181 0.107 0.301 0.265 
173 OmyJC19ROGR    (0)    2 :  0.039 0.050 0.056 0.045 0.811 
174 OmyJC19ROGR    (0)    2 :  0.489 0.268 0.128 0.082 0.033 
175 OmyJC19ROGR    (0)    2 :  0.244 0.282 0.361 0.077 0.036 
176 OmyJC19ROGR    (0)    2 :  0.149 0.222 0.122 0.305 0.202 
177 OmyJC19ROGR    (0)    2 :  0.100 0.070 0.095 0.715 0.021 
178 OmyJC19ROGR    (0)    2 :  0.301 0.319 0.169 0.157 0.054 
179 OmyJC19ROGR    (0)    2 :  0.330 0.343 0.199 0.075 0.053 
180 OmyJC19ROGR    (0)    2 :  0.050 0.048 0.046 0.045 0.811 
181 OmyJC19ROGR    (0)    2 :  0.411 0.228 0.209 0.080 0.072 
182 OmyJC19ROGR    (0)    2 :  0.260 0.248 0.099 0.325 0.069 
183 OmyJC19ROGR    (0)    2 :  0.189 0.245 0.244 0.271 0.052 
184 OmyJC19ROGR    (0)    2 :  0.054 0.061 0.122 0.083 0.680 
185 OmyJC19ROGR    (0)    2 :  0.279 0.494 0.115 0.085 0.027 
186 OmyJC19ROGR    (0)    2 :  0.223 0.173 0.135 0.161 0.308 
187 OmyJC19ROGR    (0)    2 :  0.250 0.294 0.358 0.048 0.050 
188 OmyJC19ROGR    (0)    2 :  0.281 0.234 0.268 0.164 0.054 
189 OmyJC19ROGR    (0)    2 :  0.278 0.175 0.183 0.109 0.255 
190 OmyJC19ROGR    (0)    2 :  0.117 0.133 0.215 0.444 0.090 
191 OmyJC19ROGR    (0)    2 :  0.286 0.155 0.369 0.124 0.066 
192 OmyJC19ROGR    (0)    2 :  0.152 0.301 0.423 0.087 0.036 
193 OmyJC19ROGR    (0)    2 :  0.132 0.107 0.115 0.409 0.238 
194 OmyJC19ROGR    (0)    2 :  0.081 0.152 0.219 0.523 0.026 
195 OmyJC19ROGR    (0)    2 :  0.058 0.070 0.085 0.033 0.754 
196 OmyJC19ROGR    (0)    2 :  0.470 0.250 0.212 0.031 0.037 
197 OmyJC19ROGR    (0)    2 :  0.222 0.306 0.236 0.189 0.046 
198 OmyJC19ROGR    (0)    2 :  0.050 0.046 0.058 0.054 0.792 
199 OmyJC19ROGR    (0)    2 :  0.275 0.244 0.213 0.240 0.028 
200 OmyJC19ROGR    (0)    2 :  0.203 0.220 0.236 0.141 0.199 
201 OmyJC19ROGR    (0)    2 :  0.210 0.207 0.288 0.267 0.028 
202 OmyJC19ROGR    (0)    2 :  0.178 0.122 0.378 0.289 0.033 
203 OmyJC19ROGR    (0)    2 :  0.195 0.150 0.533 0.082 0.040 
204 OmyJC19ROGR    (0)    2 :  0.187 0.248 0.301 0.161 0.104 
205 OmyJC19ROGR    (0)    2 :  0.322 0.137 0.157 0.242 0.142 
206 OmyJC19ROGR    (0)    2 :  0.033 0.041 0.023 0.024 0.878 
207 OmyJC19ROGR    (0)    2 :  0.109 0.102 0.075 0.304 0.410 
208 OmyJC19ROGR    (0)    2 :  0.237 0.279 0.164 0.261 0.058 
209 OmyJC19ROGR    (0)    2 :  0.144 0.212 0.122 0.208 0.314 
210 OmyJC19ROGR    (0)    2 :  0.052 0.041 0.048 0.024 0.835 
211 OmyJC19ROGR    (0)    2 :  0.168 0.267 0.176 0.271 0.118 
212 OmyJC19ROGR    (1)    2 :  0.070 0.071 0.079 0.592 0.187 
213 OmyJC19ROGR    (1)    2 :  0.399 0.312 0.139 0.052 0.098 
214 OmyJC19ROGR    (0)    2 :  0.176 0.145 0.114 0.425 0.140 
215 OmyJC19ROGR    (0)    2 :  0.109 0.198 0.580 0.086 0.027 
216 OmyJC19ROGR    (0)    2 :  0.108 0.144 0.079 0.182 0.486 
217 OmyJC19ROGR    (0)    2 :  0.118 0.150 0.093 0.085 0.554 
218 OmyJC19ROGR    (0)    2 :  0.155 0.254 0.455 0.078 0.058 
219 OmyJC19ROGR    (0)    2 :  0.235 0.192 0.114 0.252 0.207 
220 OmyJC19ROGR    (0)    2 :  0.146 0.136 0.144 0.553 0.021 
221 OmyJC19ROGR    (0)    2 :  0.188 0.127 0.112 0.421 0.151 
222 OmyJC19ROGR    (0)    2 :  0.363 0.261 0.158 0.178 0.040 
223 OmyJC19ROGR    (0)    2 :  0.162 0.214 0.234 0.274 0.116 
224 OmyJC19ROGR    (1)    2 :  0.272 0.380 0.155 0.116 0.077 
225 OmyJC19ROGR    (0)    2 :  0.038 0.038 0.037 0.125 0.762 
226 OmyJC19ROGR    (0)    2 :  0.197 0.229 0.184 0.037 0.353 
227 OmyJC19ROGR    (0)    2 :  0.040 0.036 0.052 0.033 0.839 
228 OmyJC19ROGR    (0)    2 :  0.233 0.311 0.178 0.232 0.045 
229 OmyJC19ROGR    (0)    2 :  0.177 0.147 0.504 0.125 0.046 
230 OmyJC19ROGR    (0)    2 :  0.283 0.215 0.127 0.180 0.195 
231 OmyJC19ROGR    (0)    2 :  0.168 0.195 0.161 0.339 0.137 
232 OmyJC19ROGR    (2)    2 :  0.199 0.244 0.154 0.286 0.118 
233 OmyJC19ROGR    (0)    2 :  0.188 0.164 0.113 0.340 0.195 
234 OmyJC19ROGR    (0)    2 :  0.025 0.032 0.031 0.025 0.887 
235 OmyJC19ROGR    (0)    2 :  0.076 0.103 0.091 0.079 0.651 
236 OmyJC19ROGR    (0)    2 :  0.078 0.103 0.062 0.720 0.037 
237 OmyJC19ROGR    (0)    2 :  0.145 0.197 0.116 0.427 0.114 
238 OmyJC19ROGR    (0)    2 :  0.096 0.084 0.066 0.677 0.076 
239 OmyJC19ROGR    (0)    2 :  0.187 0.341 0.155 0.266 0.051 
240 OmyJC19ROGR    (0)    2 :  0.316 0.205 0.254 0.146 0.079 
241 OmyJC19ROGR    (0)    2 :  0.331 0.289 0.116 0.066 0.198 
242 OmyJC19ROGR    (0)    2 :  0.138 0.217 0.160 0.462 0.022 
243 OmyJC19ROGR    (0)    2 :  0.190 0.242 0.395 0.125 0.048 
244 OmyJC19ROGR    (0)    2 :  0.262 0.249 0.316 0.125 0.048 
245 OmyJC19ROGR    (0)    2 :  0.042 0.045 0.041 0.039 0.833 
246 OmyJC19ROGR    (0)    2 :  0.203 0.218 0.214 0.211 0.153 
247 OmyJC19ROGR    (0)    2 :  0.084 0.073 0.125 0.058 0.661 
248 OmyJC19ROGR    (0)    2 :  0.175 0.200 0.207 0.040 0.377 
249 OmyJC19ROGR    (0)    2 :  0.320 0.211 0.304 0.073 0.092 
250 OmyJC19ROGR    (0)    2 :  0.235 0.337 0.251 0.081 0.096 
251 OmyJC19ROGR    (0)    2 :  0.358 0.171 0.350 0.044 0.077 
252 OmyJC19ROGR    (0)    2 :  0.260 0.246 0.098 0.310 0.086 
253 OmyJC19ROGR    (0)    2 :  0.239 0.367 0.226 0.060 0.108 
254 OmyJC19ROGR    (0)    2 :  0.270 0.228 0.303 0.080 0.119 
255 OmyJC19ROGR    (0)    2 :  0.282 0.161 0.288 0.204 0.065 
256 OmyJC19ROGR    (0)    2 :  0.304 0.196 0.200 0.150 0.150 
257 OmyJC19ROGR    (0)    2 :  0.321 0.226 0.319 0.055 0.078 
258 OmyAC19ROGR    (0)    1 :  0.231 0.363 0.144 0.156 0.106 
259 OmyAC19ROGR    (0)    1 :  0.148 0.248 0.108 0.143 0.353 
260 OmyAC19ROGR    (0)    1 :  0.197 0.528 0.177 0.046 0.053 
261 OmyAC19ROGR    (0)    1 :  0.257 0.360 0.218 0.053 0.112 
262 OmyAC19ROGR    (0)    1 :  0.366 0.325 0.121 0.052 0.136 
263 OmyAC19ROGR    (0)    1 :  0.183 0.166 0.320 0.236 0.095 
264 OmyAC19ROGR    (0)    1 :  0.291 0.240 0.315 0.082 0.072 
265 OmyAC19ROGR    (0)    1 :  0.069 0.102 0.720 0.062 0.047 
266 OmyAC19ROGR    (0)    1 :  0.387 0.236 0.256 0.080 0.040 
267 OmyAC19ROGR    (0)    1 :  0.198 0.196 0.280 0.047 0.278 
268 OmyAC19ROGR    (0)    1 :  0.219 0.200 0.211 0.238 0.132 
269 OmyAC19ROGR    (1)    1 :  0.292 0.298 0.165 0.080 0.165 
270 OmyAC19ROGR    (0)    1 :  0.470 0.170 0.257 0.055 0.048 
271 OmyAC19ROGR    (0)    1 :  0.133 0.173 0.206 0.093 0.395 
272 OmyAC19ROGR    (0)    1 :  0.364 0.187 0.131 0.156 0.162 
273 OmyAC19ROGR    (0)    1 :  0.293 0.366 0.204 0.100 0.038 
274 OmyAC19ROGR    (0)    1 :  0.178 0.121 0.065 0.063 0.573 
275 OmyAC19ROGR    (0)    1 :  0.089 0.175 0.069 0.595 0.072 
276 OmyAC19ROGR    (0)    1 :  0.160 0.256 0.330 0.175 0.080 
277 OmyAC19ROGR    (0)    1 :  0.199 0.322 0.209 0.102 0.168 
278 OmyAC19ROGR    (0)    1 :  0.127 0.117 0.145 0.355 0.257 
279 OmyAC19ROGR    (0)    1 :  0.117 0.304 0.071 0.331 0.177 
280 OmyAC19ROGR    (0)    1 :  0.276 0.215 0.228 0.085 0.196 
281 OmyAC19ROGR    (0)    1 :  0.205 0.197 0.422 0.108 0.068 
282 OmyAC19ROGR    (0)    1 :  0.310 0.234 0.124 0.133 0.199 
283 OmyAC19ROGR    (0)    1 :  0.173 0.190 0.375 0.154 0.108 
284 OmyAC19ROGR    (0)    1 :  0.250 0.173 0.450 0.087 0.040 
285 OmyAC19ROGR    (0)    1 :  0.191 0.229 0.378 0.133 0.069 
286 OmyAC19ROGR    (0)    1 :  0.217 0.222 0.429 0.098 0.033 
287 OmyAC19ROGR    (0)    1 :  0.026 0.023 0.024 0.015 0.911 
288 OmyAC19ROGR    (0)    1 :  0.035 0.037 0.066 0.297 0.565 
289 OmyAC19ROGR    (0)    1 :  0.232 0.248 0.280 0.102 0.137 
290 OmyAC19ROGR    (1)    1 :  0.027 0.033 0.028 0.034 0.879 
291 OmyAC19ROGR    (0)    1 :  0.222 0.174 0.163 0.078 0.362 
292 OmyAC19ROGR    (0)    1 :  0.306 0.284 0.186 0.093 0.131 
293 OmyAC19ROGR    (0)    1 :  0.177 0.145 0.128 0.484 0.066 
294 OmyAC19ROGR    (0)    1 :  0.159 0.261 0.270 0.044 0.265 
295 OmyAC19ROGR    (0)    1 :  0.270 0.431 0.226 0.033 0.040 
296 OmyAC19ROGR    (0)    1 :  0.096 0.154 0.079 0.630 0.041 
297 OmyAC19ROGR    (0)    1 :  0.112 0.143 0.151 0.036 0.557 
298 OmyAC19ROGR    (0)    1 :  0.137 0.264 0.357 0.185 0.058 
299 OmyAC19ROGR    (0)    1 :  0.143 0.220 0.316 0.123 0.197 
300 OmyAC19ROGR    (0)    1 :  0.150 0.193 0.427 0.151 0.079 
301 OmyAC19ROGR    (0)    1 :  0.051 0.050 0.050 0.032 0.818 
302 OmyAC19ROGR    (0)    1 :  0.117 0.117 0.128 0.114 0.525 
303 OmyAC19ROGR    (0)    1 :  0.276 0.297 0.231 0.101 0.095 
304 OmyAC19ROGR    (0)    1 :  0.096 0.103 0.095 0.412 0.294 
305 OmyAC19ROGR    (0)    1 :  0.171 0.190 0.454 0.134 0.051 
306 OmyAC19ROGR    (0)    1 :  0.169 0.185 0.107 0.060 0.479 
307 OmyAC19ROGR    (1)    1 :  0.236 0.204 0.268 0.239 0.053 
308 OmyAC19ROGR    (0)    1 :  0.380 0.240 0.138 0.107 0.135 
309 OmyAC19ROGR    (0)    1 :  0.066 0.084 0.086 0.037 0.727 
310 OmyAC19ROGR    (0)    1 :  0.231 0.202 0.195 0.075 0.298 
311 OmyAC19ROGR    (0)    1 :  0.134 0.200 0.056 0.072 0.537 
312 OmyAC19ROGR    (0)    1 :  0.214 0.338 0.288 0.098 0.063 
313 OmyAC19ROGR    (0)    1 :  0.185 0.155 0.432 0.161 0.067 
314 OmyAC19ROGR    (0)    1 :  0.193 0.158 0.269 0.233 0.147 
315 OmyAC19ROGR    (0)    1 :  0.304 0.294 0.218 0.056 0.128 
316 OmyAC19ROGR    (0)    1 :  0.221 0.184 0.521 0.038 0.037 
317 OmyAC19ROGR    (0)    1 :  0.134 0.120 0.079 0.633 0.034 
318 OmyAC19ROGR    (0)    1 :  0.277 0.205 0.233 0.256 0.029 
319 OmyAC19ROGR    (0)    1 :  0.192 0.221 0.383 0.169 0.035 
320 OmyAC19ROGR    (0)    1 :  0.135 0.182 0.419 0.238 0.026 
321 OmyAC19ROGR    (0)    1 :  0.367 0.249 0.211 0.135 0.038 
322 OmyAC19ROGR    (0)    1 :  0.213 0.333 0.093 0.056 0.305 
323 OmyAC19ROGR    (0)    1 :  0.294 0.413 0.118 0.106 0.069 
324 OmyAC19ROGR    (0)    1 :  0.270 0.181 0.457 0.057 0.034 
325 OmyAC19ROGR    (0)    1 :  0.293 0.205 0.206 0.068 0.228 
326 OmyAC19ROGR    (0)    1 :  0.260 0.238 0.372 0.074 0.056 
327 OmyAC19ROGR    (0)    1 :  0.198 0.247 0.452 0.063 0.041 
328 OmyAC20ROGR    (0)    1 :  0.190 0.144 0.345 0.274 0.047 
329 OmyAC20ROGR    (0)    1 :  0.169 0.161 0.320 0.204 0.147 
330 OmyAC20ROGR    (0)    1 :  0.277 0.225 0.143 0.189 0.166 
331 OmyAC20ROGR    (0)    1 :  0.121 0.111 0.129 0.083 0.556 
332 OmyAC20ROGR    (0)    1 :  0.290 0.209 0.173 0.105 0.222 
333 OmyAC20ROGR    (0)    1 :  0.160 0.171 0.368 0.056 0.245 
334 OmyAC20ROGR    (0)    1 :  0.191 0.188 0.481 0.067 0.073 
335 OmyAC20ROGR    (0)    1 :  0.339 0.382 0.160 0.082 0.037 
336 OmyAC20ROGR    (0)    1 :  0.346 0.176 0.231 0.098 0.150 
337 OmyAC20ROGR    (0)    1 :  0.127 0.171 0.113 0.113 0.475 
338 OmyAC20ROGR    (0)    1 :  0.332 0.301 0.211 0.058 0.097 
339 OmyAC20ROGR    (0)    1 :  0.201 0.266 0.277 0.160 0.097 
340 OmyAC20ROGR    (0)    1 :  0.349 0.249 0.193 0.145 0.064 
341 OmyAC20ROGR    (0)    1 :  0.164 0.147 0.158 0.466 0.065 
342 OmyAC20ROGR    (0)    1 :  0.121 0.227 0.291 0.193 0.168 
343 OmyAC20ROGR    (0)    1 :  0.228 0.106 0.115 0.500 0.050 
344 OmyAC20ROGR    (0)    1 :  0.183 0.158 0.213 0.165 0.282 
345 OmyAC20ROGR    (1)    1 :  0.228 0.299 0.293 0.038 0.143 
346 OmyAC20ROGR    (0)    1 :  0.154 0.165 0.377 0.055 0.249 
347 OmyAC20ROGR    (0)    1 :  0.231 0.198 0.111 0.165 0.296 
348 OmyAC20ROGR    (0)    1 :  0.138 0.117 0.214 0.376 0.154 
349 OmyAC20ROGR    (0)    1 :  0.196 0.132 0.360 0.268 0.043 
350 OmyAC20ROGR    (0)    1 :  0.068 0.083 0.082 0.681 0.085 
351 OmyAC20ROGR    (0)    1 :  0.215 0.245 0.390 0.071 0.079 
352 OmyAC20ROGR    (0)    1 :  0.187 0.325 0.318 0.114 0.055 
353 OmyAC20ROGR    (0)    1 :  0.367 0.236 0.224 0.079 0.093 
354 OmyAC20ROGR    (0)    1 :  0.158 0.152 0.090 0.257 0.343 
355 OmyAC20ROGR    (0)    1 :  0.058 0.090 0.115 0.608 0.129 
356 OmyAC20ROGR    (0)    1 :  0.158 0.156 0.342 0.087 0.257 
357 OmyAC20ROGR    (0)    1 :  0.302 0.293 0.149 0.189 0.067 
358 OmyAC20ROGR    (0)    1 :  0.284 0.327 0.174 0.169 0.046 
359 OmyAC20ROGR    (0)    1 :  0.118 0.242 0.075 0.184 0.380 
360 OmyAC20ROGR    (0)    1 :  0.275 0.336 0.135 0.085 0.169 
361 OmyAC20ROGR    (0)    1 :  0.186 0.266 0.134 0.385 0.029 
362 OmyAC20ROGR    (0)    1 :  0.217 0.347 0.224 0.098 0.113 
363 OmyAC20ROGR    (0)    1 :  0.118 0.095 0.111 0.305 0.371 
364 OmyAC20ROGR    (1)    1 :  0.191 0.244 0.282 0.210 0.072 
365 OmyAC20ROGR    (0)    1 :  0.246 0.188 0.448 0.076 0.042 
366 OmyAC20ROGR    (0)    1 :  0.423 0.204 0.293 0.051 0.028 
367 OmyAC20ROGR    (0)    1 :  0.313 0.362 0.200 0.058 0.067 
368 OmyAC20ROGR    (0)    1 :  0.241 0.322 0.187 0.190 0.061 
369 OmyAC20ROGR    (0)    1 :  0.134 0.209 0.107 0.250 0.300 
370 OmyAC20ROGR    (0)    1 :  0.080 0.124 0.084 0.056 0.657 
371 OmyAC20ROGR    (0)    1 :  0.072 0.060 0.055 0.054 0.759 
372 OmyAC20ROGR    (2)    1 :  0.048 0.049 0.040 0.034 0.829 
373 OmyAC20ROGR    (0)    1 :  0.075 0.076 0.066 0.153 0.629 
374 OmyAC20ROGR    (0)    1 :  0.314 0.318 0.228 0.112 0.028 
375 OmyAC20ROGR    (0)    1 :  0.222 0.250 0.288 0.101 0.139 
376 OmyAC20ROGR    (0)    1 :  0.205 0.210 0.176 0.198 0.211 
377 OmyAC20ROGR    (0)    1 :  0.205 0.200 0.447 0.107 0.041 
378 OmyAC20ROGR    (0)    1 :  0.192 0.273 0.300 0.205 0.030 
379 OmyAC20ROGR    (0)    1 :  0.150 0.148 0.114 0.116 0.471 
380 OmyAC20ROGR    (0)    1 :  0.399 0.225 0.283 0.049 0.044 
381 OmyAC20ROGR    (0)    1 :  0.205 0.234 0.300 0.114 0.147 
382 OmyAC20ROGR    (0)    1 :  0.062 0.050 0.045 0.050 0.794 
383 OmyAC20ROGR    (0)    1 :  0.200 0.261 0.398 0.033 0.108 
384 OmyAC20ROGR    (0)    1 :  0.175 0.143 0.169 0.114 0.399 
385 OmyAC20ROGR    (0)    1 :  0.191 0.226 0.184 0.167 0.232 
386 OmyAC20ROGR    (0)    1 :  0.403 0.188 0.100 0.071 0.238 
387 OmyAC20ROGR    (0)    1 :  0.257 0.143 0.123 0.050 0.428 
388 OmyAC20ROGR    (0)    1 :  0.165 0.171 0.156 0.105 0.403 
389 OmyAC20ROGR    (0)    1 :  0.201 0.156 0.514 0.062 0.067 
390 OmyAC20ROGR    (0)    1 :  0.111 0.093 0.070 0.706 0.020 
391 OmyAC20ROGR    (0)    1 :  0.094 0.091 0.069 0.185 0.560 
392 OmyAC20ROGR    (0)    1 :  0.164 0.214 0.110 0.132 0.380 
393 OmyAC20ROGR    (0)    1 :  0.216 0.229 0.164 0.283 0.108 
394 OmyAC20ROGR    (0)    1 :  0.217 0.367 0.135 0.130 0.151 
395 OmyAC20ROGR    (0)    1 :  0.222 0.246 0.185 0.248 0.098 
396 OmyAC20ROGR    (0)    1 :  0.330 0.225 0.151 0.211 0.083 
397 OmyAC20ROGR    (0)    1 :  0.238 0.266 0.256 0.045 0.195 
398 OmyAC20ROGR    (0)    1 :  0.126 0.115 0.149 0.044 0.565 
399 OmyAC20ROGR    (0)    1 :  0.338 0.364 0.100 0.039 0.160 
400 OmyAC20ROGR    (0)    1 :  0.231 0.320 0.265 0.054 0.130 
401 OmyAC20ROGR    (0)    1 :  0.053 0.093 0.055 0.101 0.699 
402 OmyAC20ROGR    (0)    1 :  0.157 0.145 0.325 0.353 0.021 
403 OmyAC20ROGR    (0)    1 :  0.335 0.214 0.174 0.146 0.131 
404 OmyAC20ROGR    (0)    1 :  0.149 0.142 0.561 0.120 0.028 
405 OmyAC20ROGR    (0)    1 :  0.163 0.160 0.070 0.179 0.429 
406 OmyAC20ROGR    (0)    1 :  0.244 0.289 0.166 0.248 0.054 
407 OmyAC20ROGR    (0)    1 :  0.531 0.228 0.146 0.045 0.050 
408 OmyAC20ROGR    (0)    1 :  0.083 0.073 0.064 0.655 0.124 
409 OmyAC20ROGR    (0)    1 :  0.191 0.204 0.490 0.068 0.046 
410 OmyAC20ROGR    (0)    1 :  0.065 0.060 0.057 0.027 0.790 
411 OmyAC20ROGR    (0)    1 :  0.117 0.115 0.085 0.062 0.622 
412 OmyAC20ROGR    (0)    1 :  0.189 0.133 0.297 0.126 0.255 
413 OmyAC20ROGR    (0)    1 :  0.216 0.231 0.390 0.054 0.108 
414 OmyAC20ROGR    (0)    1 :  0.179 0.265 0.107 0.106 0.342 
415 OmyAC20ROGR    (0)    1 :  0.250 0.266 0.312 0.116 0.056 
416 OmyAC20ROGR    (0)    1 :  0.299 0.264 0.318 0.067 0.052 
417 OmyAC20ROGR    (0)    1 :  0.204 0.229 0.447 0.086 0.033 
418 OmyAC20ROGR    (0)    1 :  0.280 0.202 0.242 0.101 0.176 
419 OmyAC20ROGR    (0)    1 :  0.123 0.153 0.100 0.161 0.463 
420 OmyAC20ROGR    (0)    1 :  0.134 0.204 0.059 0.550 0.053 
421 OmyAC20ROGR    (0)    1 :  0.166 0.310 0.376 0.049 0.099 
422 OmyAC20ROGR    (0)    1 :  0.043 0.048 0.042 0.028 0.839 
423 OmyAC20ROGR    (0)    1 :  0.359 0.336 0.220 0.040 0.046 
424 OmyAC20ROGR    (0)    1 :  0.189 0.230 0.128 0.415 0.038 
425 OmyAC20ROGR    (0)    1 :  0.039 0.042 0.039 0.047 0.833 
426 OmyAC20ROGR    (0)    1 :  0.115 0.176 0.598 0.042 0.069 
427 OmyAC20ROGR    (0)    1 :  0.354 0.235 0.278 0.069 0.065 
428 OmyAC20ROGR    (0)    1 :  0.057 0.062 0.056 0.036 0.788 
429 OmyAC20ROGR    (0)    1 :  0.134 0.139 0.259 0.432 0.036 
430 OmyAC20ROGR    (0)    1 :  0.176 0.298 0.282 0.137 0.107 
431 OmyAC20ROGR    (0)    1 :  0.183 0.136 0.106 0.058 0.517 
432 OmyAC20ROGR    (0)    1 :  0.057 0.040 0.035 0.030 0.838 
433 OmyAC20ROGR    (0)    1 :  0.044 0.061 0.047 0.143 0.705 
434 OmyAC20ROGR    (0)    1 :  0.244 0.195 0.133 0.061 0.367 
435 OmyAC20ROGR    (0)    1 :  0.518 0.270 0.119 0.050 0.044 
436 OmyAC20ROGR    (0)    1 :  0.348 0.284 0.243 0.041 0.084 
437 OmyAC20ROGR    (0)    1 :  0.076 0.066 0.089 0.111 0.658 
438 OmyAC20ROGR    (0)    1 :  0.161 0.330 0.120 0.083 0.306 
439 OmyAC20ROGR    (0)    1 :  0.264 0.484 0.127 0.041 0.084 
440 OmyAC20ROGR    (0)    1 :  0.064 0.082 0.189 0.049 0.615 
441 OmyAC20ROGR    (0)    1 :  0.187 0.356 0.113 0.305 0.039 
442 OmyAC20ROGR    (0)    1 :  0.216 0.483 0.108 0.100 0.094 
443 OmyAC20ROGR    (0)    1 :  0.288 0.359 0.246 0.062 0.045 
444 OmyAC20ROGR    (0)    1 :  0.232 0.143 0.328 0.049 0.248 
445 OmyAC20ROGR    (0)    1 :  0.293 0.254 0.083 0.224 0.147 
446 OmyJC18ROGR    (0)    2 :  0.154 0.157 0.184 0.208 0.296 
447 OmyJC18ROGR    (0)    2 :  0.265 0.240 0.208 0.170 0.117 
448 OmyJC18ROGR    (0)    2 :  0.423 0.284 0.097 0.093 0.103 
449 OmyJC18ROGR    (0)    2 :  0.074 0.061 0.044 0.253 0.569 
450 OmyJC18ROGR    (0)    2 :  0.140 0.105 0.090 0.072 0.593 
451 OmyJC18ROGR    (0)    2 :  0.052 0.077 0.057 0.028 0.785 
452 OmyJC18ROGR    (0)    2 :  0.201 0.205 0.185 0.087 0.322 
453 OmyJC18ROGR    (0)    2 :  0.074 0.074 0.054 0.776 0.022 
454 OmyJC18ROGR    (0)    2 :  0.059 0.059 0.083 0.045 0.754 
455 OmyJC18ROGR    (0)    2 :  0.331 0.241 0.223 0.102 0.103 
456 OmyJC18ROGR    (0)    2 :  0.058 0.055 0.048 0.041 0.800 
457 OmyJC18ROGR    (0)    2 :  0.366 0.252 0.240 0.047 0.096 
458 OmyJC18ROGR    (0)    2 :  0.120 0.095 0.107 0.533 0.144 
459 OmyJC18ROGR    (1)    2 :  0.112 0.152 0.635 0.074 0.025 
460 OmyJC18ROGR    (2)    2 :  0.234 0.288 0.206 0.113 0.159 
461 OmyJC18ROGR    (2)    2 :  0.295 0.186 0.107 0.068 0.345 
462 OmyJC18ROGR    (3)    2 :  0.178 0.272 0.092 0.241 0.218 
463 OmyJC18ROGR    (0)    2 :  0.085 0.096 0.046 0.112 0.661 
464 OmyJC18ROGR    (4)    2 :  0.403 0.165 0.320 0.084 0.028 
465 OmyJC18ROGR    (3)    2 :  0.247 0.294 0.213 0.145 0.102 
466 OmyJC18ROGR    (0)    2 :  0.368 0.307 0.116 0.092 0.118 
467 OmyJC18ROGR    (0)    2 :  0.200 0.218 0.424 0.086 0.071 
468 OmyJC18ROGR    (0)    2 :  0.226 0.154 0.075 0.432 0.113 
469 OmyJC18ROGR    (0)    2 :  0.050 0.066 0.070 0.023 0.792 
470 OmyJC18ROGR    (5)    2 :  0.117 0.147 0.140 0.123 0.473 
471 OmyJC18ROGR    (1)    2 :  0.288 0.258 0.214 0.088 0.151 
472 OmyJC18ROGR    (2)    2 :  0.331 0.375 0.148 0.054 0.093 
473 OmyJC18ROGR    (3)    2 :  0.450 0.205 0.136 0.169 0.040 
474 OmyJC18ROGR    (0)    2 :  0.069 0.063 0.090 0.735 0.042 
475 OmyJC18ROGR    (2)    2 :  0.237 0.139 0.094 0.124 0.406 
476 OmyJC18ROGR    (1)    2 :  0.454 0.320 0.125 0.060 0.040 
477 OmyJC18ROGR    (4)    2 :  0.170 0.187 0.116 0.333 0.195 
478 OmyJC18ROGR    (0)    2 :  0.224 0.203 0.414 0.092 0.066 
479 OmyJC18ROGR    (0)    2 :  0.383 0.305 0.207 0.074 0.030 
480 OmyJC18ROGR    (1)    2 :  0.147 0.149 0.493 0.098 0.114 
481 OmyJC18ROGR    (3)    2 :  0.215 0.376 0.151 0.182 0.075 
482 OmyJC18ROGR    (3)    2 :  0.198 0.184 0.116 0.475 0.026 
483 OmyJC18ROGR    (4)    2 :  0.226 0.261 0.198 0.273 0.043 
484 OmyJC18ROGR    (4)    2 :  0.155 0.356 0.322 0.117 0.051 
485 OmyJC18ROGR    (3)    2 :  0.104 0.107 0.232 0.112 0.445 
486 OmyJC18ROGR    (3)    2 :  0.181 0.197 0.120 0.132 0.370 
487 OmyJC18ROGR    (1)    2 :  0.174 0.148 0.239 0.334 0.105 
488 OmyJC18ROGR    (5)    2 :  0.292 0.211 0.326 0.109 0.062 
489 OmyJC18ROGR    (0)    2 :  0.202 0.401 0.245 0.114 0.038 
490 OmyJC18ROGR    (3)    2 :  0.303 0.363 0.146 0.093 0.095 
491 OmyJC18ROGR    (7)    2 :  0.087 0.084 0.039 0.711 0.079 
492 OmyJC18ROGR    (6)    2 :  0.078 0.080 0.086 0.730 0.026 
493 OmyJC18ROGR    (3)    2 :  0.290 0.347 0.183 0.063 0.116 
494 OmyJC18ROGR    (3)    2 :  0.055 0.060 0.098 0.038 0.749 
495 OmyJC18ROGR    (5)    2 :  0.176 0.138 0.237 0.114 0.335 
496 OmyJC18ROGR    (0)    2 :  0.248 0.274 0.213 0.158 0.106 
497 OmyJC18ROGR    (5)    2 :  0.171 0.118 0.090 0.595 0.026 
498 OmyJC18ROGR    (6)    2 :  0.309 0.432 0.077 0.072 0.110 
499 OmyJC18ROGR    (0)    2 :  0.444 0.307 0.145 0.065 0.040 
500 OmyJC18ROGR    (1)    2 :  0.201 0.201 0.096 0.447 0.055 
501 OmyJC18ROGR    (4)    2 :  0.181 0.225 0.117 0.082 0.394 
502 OmyJC18ROGR    (2)    2 :  0.125 0.234 0.178 0.246 0.216 
503 OmyJC18ROGR    (5)    2 :  0.207 0.318 0.173 0.257 0.045 
504 OmyJC18ROGR    (2)    2 :  0.215 0.396 0.082 0.123 0.184 
505 OmyJC18ROGR    (0)    2 :  0.176 0.145 0.238 0.154 0.287 
506 OmyJC18ROGR    (8)    2 :  0.238 0.212 0.169 0.306 0.075 
507 OmyJC18ROGR    (0)    2 :  0.211 0.218 0.196 0.247 0.127 
508 OmyJC18ROGR    (0)    2 :  0.177 0.208 0.104 0.349 0.163 
509 OmyJC18ROGR    (1)    2 :  0.027 0.029 0.030 0.027 0.888 
510 OmyJC18ROGR    (1)    2 :  0.316 0.259 0.216 0.110 0.098 
511 OmyJC18ROGR    (5)    2 :  0.177 0.182 0.303 0.188 0.150 
512 OmyJC18ROGR    (2)    2 :  0.052 0.066 0.041 0.088 0.752 
513 OmyJC18ROGR    (9)    2 :  0.153 0.131 0.215 0.197 0.305 
514 OmyJC18ROGR    (4)    2 :  0.149 0.115 0.126 0.221 0.389 
515 OmyJC18ROGR    (1)    2 :  0.167 0.173 0.212 0.353 0.095 
516 OmyJC18ROGR    (3)    2 :  0.331 0.175 0.223 0.117 0.154 
517 OmyJC18ROGR    (3)    2 :  0.132 0.129 0.124 0.119 0.495 
518 OmyJC18ROGR    (0)    2 :  0.195 0.232 0.078 0.424 0.071 
519 OmyJC18ROGR    (9)    2 :  0.317 0.191 0.223 0.204 0.064 
520 OmyJC18ROGR    (6)    2 :  0.305 0.433 0.080 0.086 0.095 
521 OmyJC18ROGR    (2)    2 :  0.307 0.233 0.125 0.210 0.126 
522 OmyJC18ROGR    (1)    2 :  0.293 0.376 0.170 0.066 0.096 
523 OmyJC18ROGR    (4)    2 :  0.182 0.197 0.406 0.144 0.071 
524 OmyJC18ROGR    (0)    2 :  0.208 0.364 0.318 0.042 0.068 
525 OmyJC18ROGR    (2)    2 :  0.122 0.155 0.408 0.248 0.067 
526 OmyJC18ROGR    (3)    2 :  0.140 0.170 0.214 0.410 0.066 
527 OmyJC18ROGR    (0)    2 :  0.388 0.202 0.254 0.107 0.049 
528 OmyJC18ROGR    (0)    2 :  0.237 0.159 0.308 0.243 0.054 
529 OmyJC18ROGR    (1)    2 :  0.281 0.236 0.388 0.046 0.050 
530 OmyJC18ROGR    (0)    2 :  0.196 0.190 0.270 0.298 0.046 
531 OmyJC18ROGR    (0)    2 :  0.469 0.194 0.124 0.049 0.164 
532 OmyJC18ROGR    (2)    2 :  0.169 0.279 0.333 0.189 0.030 
533 OmyJC18ROGR    (2)    2 :  0.486 0.191 0.239 0.065 0.019 
534 OmyJC18ROGR    (2)    2 :  0.214 0.357 0.232 0.137 0.060 
535 OmyJC18ROGR    (0)    2 :  0.350 0.279 0.212 0.102 0.057 
536 OmyJC18ROGR    (0)    2 :  0.301 0.244 0.278 0.134 0.043 
537 OmyJC18ROGR    (0)    2 :  0.421 0.164 0.248 0.145 0.022 
538 OmyJC18ROGR    (0)    2 :  0.527 0.172 0.128 0.112 0.060 
539 OmyJC18ROGR    (0)    2 :  0.241 0.224 0.348 0.130 0.057 
540 OmyJC18ROGR    (8)    2 :  0.139 0.135 0.105 0.551 0.071 
541 OmyJC18ROGR    (1)    2 :  0.272 0.194 0.347 0.096 0.091 
542 OmyJC18ROGR    (1)    2 :  0.153 0.157 0.144 0.259 0.288 
543 OmyJC18ROGR    (0)    2 :  0.278 0.149 0.157 0.336 0.080 
544 OmyJC18ROGR    (2)    2 :  0.252 0.209 0.323 0.164 0.053 
545 OmyJC18ROGR    (1)    2 :  0.164 0.257 0.058 0.054 0.467 
546 OmyJC18ROGR    (9)    2 :  0.445 0.230 0.136 0.161 0.028 
547 OmyJC18ROGR    (0)    2 :  0.193 0.367 0.274 0.048 0.118 
548 OmyJC18ROGR    (0)    2 :  0.239 0.145 0.135 0.242 0.239 
549 OmyJC18ROGR    (0)    2 :  0.365 0.240 0.130 0.165 0.100 
550 OmyJC18ROGR    (1)    2 :  0.112 0.114 0.205 0.063 0.505 
551 OmyJC18ROGR    (1)    2 :  0.182 0.162 0.327 0.256 0.073 
552 OmyJC18ROGR    (2)    2 :  0.324 0.258 0.257 0.060 0.100 
553 OmyJC18ROGR   (10)    2 :  0.266 0.263 0.214 0.198 0.059 
554 OmyJC18ROGR    (2)    2 :  0.339 0.213 0.168 0.231 0.049 
555 OmyJC18ROGR    (4)    2 :  0.206 0.288 0.165 0.296 0.046 
556 OmyJC18ROGR    (0)    2 :  0.349 0.163 0.147 0.244 0.097 
557 OmyJC18ROGR    (2)    2 :  0.254 0.362 0.090 0.100 0.194 
558 OmyJC18ROGR    (0)    2 :  0.226 0.278 0.198 0.044 0.254 
559 OmyJC18ROGR    (0)    2 :  0.124 0.171 0.142 0.499 0.065 
560 OmyJC18ROGR    (8)    2 :  0.180 0.202 0.194 0.289 0.134 
561 OmyJC18ROGR    (0)    2 :  0.207 0.216 0.499 0.049 0.029 
562 OmyJC18ROGR    (8)    2 :  0.309 0.186 0.153 0.225 0.127 
563 OmyJC18ROGR    (2)    2 :  0.322 0.249 0.212 0.138 0.078 
564 OmyJC18ROGR    (4)    2 :  0.205 0.174 0.438 0.100 0.082 
565 OmyJC18ROGR    (3)    2 :  0.137 0.188 0.350 0.195 0.130 
566 OmyJC18ROGR    (1)    2 :  0.187 0.390 0.144 0.131 0.149 
567 OmyJC18ROGR    (0)    2 :  0.144 0.370 0.133 0.294 0.059 
568 OmyJC18ROGR    (5)    2 :  0.324 0.167 0.220 0.149 0.140 
569 OmyJC18ROGR    (2)    2 :  0.101 0.147 0.082 0.633 0.038 
570 OmyJC18ROGR    (0)    2 :  0.325 0.371 0.176 0.068 0.060 
571 OmyJC18ROGR    (2)    2 :  0.332 0.315 0.209 0.074 0.069 
572 OmyJC18ROGR    (6)    2 :  0.237 0.252 0.206 0.242 0.064 
573 OmyJC18ROGR    (5)    2 :  0.097 0.166 0.202 0.100 0.436 
574 OmyJC18ROGR    (8)    2 :  0.313 0.234 0.179 0.104 0.170 
575 OmyJC18ROGR    (3)    2 :  0.340 0.279 0.207 0.135 0.040 
576 OmyJC18ROGR    (0)    2 :  0.130 0.120 0.121 0.497 0.131 
577 OmyJC18ROGR    (0)    2 :  0.040 0.040 0.041 0.030 0.849 
578 OmyJC18ROGR    (1)    2 :  0.325 0.325 0.179 0.122 0.049 
579 OmyJC18ROGR    (0)    2 :  0.100 0.162 0.130 0.031 0.577 
580 OmyJC18ROGR    (0)    2 :  0.451 0.200 0.094 0.226 0.029 
581 OmyJC18ROGR    (6)    2 :  0.156 0.185 0.161 0.428 0.070 
582 OmyJC18ROGR    (7)    2 :  0.174 0.173 0.503 0.111 0.038 
583 OmyJC18ROGR    (3)    2 :  0.255 0.129 0.448 0.108 0.060 
584 OmyJC18ROGR    (5)    2 :  0.312 0.234 0.218 0.169 0.068 
585 OmyJC18ROGR    (1)    2 :  0.418 0.288 0.127 0.064 0.103 
586 OmyJC18ROGR    (2)    2 :  0.399 0.269 0.143 0.168 0.022 
587 OmyJC18ROGR    (0)    2 :  0.025 0.022 0.025 0.018 0.909 
588 OmyJC18ROGR    (0)    2 :  0.190 0.337 0.129 0.144 0.200 
589 OmyJC18ROGR    (1)    2 :  0.142 0.145 0.398 0.224 0.091 
590 OmyJC18ROGR    (2)    2 :  0.351 0.282 0.279 0.071 0.017 
591 OmyJC18ROGR    (0)    2 :  0.342 0.206 0.242 0.162 0.047 
592 OmyJC18ROGR    (4)    2 :  0.302 0.321 0.141 0.182 0.054 
593 OmyJC18ROGR    (0)    2 :  0.310 0.221 0.191 0.128 0.150 
594 OmyJC18ROGR    (1)    2 :  0.355 0.313 0.211 0.077 0.044 
595 OmyJC18ROGR    (0)    2 :  0.154 0.127 0.148 0.379 0.193 
596 OmyJC18ROGR    (0)    2 :  0.257 0.230 0.210 0.223 0.079 
597 OmyJC18ROGR    (0)    2 :  0.194 0.176 0.106 0.382 0.142 
598 OmyJC18ROGR    (0)    2 :  0.184 0.229 0.361 0.164 0.063 
599 OmyJC18ROGR    (0)    2 :  0.200 0.179 0.413 0.068 0.141 
600 OmyJC18ROGR    (0)    2 :  0.364 0.243 0.256 0.075 0.062 
601 OmyJC18ROGR    (0)    2 :  0.154 0.131 0.219 0.468 0.028 
602 OmyJC18ROGR    (0)    2 :  0.143 0.167 0.339 0.161 0.190 
603 OmyJC18ROGR    (0)    2 :  0.227 0.353 0.276 0.098 0.046 
604 OmyJC18ROGR    (0)    2 :  0.170 0.138 0.565 0.087 0.040 
605 OmyJC18ROGR    (0)    2 :  0.277 0.229 0.226 0.221 0.046 
606 OmyJC18ROGR    (0)    2 :  0.302 0.326 0.126 0.134 0.112 
607 OmyJC18ROGR    (0)    2 :  0.176 0.274 0.450 0.049 0.052 
608 OmyJC18ROGR    (0)    2 :  0.210 0.209 0.457 0.089 0.035 
