

----------------------------------------------------
STRUCTURE by Pritchard, Stephens and Donnelly (2000)
     and Falush, Stephens and Pritchard (2003)
       Code by Pritchard, Falush and Hubisz
             Version 2.3.4 (Jul 2012)
----------------------------------------------------



Command line arguments:   bin/structure -m "/Users/ddayan/FRA/half_pounder_2023/structure/halfpounder/10k_20k_adm_corr/mainparams" -e "/Users/ddayan/FRA/half_pounder_2023/structure/halfpounder/10k_20k_adm_corr/extraparams" 
Input File:    /Users/ddayan/FRA/half_pounder_2023/structure/halfpounder/project_data

Run parameters:
   1000 individuals
   233 loci
   4 populations assumed
   10000 Burn-in period
   20000 Reps


--------------------------------------------
Proportion of membership of each pre-defined
 population in each of the 4 clusters

Given    Inferred Clusters              Number of
 Pop       1      2      3      4      Individuals

  1:     0.267  0.216  0.251  0.266      275
  2:     0.250  0.257  0.237  0.256      643
  3:     0.267  0.412  0.095  0.225       42
  4:     0.283  0.311  0.096  0.310       40
--------------------------------------------

Allele-freq. divergence among pops (Net nucleotide distance),
computed using point estimates of P.

      1       2       3       4      
 1      -    0.0045  0.0110  0.0006  
 2   0.0045     -    0.0135  0.0032  
 3   0.0110  0.0135     -    0.0091  
 4   0.0006  0.0032  0.0091     -    

Average distances (expected heterozygosity) between individuals in same cluster:
cluster  1  : 0.3108 
cluster  2  : 0.3062 
cluster  3  : 0.2819 
cluster  4  : 0.3167 

--------------------------------------------
Estimated Ln Prob of Data   = -217791.5
Mean value of ln likelihood = -215054.9
Variance of ln likelihood   = 5473.3
Mean value of alpha         = 0.3932

Mean value of Fst_1         = 0.0181
Mean value of Fst_2         = 0.0307
Mean value of Fst_3         = 0.0799
Mean value of Fst_4         = 0.0017


Inferred ancestry of individuals:
        Label (%Miss) Pop:  Inferred clusters
  1 OmyAC19ROGR    (0)    1 :  0.260 0.222 0.060 0.458 
  2 OmyAC19ROGR    (0)    1 :  0.399 0.070 0.155 0.376 
  3 OmyAC19ROGR    (0)    1 :  0.296 0.304 0.102 0.299 
  4 OmyAC19ROGR    (0)    1 :  0.690 0.097 0.043 0.170 
  5 OmyAC19ROGR    (1)    1 :  0.041 0.039 0.854 0.066 
  6 OmyAC19ROGR    (0)    1 :  0.148 0.342 0.371 0.139 
  7 OmyAC19ROGR    (0)    1 :  0.138 0.333 0.325 0.203 
  8 OmyAC19ROGR    (0)    1 :  0.135 0.636 0.049 0.180 
  9 OmyAC19ROGR    (0)    1 :  0.168 0.149 0.474 0.208 
 10 OmyAC19ROGR    (0)    1 :  0.248 0.084 0.396 0.272 
 11 OmyAC19ROGR    (0)    1 :  0.163 0.605 0.098 0.134 
 12 OmyAC19ROGR    (0)    1 :  0.270 0.139 0.277 0.314 
 13 OmyAC19ROGR    (0)    1 :  0.180 0.481 0.058 0.281 
 14 OmyAC19ROGR    (0)    1 :  0.126 0.348 0.243 0.282 
 15 OmyAC19ROGR    (0)    1 :  0.159 0.137 0.475 0.229 
 16 OmyAC19ROGR    (0)    1 :  0.265 0.394 0.118 0.223 
 17 OmyAC19ROGR    (0)    1 :  0.405 0.045 0.175 0.375 
 18 OmyAC19ROGR    (3)    1 :  0.376 0.222 0.033 0.369 
 19 OmyAC19ROGR    (0)    1 :  0.087 0.704 0.080 0.129 
 20 OmyAC19ROGR    (0)    1 :  0.280 0.069 0.348 0.303 
 21 OmyAC19ROGR    (0)    1 :  0.320 0.096 0.382 0.202 
 22 OmyAC19ROGR    (0)    1 :  0.140 0.574 0.115 0.171 
 23 OmyAC19ROGR    (0)    1 :  0.148 0.237 0.399 0.217 
 24 OmyAC19ROGR    (1)    1 :  0.466 0.212 0.063 0.260 
 25 OmyAC19ROGR    (0)    1 :  0.088 0.251 0.494 0.166 
 26 OmyAC19ROGR    (0)    1 :  0.169 0.350 0.152 0.330 
 27 OmyAC19ROGR    (2)    1 :  0.161 0.411 0.095 0.334 
 28 OmyAC19ROGR    (0)    1 :  0.456 0.133 0.100 0.312 
 29 OmyAC19ROGR    (0)    1 :  0.418 0.092 0.121 0.370 
 30 OmyAC19ROGR    (0)    1 :  0.134 0.134 0.487 0.245 
 31 OmyAC19ROGR    (0)    1 :  0.299 0.347 0.105 0.249 
 32 OmyAC19ROGR    (0)    1 :  0.323 0.115 0.218 0.345 
 33 OmyAC19ROGR    (0)    1 :  0.487 0.158 0.136 0.219 
 34 OmyAC19ROGR    (0)    1 :  0.147 0.148 0.517 0.187 
 35 OmyAC19ROGR    (0)    1 :  0.505 0.115 0.115 0.266 
 36 OmyAC19ROGR    (0)    1 :  0.122 0.598 0.100 0.179 
 37 OmyAC19ROGR    (0)    1 :  0.096 0.532 0.263 0.108 
 38 OmyAC19ROGR    (0)    1 :  0.098 0.180 0.582 0.140 
 39 OmyAC19ROGR    (0)    1 :  0.315 0.062 0.100 0.522 
 40 OmyAC19ROGR    (0)    1 :  0.237 0.096 0.435 0.232 
 41 OmyAC19ROGR    (0)    1 :  0.408 0.141 0.096 0.355 
 42 OmyAC19ROGR    (0)    1 :  0.096 0.072 0.744 0.087 
 43 OmyAC19ROGR    (0)    1 :  0.316 0.099 0.090 0.495 
 44 OmyAC19ROGR    (8)    1 :  0.411 0.225 0.086 0.278 
 45 OmyAC19ROGR    (2)    1 :  0.156 0.223 0.440 0.180 
 46 OmyAC19ROGR    (0)    1 :  0.334 0.294 0.141 0.231 
 47 OmyAC19ROGR    (0)    1 :  0.158 0.644 0.063 0.136 
 48 OmyAC19ROGR    (0)    1 :  0.214 0.179 0.056 0.552 
 49 OmyAC19ROGR    (0)    1 :  0.221 0.295 0.072 0.412 
 50 OmyAC19ROGR    (0)    1 :  0.500 0.063 0.056 0.381 
 51 OmyAC19ROGR    (2)    1 :  0.081 0.087 0.738 0.094 
 52 OmyAC19ROGR    (0)    1 :  0.062 0.065 0.799 0.075 
 53 OmyAC19ROGR    (1)    1 :  0.203 0.479 0.065 0.253 
 54 OmyAC19ROGR    (0)    1 :  0.372 0.169 0.124 0.335 
 55 OmyAC19ROGR    (4)    1 :  0.209 0.388 0.110 0.293 
 56 OmyAC19ROGR    (0)    1 :  0.133 0.396 0.255 0.216 
 57 OmyAC19ROGR    (0)    1 :  0.066 0.828 0.042 0.064 
 58 OmyAC19ROGR    (0)    1 :  0.049 0.291 0.581 0.078 
 59 OmyAC19ROGR    (0)    1 :  0.185 0.573 0.064 0.178 
 60 OmyAC19ROGR    (0)    1 :  0.126 0.578 0.166 0.130 
 61 OmyAC19ROGR    (0)    1 :  0.179 0.121 0.102 0.598 
 62 OmyAC19ROGR    (0)    1 :  0.150 0.319 0.113 0.417 
 63 OmyAC19ROGR    (0)    1 :  0.254 0.247 0.233 0.266 
 64 OmyAC19ROGR    (2)    1 :  0.513 0.095 0.108 0.284 
 65 OmyAC19ROGR    (0)    1 :  0.276 0.322 0.069 0.333 
 66 OmyAC19ROGR    (5)    1 :  0.141 0.274 0.325 0.259 
 67 OmyAC19ROGR    (0)    1 :  0.113 0.656 0.063 0.167 
 68 OmyAC19ROGR    (1)    1 :  0.245 0.214 0.223 0.318 
 69 OmyAC19ROGR    (3)    1 :  0.186 0.363 0.215 0.237 
 70 OmyAC19ROGR    (0)    1 :  0.509 0.096 0.061 0.334 
 71 OmyAC19ROGR    (0)    1 :  0.233 0.449 0.103 0.215 
 72 OmyAC19ROGR    (5)    1 :  0.288 0.283 0.079 0.350 
 73 OmyAC19ROGR    (0)    1 :  0.260 0.133 0.219 0.387 
 74 OmyAC19ROGR    (0)    1 :  0.421 0.097 0.120 0.362 
 75 OmyAC19ROGR    (0)    1 :  0.439 0.136 0.190 0.235 
 76 OmyAC19ROGR    (0)    1 :  0.444 0.156 0.089 0.310 
 77 OmyAC19ROGR    (1)    1 :  0.034 0.030 0.905 0.031 
 78 OmyAC19ROGR    (0)    1 :  0.455 0.076 0.056 0.412 
 79 OmyAC19ROGR    (3)    1 :  0.414 0.141 0.109 0.336 
 80 OmyAC19ROGR    (0)    1 :  0.063 0.090 0.758 0.089 
 81 OmyAC19ROGR    (3)    1 :  0.174 0.184 0.352 0.291 
 82 OmyAC19ROGR    (1)    1 :  0.138 0.734 0.029 0.099 
 83 OmyAC19ROGR    (0)    1 :  0.442 0.197 0.070 0.290 
 84 OmyAC19ROGR    (0)    1 :  0.224 0.420 0.122 0.234 
 85 OmyAC19ROGR    (7)    1 :  0.443 0.175 0.085 0.297 
 86 OmyAC19ROGR    (0)    1 :  0.310 0.146 0.136 0.409 
 87 OmyAC19ROGR    (0)    1 :  0.562 0.180 0.064 0.194 
 88 OmyJC19ROGR    (0)    2 :  0.063 0.042 0.824 0.070 
 89 OmyJC19ROGR    (0)    2 :  0.167 0.320 0.097 0.415 
 90 OmyJC19ROGR    (0)    2 :  0.066 0.034 0.848 0.052 
 91 OmyJC19ROGR    (0)    2 :  0.169 0.456 0.024 0.352 
 92 OmyJC19ROGR    (0)    2 :  0.340 0.134 0.094 0.433 
 93 OmyJC19ROGR    (0)    2 :  0.452 0.162 0.079 0.307 
 94 OmyJC19ROGR    (0)    2 :  0.421 0.073 0.163 0.344 
 95 OmyJC19ROGR    (0)    2 :  0.399 0.145 0.214 0.242 
 96 OmyJC19ROGR    (0)    2 :  0.228 0.207 0.266 0.299 
 97 OmyJC19ROGR    (0)    2 :  0.200 0.190 0.351 0.259 
 98 OmyJC19ROGR    (0)    2 :  0.341 0.367 0.083 0.209 
 99 OmyJC19ROGR    (0)    2 :  0.299 0.366 0.098 0.237 
100 OmyJC19ROGR    (0)    2 :  0.227 0.364 0.061 0.348 
101 OmyJC19ROGR    (1)    2 :  0.142 0.165 0.542 0.151 
102 OmyJC19ROGR    (0)    2 :  0.220 0.331 0.145 0.304 
103 OmyJC19ROGR    (0)    2 :  0.237 0.155 0.353 0.255 
104 OmyJC19ROGR    (0)    2 :  0.191 0.462 0.057 0.290 
105 OmyJC19ROGR    (0)    2 :  0.297 0.221 0.313 0.168 
106 OmyJC19ROGR    (0)    2 :  0.050 0.038 0.862 0.050 
107 OmyJC19ROGR    (0)    2 :  0.107 0.540 0.247 0.106 
108 OmyJC19ROGR    (0)    2 :  0.459 0.125 0.127 0.288 
109 OmyJC19ROGR    (0)    2 :  0.177 0.312 0.200 0.311 
110 OmyJC19ROGR    (0)    2 :  0.134 0.149 0.540 0.177 
111 OmyJC19ROGR    (0)    2 :  0.105 0.674 0.078 0.143 
112 OmyJC19ROGR    (2)    2 :  0.138 0.314 0.264 0.284 
113 OmyJC19ROGR    (0)    2 :  0.168 0.113 0.524 0.195 
114 OmyJC19ROGR    (5)    2 :  0.374 0.127 0.074 0.424 
115 OmyJC19ROGR    (0)    2 :  0.628 0.085 0.059 0.227 
116 OmyJC19ROGR    (0)    2 :  0.298 0.114 0.162 0.426 
117 OmyJC19ROGR    (0)    2 :  0.258 0.232 0.175 0.335 
118 OmyJC19ROGR    (0)    2 :  0.472 0.194 0.045 0.289 
119 OmyJC19ROGR    (2)    2 :  0.502 0.138 0.060 0.300 
120 OmyJC19ROGR    (0)    2 :  0.152 0.556 0.053 0.239 
121 OmyJC19ROGR    (0)    2 :  0.192 0.588 0.054 0.166 
122 OmyJC19ROGR    (0)    2 :  0.403 0.224 0.105 0.268 
123 OmyJC19ROGR    (1)    2 :  0.470 0.209 0.035 0.287 
124 OmyJC19ROGR    (0)    2 :  0.380 0.087 0.250 0.283 
125 OmyJC19ROGR    (0)    2 :  0.219 0.152 0.142 0.488 
126 OmyJC19ROGR    (0)    2 :  0.118 0.042 0.735 0.105 
127 OmyJC19ROGR    (0)    2 :  0.256 0.463 0.062 0.218 
128 OmyJC19ROGR    (1)    2 :  0.328 0.225 0.058 0.389 
129 OmyJC19ROGR    (0)    2 :  0.209 0.081 0.313 0.397 
130 OmyJC19ROGR    (2)    2 :  0.176 0.074 0.149 0.600 
131 OmyJC19ROGR    (0)    2 :  0.201 0.542 0.093 0.164 
132 OmyJC19ROGR    (0)    2 :  0.492 0.179 0.105 0.225 
133 OmyJC19ROGR    (0)    2 :  0.592 0.149 0.044 0.215 
134 OmyJC19ROGR    (0)    2 :  0.309 0.288 0.084 0.319 
135 OmyJC19ROGR    (0)    2 :  0.112 0.664 0.099 0.125 
136 OmyJC19ROGR    (4)    2 :  0.419 0.134 0.148 0.299 
137 OmyJC19ROGR    (0)    2 :  0.204 0.310 0.241 0.245 
138 OmyJC19ROGR    (0)    2 :  0.077 0.167 0.670 0.087 
139 OmyJC19ROGR    (3)    2 :  0.219 0.374 0.052 0.355 
140 OmyJC19ROGR    (1)    2 :  0.247 0.120 0.148 0.485 
141 OmyJC19ROGR    (0)    2 :  0.220 0.112 0.206 0.462 
142 OmyJC19ROGR    (0)    2 :  0.151 0.202 0.482 0.166 
143 OmyJC19ROGR    (0)    2 :  0.417 0.134 0.185 0.264 
144 OmyJC19ROGR    (0)    2 :  0.162 0.566 0.037 0.235 
145 OmyJC19ROGR    (0)    2 :  0.276 0.266 0.065 0.393 
146 OmyJC19ROGR    (1)    2 :  0.228 0.347 0.146 0.279 
147 OmyJC19ROGR    (0)    2 :  0.130 0.494 0.250 0.125 
148 OmyJC19ROGR    (0)    2 :  0.128 0.657 0.089 0.127 
149 OmyJC19ROGR    (0)    2 :  0.313 0.332 0.071 0.283 
150 OmyJC19ROGR    (1)    2 :  0.524 0.123 0.104 0.249 
151 OmyJC19ROGR    (0)    2 :  0.340 0.083 0.165 0.412 
152 OmyJC19ROGR    (0)    2 :  0.270 0.518 0.071 0.141 
153 OmyJC19ROGR    (0)    2 :  0.166 0.580 0.108 0.146 
154 OmyJC19ROGR    (0)    2 :  0.202 0.415 0.129 0.255 
155 OmyJC19ROGR    (0)    2 :  0.202 0.104 0.088 0.605 
156 OmyJC19ROGR    (0)    2 :  0.373 0.292 0.128 0.208 
157 OmyJC19ROGR    (0)    2 :  0.270 0.148 0.277 0.305 
158 OmyJC19ROGR    (0)    2 :  0.372 0.330 0.031 0.266 
159 OmyJC19ROGR    (0)    2 :  0.534 0.160 0.063 0.243 
160 OmyJC19ROGR    (0)    2 :  0.272 0.237 0.154 0.337 
161 OmyJC19ROGR    (1)    2 :  0.153 0.668 0.053 0.126 
162 OmyJC19ROGR    (0)    2 :  0.252 0.278 0.300 0.170 
163 OmyJC19ROGR    (0)    2 :  0.160 0.499 0.147 0.194 
164 OmyJC19ROGR    (0)    2 :  0.267 0.420 0.041 0.272 
165 OmyJC19ROGR    (0)    2 :  0.336 0.311 0.053 0.300 
166 OmyJC19ROGR    (0)    2 :  0.426 0.122 0.106 0.345 
167 OmyJC19ROGR    (0)    2 :  0.245 0.337 0.188 0.231 
168 OmyJC19ROGR    (0)    2 :  0.246 0.167 0.139 0.448 
169 OmyJC19ROGR    (0)    2 :  0.047 0.036 0.874 0.043 
170 OmyJC19ROGR    (0)    2 :  0.347 0.174 0.139 0.340 
171 OmyJC19ROGR    (0)    2 :  0.443 0.242 0.072 0.242 
172 OmyJC19ROGR    (0)    2 :  0.135 0.364 0.332 0.169 
173 OmyJC19ROGR    (0)    2 :  0.056 0.054 0.823 0.067 
174 OmyJC19ROGR    (0)    2 :  0.375 0.138 0.057 0.430 
175 OmyJC19ROGR    (0)    2 :  0.508 0.090 0.059 0.343 
176 OmyJC19ROGR    (0)    2 :  0.130 0.334 0.257 0.280 
177 OmyJC19ROGR    (0)    2 :  0.140 0.741 0.031 0.088 
178 OmyJC19ROGR    (0)    2 :  0.199 0.186 0.075 0.540 
179 OmyJC19ROGR    (0)    2 :  0.370 0.132 0.077 0.421 
180 OmyJC19ROGR    (0)    2 :  0.055 0.051 0.829 0.064 
181 OmyJC19ROGR    (0)    2 :  0.429 0.110 0.125 0.336 
182 OmyJC19ROGR    (0)    2 :  0.142 0.466 0.118 0.274 
183 OmyJC19ROGR    (0)    2 :  0.269 0.369 0.087 0.275 
184 OmyJC19ROGR    (0)    2 :  0.096 0.110 0.702 0.092 
185 OmyJC19ROGR    (0)    2 :  0.169 0.109 0.039 0.683 
186 OmyJC19ROGR    (0)    2 :  0.229 0.190 0.357 0.224 
187 OmyJC19ROGR    (0)    2 :  0.501 0.071 0.076 0.353 
188 OmyJC19ROGR    (0)    2 :  0.386 0.211 0.075 0.328 
189 OmyJC19ROGR    (0)    2 :  0.305 0.163 0.339 0.192 
190 OmyJC19ROGR    (0)    2 :  0.162 0.475 0.130 0.234 
191 OmyJC19ROGR    (0)    2 :  0.546 0.155 0.095 0.205 
192 OmyJC19ROGR    (0)    2 :  0.235 0.162 0.051 0.552 
193 OmyJC19ROGR    (0)    2 :  0.140 0.429 0.269 0.162 
194 OmyJC19ROGR    (0)    2 :  0.164 0.593 0.040 0.203 
195 OmyJC19ROGR    (0)    2 :  0.105 0.041 0.756 0.097 
196 OmyJC19ROGR    (0)    2 :  0.649 0.053 0.067 0.232 
197 OmyJC19ROGR    (0)    2 :  0.356 0.232 0.071 0.342 
198 OmyJC19ROGR    (0)    2 :  0.064 0.075 0.814 0.048 
199 OmyJC19ROGR    (0)    2 :  0.274 0.343 0.041 0.341 
200 OmyJC19ROGR    (0)    2 :  0.254 0.242 0.251 0.253 
201 OmyJC19ROGR    (0)    2 :  0.320 0.401 0.043 0.236 
202 OmyJC19ROGR    (0)    2 :  0.359 0.424 0.042 0.175 
203 OmyJC19ROGR    (0)    2 :  0.633 0.119 0.069 0.180 
204 OmyJC19ROGR    (0)    2 :  0.311 0.240 0.144 0.305 
205 OmyJC19ROGR    (0)    2 :  0.299 0.303 0.195 0.203 
206 OmyJC19ROGR    (0)    2 :  0.039 0.034 0.872 0.056 
207 OmyJC19ROGR    (0)    2 :  0.088 0.298 0.453 0.162 
208 OmyJC19ROGR    (0)    2 :  0.228 0.312 0.085 0.375 
209 OmyJC19ROGR    (0)    2 :  0.143 0.240 0.386 0.230 
210 OmyJC19ROGR    (0)    2 :  0.066 0.034 0.841 0.059 
211 OmyJC19ROGR    (0)    2 :  0.138 0.370 0.175 0.318 
212 OmyJC19ROGR    (1)    2 :  0.101 0.555 0.256 0.087 
213 OmyJC19ROGR    (1)    2 :  0.373 0.095 0.148 0.384 
214 OmyJC19ROGR    (0)    2 :  0.159 0.457 0.209 0.175 
215 OmyJC19ROGR    (0)    2 :  0.463 0.152 0.047 0.338 
216 OmyJC19ROGR    (0)    2 :  0.104 0.251 0.512 0.132 
217 OmyJC19ROGR    (0)    2 :  0.133 0.111 0.588 0.168 
218 OmyJC19ROGR    (0)    2 :  0.473 0.136 0.091 0.300 
219 OmyJC19ROGR    (0)    2 :  0.153 0.328 0.293 0.227 
220 OmyJC19ROGR    (0)    2 :  0.175 0.620 0.025 0.180 
221 OmyJC19ROGR    (0)    2 :  0.155 0.474 0.210 0.160 
222 OmyJC19ROGR    (0)    2 :  0.260 0.229 0.063 0.448 
223 OmyJC19ROGR    (0)    2 :  0.167 0.381 0.171 0.281 
224 OmyJC19ROGR    (1)    2 :  0.237 0.173 0.116 0.473 
225 OmyJC19ROGR    (0)    2 :  0.043 0.171 0.744 0.043 
226 OmyJC19ROGR    (0)    2 :  0.279 0.053 0.404 0.263 
227 OmyJC19ROGR    (0)    2 :  0.071 0.045 0.828 0.056 
228 OmyJC19ROGR    (0)    2 :  0.259 0.317 0.077 0.347 
229 OmyJC19ROGR    (0)    2 :  0.545 0.188 0.063 0.203 
230 OmyJC19ROGR    (0)    2 :  0.211 0.267 0.247 0.275 
231 OmyJC19ROGR    (0)    2 :  0.172 0.369 0.177 0.282 
232 OmyJC19ROGR    (2)    2 :  0.233 0.369 0.159 0.239 
233 OmyJC19ROGR    (0)    2 :  0.197 0.339 0.275 0.189 
234 OmyJC19ROGR    (0)    2 :  0.039 0.039 0.874 0.047 
235 OmyJC19ROGR    (0)    2 :  0.102 0.090 0.699 0.109 
236 OmyJC19ROGR    (0)    2 :  0.082 0.747 0.055 0.115 
237 OmyJC19ROGR    (0)    2 :  0.109 0.558 0.148 0.185 
238 OmyJC19ROGR    (0)    2 :  0.087 0.691 0.117 0.106 
239 OmyJC19ROGR    (0)    2 :  0.161 0.294 0.081 0.464 
240 OmyJC19ROGR    (0)    2 :  0.331 0.183 0.123 0.363 
241 OmyJC19ROGR    (0)    2 :  0.294 0.120 0.279 0.307 
242 OmyJC19ROGR    (0)    2 :  0.135 0.605 0.038 0.222 
243 OmyJC19ROGR    (0)    2 :  0.438 0.219 0.073 0.270 
244 OmyJC19ROGR    (0)    2 :  0.429 0.163 0.074 0.334 
245 OmyJC19ROGR    (0)    2 :  0.051 0.046 0.845 0.058 
246 OmyJC19ROGR    (0)    2 :  0.281 0.283 0.215 0.222 
247 OmyJC19ROGR    (0)    2 :  0.146 0.083 0.676 0.096 
248 OmyJC19ROGR    (0)    2 :  0.228 0.072 0.419 0.281 
249 OmyJC19ROGR    (0)    2 :  0.472 0.094 0.121 0.312 
250 OmyJC19ROGR    (0)    2 :  0.379 0.120 0.146 0.355 
251 OmyJC19ROGR    (0)    2 :  0.514 0.088 0.119 0.280 
252 OmyJC19ROGR    (0)    2 :  0.189 0.354 0.123 0.334 
253 OmyJC19ROGR    (0)    2 :  0.334 0.076 0.156 0.434 
254 OmyJC19ROGR    (0)    2 :  0.393 0.124 0.182 0.301 
255 OmyJC19ROGR    (0)    2 :  0.325 0.296 0.105 0.274 
256 OmyJC19ROGR    (0)    2 :  0.346 0.203 0.224 0.227 
257 OmyJC19ROGR    (0)    2 :  0.522 0.081 0.125 0.272 
258 OmyAC19ROGR    (0)    1 :  0.192 0.250 0.158 0.400 
259 OmyAC19ROGR    (0)    1 :  0.117 0.190 0.412 0.281 
260 OmyAC19ROGR    (0)    1 :  0.297 0.079 0.092 0.532 
261 OmyAC19ROGR    (0)    1 :  0.315 0.083 0.168 0.434 
262 OmyAC19ROGR    (0)    1 :  0.276 0.092 0.172 0.460 
263 OmyAC19ROGR    (0)    1 :  0.352 0.312 0.130 0.206 
264 OmyAC19ROGR    (0)    1 :  0.462 0.110 0.103 0.325 
265 OmyAC19ROGR    (0)    1 :  0.613 0.094 0.081 0.213 
266 OmyAC19ROGR    (0)    1 :  0.529 0.108 0.057 0.306 
267 OmyAC19ROGR    (0)    1 :  0.369 0.067 0.326 0.238 
268 OmyAC19ROGR    (0)    1 :  0.275 0.294 0.184 0.246 
269 OmyAC19ROGR    (1)    1 :  0.336 0.104 0.230 0.330 
270 OmyAC19ROGR    (0)    1 :  0.560 0.083 0.089 0.267 
271 OmyAC19ROGR    (0)    1 :  0.239 0.118 0.442 0.201 
272 OmyAC19ROGR    (0)    1 :  0.279 0.238 0.235 0.248 
273 OmyAC19ROGR    (0)    1 :  0.370 0.197 0.054 0.379 
274 OmyAC19ROGR    (0)    1 :  0.142 0.086 0.632 0.140 
275 OmyAC19ROGR    (0)    1 :  0.090 0.651 0.131 0.128 
276 OmyAC19ROGR    (0)    1 :  0.362 0.248 0.124 0.265 
277 OmyAC19ROGR    (0)    1 :  0.253 0.150 0.243 0.354 
278 OmyAC19ROGR    (0)    1 :  0.128 0.410 0.325 0.137 
279 OmyAC19ROGR    (0)    1 :  0.083 0.424 0.243 0.250 
280 OmyAC19ROGR    (0)    1 :  0.280 0.130 0.254 0.335 
281 OmyAC19ROGR    (0)    1 :  0.495 0.152 0.102 0.251 
282 OmyAC19ROGR    (0)    1 :  0.201 0.163 0.247 0.389 
283 OmyAC19ROGR    (0)    1 :  0.349 0.253 0.161 0.237 
284 OmyAC19ROGR    (0)    1 :  0.599 0.142 0.070 0.189 
285 OmyAC19ROGR    (0)    1 :  0.408 0.207 0.090 0.296 
286 OmyAC19ROGR    (0)    1 :  0.420 0.168 0.068 0.344 
287 OmyAC19ROGR    (0)    1 :  0.035 0.023 0.905 0.036 
288 OmyAC19ROGR    (0)    1 :  0.043 0.328 0.576 0.053 
289 OmyAC19ROGR    (0)    1 :  0.378 0.154 0.174 0.293 
290 OmyAC19ROGR    (1)    1 :  0.033 0.037 0.891 0.039 
291 OmyAC19ROGR    (0)    1 :  0.247 0.110 0.448 0.195 
292 OmyAC19ROGR    (0)    1 :  0.363 0.131 0.175 0.331 
293 OmyAC19ROGR    (0)    1 :  0.222 0.464 0.094 0.219 
294 OmyAC19ROGR    (0)    1 :  0.350 0.059 0.351 0.240 
295 OmyAC19ROGR    (0)    1 :  0.459 0.054 0.056 0.431 
296 OmyAC19ROGR    (0)    1 :  0.109 0.611 0.070 0.209 
297 OmyAC19ROGR    (0)    1 :  0.195 0.058 0.589 0.159 
298 OmyAC19ROGR    (0)    1 :  0.240 0.291 0.081 0.387 
299 OmyAC19ROGR    (0)    1 :  0.259 0.197 0.258 0.286 
300 OmyAC19ROGR    (0)    1 :  0.336 0.190 0.112 0.362 
301 OmyAC19ROGR    (0)    1 :  0.069 0.043 0.825 0.062 
302 OmyAC19ROGR    (0)    1 :  0.131 0.150 0.581 0.138 
303 OmyAC19ROGR    (0)    1 :  0.361 0.138 0.151 0.350 
304 OmyAC19ROGR    (0)    1 :  0.104 0.435 0.339 0.121 
305 OmyAC19ROGR    (0)    1 :  0.436 0.182 0.091 0.291 
306 OmyAC19ROGR    (0)    1 :  0.187 0.069 0.539 0.205 
307 OmyAC19ROGR    (1)    1 :  0.348 0.258 0.075 0.320 
308 OmyAC19ROGR    (0)    1 :  0.269 0.139 0.204 0.388 
309 OmyAC19ROGR    (0)    1 :  0.110 0.046 0.755 0.089 
310 OmyAC19ROGR    (0)    1 :  0.259 0.101 0.352 0.287 
311 OmyAC19ROGR    (0)    1 :  0.090 0.085 0.614 0.211 
312 OmyAC19ROGR    (0)    1 :  0.401 0.154 0.106 0.340 
313 OmyAC19ROGR    (0)    1 :  0.298 0.288 0.110 0.304 
314 OmyAC19ROGR    (0)    1 :  0.224 0.304 0.194 0.279 
315 OmyAC19ROGR    (0)    1 :  0.462 0.080 0.194 0.264 
316 OmyAC19ROGR    (0)    1 :  0.611 0.054 0.062 0.273 
317 OmyAC19ROGR    (0)    1 :  0.125 0.619 0.071 0.185 
318 OmyAC19ROGR    (0)    1 :  0.353 0.341 0.048 0.258 
319 OmyAC19ROGR    (0)    1 :  0.428 0.233 0.042 0.296 
320 OmyAC19ROGR    (0)    1 :  0.386 0.332 0.042 0.241 
321 OmyAC19ROGR    (0)    1 :  0.376 0.167 0.062 0.395 
322 OmyAC19ROGR    (0)    1 :  0.142 0.084 0.385 0.389 
323 OmyAC19ROGR    (0)    1 :  0.234 0.197 0.117 0.453 
324 OmyAC19ROGR    (0)    1 :  0.581 0.081 0.058 0.280 
325 OmyAC19ROGR    (0)    1 :  0.390 0.094 0.291 0.225 
326 OmyAC19ROGR    (0)    1 :  0.464 0.120 0.085 0.332 
327 OmyAC19ROGR    (0)    1 :  0.513 0.095 0.068 0.324 
328 OmyAC20ROGR    (0)    1 :  0.265 0.369 0.081 0.285 
329 OmyAC20ROGR    (0)    1 :  0.228 0.297 0.202 0.272 
330 OmyAC20ROGR    (0)    1 :  0.203 0.253 0.228 0.317 
331 OmyAC20ROGR    (0)    1 :  0.138 0.125 0.596 0.141 
332 OmyAC20ROGR    (0)    1 :  0.332 0.144 0.270 0.254 
333 OmyAC20ROGR    (0)    1 :  0.436 0.081 0.298 0.185 
334 OmyAC20ROGR    (0)    1 :  0.480 0.112 0.125 0.283 
335 OmyAC20ROGR    (0)    1 :  0.319 0.136 0.061 0.483 
336 OmyAC20ROGR    (0)    1 :  0.323 0.153 0.231 0.293 
337 OmyAC20ROGR    (0)    1 :  0.138 0.186 0.509 0.167 
338 OmyAC20ROGR    (0)    1 :  0.372 0.083 0.142 0.403 
339 OmyAC20ROGR    (0)    1 :  0.261 0.242 0.134 0.363 
340 OmyAC20ROGR    (0)    1 :  0.366 0.182 0.112 0.339 
341 OmyAC20ROGR    (0)    1 :  0.145 0.507 0.092 0.255 
342 OmyAC20ROGR    (0)    1 :  0.197 0.292 0.230 0.281 
343 OmyAC20ROGR    (0)    1 :  0.202 0.550 0.081 0.166 
344 OmyAC20ROGR    (0)    1 :  0.263 0.203 0.336 0.198 
345 OmyAC20ROGR    (1)    1 :  0.306 0.053 0.201 0.440 
346 OmyAC20ROGR    (0)    1 :  0.332 0.080 0.306 0.282 
347 OmyAC20ROGR    (0)    1 :  0.166 0.243 0.340 0.251 
348 OmyAC20ROGR    (0)    1 :  0.200 0.424 0.188 0.189 
349 OmyAC20ROGR    (0)    1 :  0.304 0.383 0.067 0.246 
350 OmyAC20ROGR    (0)    1 :  0.092 0.668 0.114 0.126 
351 OmyAC20ROGR    (0)    1 :  0.460 0.124 0.121 0.294 
352 OmyAC20ROGR    (0)    1 :  0.305 0.184 0.090 0.421 
353 OmyAC20ROGR    (0)    1 :  0.396 0.119 0.156 0.330 
354 OmyAC20ROGR    (0)    1 :  0.113 0.304 0.364 0.220 
355 OmyAC20ROGR    (0)    1 :  0.097 0.624 0.173 0.106 
356 OmyAC20ROGR    (0)    1 :  0.358 0.128 0.292 0.222 
357 OmyAC20ROGR    (0)    1 :  0.371 0.248 0.097 0.283 
358 OmyAC20ROGR    (0)    1 :  0.303 0.212 0.073 0.413 
359 OmyAC20ROGR    (0)    1 :  0.098 0.230 0.416 0.257 
360 OmyAC20ROGR    (0)    1 :  0.225 0.127 0.240 0.408 
361 OmyAC20ROGR    (0)    1 :  0.167 0.548 0.059 0.225 
362 OmyAC20ROGR    (0)    1 :  0.268 0.160 0.179 0.393 
363 OmyAC20ROGR    (0)    1 :  0.119 0.331 0.428 0.123 
364 OmyAC20ROGR    (1)    1 :  0.304 0.242 0.106 0.348 
365 OmyAC20ROGR    (0)    1 :  0.449 0.158 0.069 0.325 
366 OmyAC20ROGR    (0)    1 :  0.609 0.079 0.043 0.269 
367 OmyAC20ROGR    (0)    1 :  0.263 0.099 0.113 0.525 
368 OmyAC20ROGR    (0)    1 :  0.196 0.198 0.089 0.518 
369 OmyAC20ROGR    (0)    1 :  0.114 0.317 0.358 0.210 
370 OmyAC20ROGR    (0)    1 :  0.095 0.075 0.679 0.152 
371 OmyAC20ROGR    (0)    1 :  0.078 0.077 0.768 0.077 
372 OmyAC20ROGR    (2)    1 :  0.062 0.049 0.827 0.062 
373 OmyAC20ROGR    (0)    1 :  0.079 0.174 0.638 0.109 
374 OmyAC20ROGR    (0)    1 :  0.365 0.204 0.045 0.386 
375 OmyAC20ROGR    (0)    1 :  0.317 0.170 0.183 0.329 
376 OmyAC20ROGR    (0)    1 :  0.184 0.229 0.276 0.311 
377 OmyAC20ROGR    (0)    1 :  0.454 0.209 0.056 0.281 
378 OmyAC20ROGR    (0)    1 :  0.280 0.266 0.052 0.402 
379 OmyAC20ROGR    (0)    1 :  0.154 0.148 0.505 0.193 
380 OmyAC20ROGR    (0)    1 :  0.602 0.064 0.060 0.273 
381 OmyAC20ROGR    (0)    1 :  0.346 0.160 0.189 0.305 
382 OmyAC20ROGR    (0)    1 :  0.080 0.065 0.797 0.057 
383 OmyAC20ROGR    (0)    1 :  0.392 0.053 0.156 0.400 
384 OmyAC20ROGR    (0)    1 :  0.211 0.129 0.463 0.198 
385 OmyAC20ROGR    (0)    1 :  0.198 0.233 0.280 0.289 
386 OmyAC20ROGR    (0)    1 :  0.308 0.091 0.335 0.267 
387 OmyAC20ROGR    (0)    1 :  0.242 0.074 0.502 0.182 
388 OmyAC20ROGR    (0)    1 :  0.194 0.133 0.500 0.173 
389 OmyAC20ROGR    (0)    1 :  0.616 0.101 0.090 0.193 
390 OmyAC20ROGR    (0)    1 :  0.108 0.746 0.033 0.114 
391 OmyAC20ROGR    (0)    1 :  0.104 0.239 0.567 0.091 
392 OmyAC20ROGR    (0)    1 :  0.160 0.168 0.454 0.218 
393 OmyAC20ROGR    (0)    1 :  0.209 0.324 0.164 0.303 
394 OmyAC20ROGR    (0)    1 :  0.145 0.225 0.217 0.412 
395 OmyAC20ROGR    (0)    1 :  0.208 0.344 0.147 0.302 
396 OmyAC20ROGR    (0)    1 :  0.316 0.285 0.132 0.267 
397 OmyAC20ROGR    (0)    1 :  0.283 0.081 0.269 0.367 
398 OmyAC20ROGR    (0)    1 :  0.198 0.062 0.602 0.138 
399 OmyAC20ROGR    (0)    1 :  0.238 0.066 0.262 0.434 
400 OmyAC20ROGR    (0)    1 :  0.449 0.073 0.160 0.318 
401 OmyAC20ROGR    (0)    1 :  0.055 0.133 0.722 0.091 
402 OmyAC20ROGR    (0)    1 :  0.246 0.509 0.036 0.210 
403 OmyAC20ROGR    (0)    1 :  0.181 0.211 0.180 0.428 
404 OmyAC20ROGR    (0)    1 :  0.574 0.174 0.036 0.215 
405 OmyAC20ROGR    (0)    1 :  0.087 0.237 0.458 0.218 
406 OmyAC20ROGR    (0)    1 :  0.231 0.358 0.089 0.322 
407 OmyAC20ROGR    (0)    1 :  0.458 0.076 0.083 0.382 
408 OmyAC20ROGR    (0)    1 :  0.087 0.643 0.178 0.092 
409 OmyAC20ROGR    (0)    1 :  0.584 0.111 0.078 0.227 
410 OmyAC20ROGR    (0)    1 :  0.111 0.037 0.787 0.065 
411 OmyAC20ROGR    (0)    1 :  0.118 0.086 0.655 0.140 
412 OmyAC20ROGR    (0)    1 :  0.327 0.175 0.320 0.178 
413 OmyAC20ROGR    (0)    1 :  0.480 0.089 0.171 0.260 
414 OmyAC20ROGR    (0)    1 :  0.168 0.155 0.421 0.256 
415 OmyAC20ROGR    (0)    1 :  0.356 0.150 0.083 0.411 
416 OmyAC20ROGR    (0)    1 :  0.500 0.100 0.089 0.311 
417 OmyAC20ROGR    (0)    1 :  0.409 0.161 0.044 0.386 
418 OmyAC20ROGR    (0)    1 :  0.360 0.144 0.260 0.235 
419 OmyAC20ROGR    (0)    1 :  0.119 0.177 0.519 0.186 
420 OmyAC20ROGR    (0)    1 :  0.059 0.620 0.085 0.237 
421 OmyAC20ROGR    (0)    1 :  0.416 0.097 0.172 0.314 
422 OmyAC20ROGR    (0)    1 :  0.058 0.038 0.842 0.062 
423 OmyAC20ROGR    (0)    1 :  0.445 0.061 0.073 0.421 
424 OmyAC20ROGR    (0)    1 :  0.143 0.538 0.049 0.270 
425 OmyAC20ROGR    (0)    1 :  0.058 0.054 0.829 0.059 
426 OmyAC20ROGR    (0)    1 :  0.545 0.078 0.087 0.289 
427 OmyAC20ROGR    (0)    1 :  0.476 0.110 0.112 0.302 
428 OmyAC20ROGR    (0)    1 :  0.072 0.049 0.803 0.076 
429 OmyAC20ROGR    (0)    1 :  0.201 0.537 0.057 0.205 
430 OmyAC20ROGR    (0)    1 :  0.242 0.183 0.130 0.444 
431 OmyAC20ROGR    (0)    1 :  0.166 0.080 0.564 0.190 
432 OmyAC20ROGR    (0)    1 :  0.060 0.037 0.845 0.058 
433 OmyAC20ROGR    (0)    1 :  0.046 0.183 0.713 0.058 
434 OmyAC20ROGR    (0)    1 :  0.193 0.093 0.380 0.334 
435 OmyAC20ROGR    (0)    1 :  0.474 0.085 0.079 0.361 
436 OmyAC20ROGR    (0)    1 :  0.455 0.062 0.117 0.365 
437 OmyAC20ROGR    (0)    1 :  0.079 0.146 0.674 0.101 
438 OmyAC20ROGR    (0)    1 :  0.134 0.136 0.428 0.302 
439 OmyAC20ROGR    (0)    1 :  0.284 0.056 0.128 0.532 
440 OmyAC20ROGR    (0)    1 :  0.183 0.074 0.637 0.106 
441 OmyAC20ROGR    (0)    1 :  0.138 0.430 0.061 0.371 
442 OmyAC20ROGR    (0)    1 :  0.178 0.172 0.144 0.506 
443 OmyAC20ROGR    (0)    1 :  0.166 0.090 0.069 0.675 
444 OmyAC20ROGR    (0)    1 :  0.382 0.072 0.327 0.219 
445 OmyAC20ROGR    (0)    1 :  0.188 0.299 0.222 0.291 
446 OmyJC18ROGR    (0)    2 :  0.192 0.262 0.355 0.192 
447 OmyJC18ROGR    (0)    2 :  0.344 0.226 0.167 0.263 
448 OmyJC18ROGR    (0)    2 :  0.255 0.145 0.164 0.436 
449 OmyJC18ROGR    (0)    2 :  0.061 0.266 0.582 0.091 
450 OmyJC18ROGR    (0)    2 :  0.139 0.098 0.615 0.147 
451 OmyJC18ROGR    (0)    2 :  0.084 0.043 0.790 0.084 
452 OmyJC18ROGR    (0)    2 :  0.226 0.118 0.373 0.283 
453 OmyJC18ROGR    (0)    2 :  0.071 0.794 0.039 0.096 
454 OmyJC18ROGR    (0)    2 :  0.075 0.065 0.773 0.088 
455 OmyJC18ROGR    (0)    2 :  0.446 0.164 0.165 0.225 
456 OmyJC18ROGR    (0)    2 :  0.061 0.058 0.806 0.075 
457 OmyJC18ROGR    (0)    2 :  0.571 0.061 0.151 0.217 
458 OmyJC18ROGR    (0)    2 :  0.137 0.541 0.187 0.135 
459 OmyJC18ROGR    (1)    2 :  0.624 0.109 0.042 0.224 
460 OmyJC18ROGR    (2)    2 :  0.219 0.197 0.224 0.361 
461 OmyJC18ROGR    (2)    2 :  0.265 0.116 0.409 0.210 
462 OmyJC18ROGR    (3)    2 :  0.112 0.304 0.293 0.291 
463 OmyJC18ROGR    (0)    2 :  0.064 0.122 0.724 0.089 
464 OmyJC18ROGR    (4)    2 :  0.604 0.129 0.043 0.224 
465 OmyJC18ROGR    (3)    2 :  0.273 0.233 0.132 0.361 
466 OmyJC18ROGR    (0)    2 :  0.225 0.146 0.185 0.443 
467 OmyJC18ROGR    (0)    2 :  0.434 0.138 0.117 0.311 
468 OmyJC18ROGR    (0)    2 :  0.137 0.482 0.166 0.215 
469 OmyJC18ROGR    (0)    2 :  0.061 0.036 0.813 0.089 
470 OmyJC18ROGR    (5)    2 :  0.127 0.175 0.524 0.174 
471 OmyJC18ROGR    (1)    2 :  0.258 0.129 0.207 0.405 
472 OmyJC18ROGR    (2)    2 :  0.350 0.102 0.147 0.401 
473 OmyJC18ROGR    (3)    2 :  0.374 0.255 0.064 0.307 
474 OmyJC18ROGR    (0)    2 :  0.085 0.757 0.064 0.094 
475 OmyJC18ROGR    (2)    2 :  0.152 0.169 0.479 0.199 
476 OmyJC18ROGR    (1)    2 :  0.285 0.102 0.071 0.542 
477 OmyJC18ROGR    (4)    2 :  0.138 0.398 0.246 0.218 
478 OmyJC18ROGR    (0)    2 :  0.365 0.167 0.103 0.364 
479 OmyJC18ROGR    (0)    2 :  0.494 0.102 0.052 0.353 
480 OmyJC18ROGR    (1)    2 :  0.382 0.190 0.198 0.230 
481 OmyJC18ROGR    (3)    2 :  0.208 0.256 0.121 0.415 
482 OmyJC18ROGR    (3)    2 :  0.189 0.521 0.045 0.245 
483 OmyJC18ROGR    (4)    2 :  0.213 0.384 0.060 0.343 
484 OmyJC18ROGR    (4)    2 :  0.215 0.198 0.083 0.503 
485 OmyJC18ROGR    (3)    2 :  0.180 0.173 0.477 0.170 
486 OmyJC18ROGR    (3)    2 :  0.156 0.163 0.442 0.239 
487 OmyJC18ROGR    (1)    2 :  0.252 0.412 0.168 0.167 
488 OmyJC18ROGR    (5)    2 :  0.355 0.158 0.103 0.384 
489 OmyJC18ROGR    (0)    2 :  0.226 0.165 0.065 0.544 
490 OmyJC18ROGR    (3)    2 :  0.244 0.143 0.130 0.484 
491 OmyJC18ROGR    (7)    2 :  0.081 0.703 0.118 0.098 
492 OmyJC18ROGR    (6)    2 :  0.110 0.747 0.041 0.101 
493 OmyJC18ROGR    (3)    2 :  0.310 0.096 0.155 0.439 
494 OmyJC18ROGR    (3)    2 :  0.085 0.056 0.773 0.086 
495 OmyJC18ROGR    (5)    2 :  0.281 0.161 0.367 0.191 
496 OmyJC18ROGR    (0)    2 :  0.331 0.200 0.141 0.328 
497 OmyJC18ROGR    (5)    2 :  0.170 0.638 0.045 0.147 
498 OmyJC18ROGR    (6)    2 :  0.213 0.123 0.164 0.499 
499 OmyJC18ROGR    (0)    2 :  0.388 0.109 0.073 0.429 
500 OmyJC18ROGR    (1)    2 :  0.161 0.561 0.080 0.198 
501 OmyJC18ROGR    (4)    2 :  0.176 0.127 0.475 0.222 
502 OmyJC18ROGR    (2)    2 :  0.143 0.349 0.281 0.226 
503 OmyJC18ROGR    (5)    2 :  0.244 0.386 0.087 0.282 
504 OmyJC18ROGR    (2)    2 :  0.122 0.209 0.285 0.384 
505 OmyJC18ROGR    (0)    2 :  0.272 0.191 0.324 0.213 
506 OmyJC18ROGR    (8)    2 :  0.226 0.369 0.107 0.298 
507 OmyJC18ROGR    (0)    2 :  0.199 0.356 0.187 0.257 
508 OmyJC18ROGR    (0)    2 :  0.154 0.442 0.222 0.182 
509 OmyJC18ROGR    (1)    2 :  0.040 0.038 0.874 0.048 
510 OmyJC18ROGR    (1)    2 :  0.270 0.153 0.144 0.434 
511 OmyJC18ROGR    (5)    2 :  0.249 0.263 0.229 0.259 
512 OmyJC18ROGR    (2)    2 :  0.064 0.120 0.735 0.081 
513 OmyJC18ROGR    (9)    2 :  0.200 0.242 0.356 0.202 
514 OmyJC18ROGR    (4)    2 :  0.149 0.254 0.453 0.144 
515 OmyJC18ROGR    (1)    2 :  0.197 0.430 0.134 0.239 
516 OmyJC18ROGR    (3)    2 :  0.354 0.136 0.211 0.299 
517 OmyJC18ROGR    (3)    2 :  0.141 0.136 0.528 0.196 
518 OmyJC18ROGR    (0)    2 :  0.154 0.518 0.112 0.216 
519 OmyJC18ROGR    (9)    2 :  0.421 0.236 0.104 0.239 
520 OmyJC18ROGR    (6)    2 :  0.193 0.153 0.159 0.495 
521 OmyJC18ROGR    (2)    2 :  0.222 0.272 0.174 0.332 
522 OmyJC18ROGR    (1)    2 :  0.242 0.116 0.165 0.477 
523 OmyJC18ROGR    (4)    2 :  0.282 0.244 0.122 0.351 
524 OmyJC18ROGR    (0)    2 :  0.416 0.074 0.111 0.399 
525 OmyJC18ROGR    (2)    2 :  0.210 0.396 0.106 0.289 
526 OmyJC18ROGR    (3)    2 :  0.174 0.476 0.127 0.223 
527 OmyJC18ROGR    (0)    2 :  0.361 0.163 0.077 0.399 
528 OmyJC18ROGR    (0)    2 :  0.348 0.326 0.074 0.251 
529 OmyJC18ROGR    (1)    2 :  0.471 0.101 0.093 0.334 
530 OmyJC18ROGR    (0)    2 :  0.293 0.402 0.070 0.235 
531 OmyJC18ROGR    (0)    2 :  0.371 0.075 0.253 0.300 
532 OmyJC18ROGR    (2)    2 :  0.277 0.249 0.052 0.422 
533 OmyJC18ROGR    (2)    2 :  0.579 0.110 0.035 0.277 
534 OmyJC18ROGR    (2)    2 :  0.291 0.208 0.113 0.388 
535 OmyJC18ROGR    (0)    2 :  0.325 0.132 0.080 0.462 
536 OmyJC18ROGR    (0)    2 :  0.443 0.196 0.068 0.293 
537 OmyJC18ROGR    (0)    2 :  0.426 0.265 0.036 0.273 
538 OmyJC18ROGR    (0)    2 :  0.424 0.172 0.114 0.289 
539 OmyJC18ROGR    (0)    2 :  0.414 0.164 0.091 0.331 
540 OmyJC18ROGR    (8)    2 :  0.097 0.655 0.108 0.140 
541 OmyJC18ROGR    (1)    2 :  0.473 0.140 0.141 0.246 
542 OmyJC18ROGR    (1)    2 :  0.141 0.355 0.345 0.159 
543 OmyJC18ROGR    (0)    2 :  0.172 0.466 0.142 0.220 
544 OmyJC18ROGR    (2)    2 :  0.396 0.199 0.082 0.323 
545 OmyJC18ROGR    (1)    2 :  0.144 0.083 0.514 0.259 
546 OmyJC18ROGR    (9)    2 :  0.440 0.255 0.049 0.257 
547 OmyJC18ROGR    (0)    2 :  0.357 0.080 0.175 0.388 
548 OmyJC18ROGR    (0)    2 :  0.188 0.295 0.272 0.245 
549 OmyJC18ROGR    (0)    2 :  0.366 0.223 0.151 0.261 
550 OmyJC18ROGR    (1)    2 :  0.206 0.081 0.566 0.147 
551 OmyJC18ROGR    (1)    2 :  0.271 0.313 0.107 0.309 
552 OmyJC18ROGR    (2)    2 :  0.552 0.090 0.150 0.208 
553 OmyJC18ROGR   (10)    2 :  0.381 0.241 0.096 0.282 
554 OmyJC18ROGR    (2)    2 :  0.238 0.340 0.082 0.340 
555 OmyJC18ROGR    (4)    2 :  0.228 0.346 0.075 0.351 
556 OmyJC18ROGR    (0)    2 :  0.313 0.308 0.157 0.222 
557 OmyJC18ROGR    (2)    2 :  0.179 0.138 0.273 0.410 
558 OmyJC18ROGR    (0)    2 :  0.290 0.072 0.343 0.295 
559 OmyJC18ROGR    (0)    2 :  0.118 0.617 0.099 0.166 
560 OmyJC18ROGR    (8)    2 :  0.174 0.276 0.190 0.360 
561 OmyJC18ROGR    (0)    2 :  0.647 0.077 0.042 0.234 
562 OmyJC18ROGR    (8)    2 :  0.250 0.291 0.183 0.277 
563 OmyJC18ROGR    (2)    2 :  0.184 0.212 0.102 0.503 
564 OmyJC18ROGR    (4)    2 :  0.466 0.151 0.127 0.256 
565 OmyJC18ROGR    (3)    2 :  0.207 0.269 0.196 0.327 
566 OmyJC18ROGR    (1)    2 :  0.191 0.244 0.222 0.342 
567 OmyJC18ROGR    (0)    2 :  0.121 0.326 0.092 0.461 
568 OmyJC18ROGR    (5)    2 :  0.381 0.177 0.222 0.221 
569 OmyJC18ROGR    (2)    2 :  0.114 0.696 0.055 0.134 
570 OmyJC18ROGR    (0)    2 :  0.307 0.121 0.090 0.482 
571 OmyJC18ROGR    (2)    2 :  0.302 0.104 0.098 0.496 
572 OmyJC18ROGR    (6)    2 :  0.239 0.383 0.095 0.283 
573 OmyJC18ROGR    (5)    2 :  0.198 0.150 0.473 0.179 
574 OmyJC18ROGR    (8)    2 :  0.346 0.153 0.239 0.261 
575 OmyJC18ROGR    (3)    2 :  0.384 0.223 0.060 0.333 
576 OmyJC18ROGR    (0)    2 :  0.157 0.530 0.162 0.151 
577 OmyJC18ROGR    (0)    2 :  0.063 0.035 0.847 0.055 
578 OmyJC18ROGR    (1)    2 :  0.291 0.194 0.086 0.430 
579 OmyJC18ROGR    (0)    2 :  0.148 0.046 0.605 0.201 
580 OmyJC18ROGR    (0)    2 :  0.319 0.297 0.055 0.329 
581 OmyJC18ROGR    (6)    2 :  0.167 0.514 0.100 0.219 
582 OmyJC18ROGR    (7)    2 :  0.485 0.181 0.056 0.278 
583 OmyJC18ROGR    (3)    2 :  0.533 0.190 0.082 0.194 
584 OmyJC18ROGR    (5)    2 :  0.345 0.222 0.097 0.336 
585 OmyJC18ROGR    (1)    2 :  0.278 0.092 0.174 0.456 
586 OmyJC18ROGR    (2)    2 :  0.320 0.255 0.042 0.383 
587 OmyJC18ROGR    (0)    2 :  0.035 0.027 0.904 0.035 
588 OmyJC18ROGR    (0)    2 :  0.140 0.188 0.258 0.415 
589 OmyJC18ROGR    (1)    2 :  0.323 0.330 0.135 0.212 
590 OmyJC18ROGR    (2)    2 :  0.372 0.100 0.025 0.503 
591 OmyJC18ROGR    (0)    2 :  0.449 0.214 0.090 0.247 
592 OmyJC18ROGR    (4)    2 :  0.232 0.280 0.087 0.401 
593 OmyJC18ROGR    (0)    2 :  0.297 0.166 0.200 0.337 
594 OmyJC18ROGR    (1)    2 :  0.370 0.133 0.070 0.427 
595 OmyJC18ROGR    (0)    2 :  0.146 0.427 0.269 0.158 
596 OmyJC18ROGR    (0)    2 :  0.345 0.276 0.137 0.242 
597 OmyJC18ROGR    (0)    2 :  0.161 0.438 0.185 0.216 
598 OmyJC18ROGR    (0)    2 :  0.347 0.282 0.092 0.279 
599 OmyJC18ROGR    (0)    2 :  0.527 0.101 0.179 0.193 
600 OmyJC18ROGR    (0)    2 :  0.331 0.156 0.110 0.404 
601 OmyJC18ROGR    (0)    2 :  0.224 0.519 0.044 0.213 
602 OmyJC18ROGR    (0)    2 :  0.273 0.253 0.277 0.197 
603 OmyJC18ROGR    (0)    2 :  0.275 0.188 0.068 0.469 
604 OmyJC18ROGR    (0)    2 :  0.608 0.125 0.060 0.207 
605 OmyJC18ROGR    (0)    2 :  0.314 0.304 0.073 0.309 
606 OmyJC18ROGR    (0)    2 :  0.212 0.193 0.165 0.430 
607 OmyJC18ROGR    (0)    2 :  0.622 0.066 0.082 0.230 
608 OmyJC18ROGR    (0)    2 :  0.523 0.120 0.058 0.299 
609 OmyJC18ROGR    (0)    2 :  0.131 0.647 0.082 0.140 
610 OmyJC18ROGR    (6)    2 :  0.139 0.055 0.711 0.096 
611 OmyJC18ROGR    (0)    2 :  0.184 0.248 0.301 0.267 
612 OmyJC18ROGR    (3)    2 :  0.298 0.144 0.200 0.358 
613 OmyJC18ROGR    (0)    2 :  0.344 0.198 0.176 0.282 
614 OmyJC18ROGR    (0)    2 :  0.198 0.245 0.314 0.243 
615 OmyJC18ROGR    (0)    2 :  0.611 0.077 0.049 0.263 
616 OmyJC18ROGR    (0)    2 :  0.067 0.766 0.085 0.083 
617 OmyJC18ROGR    (0)    2 :  0.268 0.217 0.152 0.363 
618 OmyJC18ROGR    (0)    2 :  0.358 0.064 0.237 0.342 
619 OmyJC18ROGR    (0)    2 :  0.342 0.224 0.078 0.356 
620 OmyJC18ROGR    (0)    2 :  0.084 0.490 0.319 0.107 
621 OmyJC18ROGR    (2)    2 :  0.128 0.610 0.114 0.148 
622 OmyJC18ROGR    (3)    2 :  0.211 0.366 0.170 0.253 
623 OmyJC18ROGR    (1)    2 :  0.518 0.064 0.164 0.254 
624 OmyJC18ROGR    (2)    2 :  0.360 0.290 0.146 0.204 
625 OmyJC18ROGR    (1)    2 :  0.290 0.121 0.267 0.322 
626 OmyJC18ROGR    (9)    2 :  0.201 0.416 0.053 0.331 
627 OmyJC18ROGR    (0)    2 :  0.290 0.171 0.186 0.353 
628 OmyJC18ROGR    (0)    2 :  0.031 0.038 0.892 0.040 
629 OmyJC18ROGR    (2)    2 :  0.442 0.139 0.226 0.193 
630 OmyJC18ROGR    (1)    2 :  0.087 0.798 0.041 0.074 
631 OmyJC18ROGR    (4)    2 :  0.424 0.122 0.050 0.404 
632 OmyJC18ROGR    (0)    2 :  0.130 0.580 0.100 0.189 
633 OmyJC18ROGR    (7)    2 :  0.177 0.465 0.083 0.275 
634 OmyJC18ROGR    (2)    2 :  0.295 0.070 0.389 0.246 
635 OmyJC18ROGR    (0)    2 :  0.106 0.720 0.052 0.123 
636 OmyJC18ROGR    (0)    2 :  0.073 0.533 0.231 0.163 
637 OmyJC18ROGR    (0)    2 :  0.290 0.115 0.224 0.372 
638 OmyJC18ROGR    (0)    2 :  0.084 0.719 0.089 0.108 
639 OmyJC18ROGR    (1)    2 :  0.186 0.264 0.146 0.404 
640 OmyJC18ROGR    (2)    2 :  0.337 0.061 0.425 0.177 
641 OmyJC18ROGR    (1)    2 :  0.310 0.094 0.119 0.477 
642 OmyJC18ROGR    (3)    2 :  0.424 0.074 0.252 0.250 
643 OmyJC18ROGR    (1)    2 :  0.213 0.344 0.097 0.346 
644 OmyJC18ROGR   (10)    2 :  0.426 0.096 0.051 0.427 
645 OmyJC18ROGR    (6)    2 :  0.411 0.106 0.231 0.252 
646 OmyJC18ROGR    (0)    2 :  0.524 0.230 0.073 0.173 
647 OmyJC18ROGR    (2)    2 :  0.346 0.099 0.190 0.365 
648 OmyJC18ROGR    (0)    2 :  0.206 0.576 0.047 0.171 
649 OmyJC18ROGR    (0)    2 :  0.623 0.075 0.072 0.230 
650 OmyJC18ROGR    (1)    2 :  0.375 0.259 0.047 0.319 
651 OmyJC18ROGR    (6)    2 :  0.049 0.082 0.790 0.078 
652 OmyJC18ROGR    (1)    2 :  0.369 0.174 0.204 0.253 
653 OmyJC18ROGR    (4)    2 :  0.166 0.414 0.088 0.332 
654 OmyJC18ROGR    (1)    2 :  0.206 0.308 0.152 0.333 
655 OmyJC18ROGR    (4)    2 :  0.241 0.103 0.377 0.279 
656 OmyJC18ROGR    (0)    2 :  0.277 0.079 0.061 0.584 
657 OmyJC18ROGR    (0)    2 :  0.320 0.161 0.113 0.407 
658 OmyJC18ROGR    (0)    2 :  0.162 0.598 0.059 0.181 
659 OmyJC18ROGR    (7)    2 :  0.598 0.119 0.029 0.254 
660 OmyJC18ROGR    (4)    2 :  0.561 0.094 0.132 0.214 
661 OmyJC18ROGR    (3)    2 :  0.668 0.096 0.051 0.185 
662 OmyJC18ROGR    (2)    2 :  0.540 0.068 0.078 0.314 
663 OmyJC18ROGR    (2)    2 :  0.175 0.255 0.327 0.243 
664 OmyJC18ROGR    (0)    2 :  0.251 0.489 0.051 0.208 
665 OmyJC18ROGR    (1)    2 :  0.395 0.131 0.179 0.295 
666 OmyJC18ROGR    (0)    2 :  0.073 0.111 0.748 0.069 
667 OmyJC18ROGR    (0)    2 :  0.199 0.119 0.454 0.229 
668 OmyJC18ROGR    (1)    2 :  0.334 0.170 0.293 0.203 
669 OmyJC18ROGR    (5)    2 :  0.206 0.117 0.203 0.474 
670 OmyJC18ROGR   (10)    2 :  0.585 0.124 0.049 0.242 
671 OmyJC18ROGR    (3)    2 :  0.368 0.129 0.083 0.420 
672 OmyJC18ROGR    (0)    2 :  0.330 0.262 0.042 0.365 
673 OmyJC18ROGR    (6)    2 :  0.063 0.776 0.080 0.081 
674 OmyJC18ROGR    (0)    2 :  0.227 0.335 0.117 0.321 
675 OmyJC18ROGR    (0)    2 :  0.172 0.553 0.047 0.228 
676 OmyJC18ROGR    (1)    2 :  0.319 0.156 0.088 0.437 
677 OmyJC18ROGR    (4)    2 :  0.291 0.085 0.300 0.324 
