

----------------------------------------------------
STRUCTURE by Pritchard, Stephens and Donnelly (2000)
     and Falush, Stephens and Pritchard (2003)
       Code by Pritchard, Falush and Hubisz
             Version 2.3.4 (Jul 2012)
----------------------------------------------------



Command line arguments:   bin/structure -m "/Users/ddayan/FRA/half_pounder_2023/structure/halfpounder/10k_20k_adm_corr/mainparams" -e "/Users/ddayan/FRA/half_pounder_2023/structure/halfpounder/10k_20k_adm_corr/extraparams" 
Input File:    /Users/ddayan/FRA/half_pounder_2023/structure/halfpounder/project_data

Run parameters:
   1000 individuals
   233 loci
   5 populations assumed
   10000 Burn-in period
   20000 Reps


--------------------------------------------
Proportion of membership of each pre-defined
 population in each of the 5 clusters

Given    Inferred Clusters                     Number of
 Pop       1      2      3      4      5      Individuals

  1:     0.205  0.203  0.218  0.209  0.166      275
  2:     0.202  0.201  0.194  0.195  0.208      643
  3:     0.164  0.173  0.233  0.056  0.374       42
  4:     0.236  0.240  0.234  0.055  0.234       40
--------------------------------------------

Allele-freq. divergence among pops (Net nucleotide distance),
computed using point estimates of P.

      1       2       3       4       5      
 1      -    0.0001  0.0011  0.0088  0.0032  
 2   0.0001     -    0.0011  0.0089  0.0032  
 3   0.0011  0.0011     -    0.0101  0.0040  
 4   0.0088  0.0089  0.0101     -    0.0124  
 5   0.0032  0.0032  0.0040  0.0124     -    

Average distances (expected heterozygosity) between individuals in same cluster:
cluster  1  : 0.3142 
cluster  2  : 0.3139 
cluster  3  : 0.3102 
cluster  4  : 0.2819 
cluster  5  : 0.3055 

--------------------------------------------
Estimated Ln Prob of Data   = -216939.0
Mean value of ln likelihood = -214736.0
Variance of ln likelihood   = 4405.9
Mean value of alpha         = 0.2165

Mean value of Fst_1         = 0.0108
Mean value of Fst_2         = 0.0127
Mean value of Fst_3         = 0.0165
Mean value of Fst_4         = 0.0727
Mean value of Fst_5         = 0.0261


Inferred ancestry of individuals:
        Label (%Miss) Pop:  Inferred clusters
  1 OmyAC19ROGR    (0)    1 :  0.291 0.302 0.241 0.027 0.139 
  2 OmyAC19ROGR    (0)    1 :  0.334 0.276 0.249 0.096 0.046 
  3 OmyAC19ROGR    (0)    1 :  0.322 0.248 0.152 0.051 0.227 
  4 OmyAC19ROGR    (0)    1 :  0.157 0.129 0.636 0.021 0.057 
  5 OmyAC19ROGR    (1)    1 :  0.035 0.028 0.018 0.891 0.028 
  6 OmyAC19ROGR    (0)    1 :  0.104 0.098 0.168 0.308 0.322 
  7 OmyAC19ROGR    (0)    1 :  0.219 0.223 0.102 0.235 0.221 
  8 OmyAC19ROGR    (0)    1 :  0.170 0.184 0.084 0.027 0.534 
  9 OmyAC19ROGR    (0)    1 :  0.175 0.147 0.132 0.414 0.132 
 10 OmyAC19ROGR    (0)    1 :  0.236 0.228 0.130 0.348 0.059 
 11 OmyAC19ROGR    (0)    1 :  0.085 0.092 0.170 0.054 0.599 
 12 OmyAC19ROGR    (0)    1 :  0.240 0.333 0.138 0.204 0.085 
 13 OmyAC19ROGR    (0)    1 :  0.278 0.310 0.101 0.025 0.287 
 14 OmyAC19ROGR    (0)    1 :  0.231 0.364 0.083 0.147 0.176 
 15 OmyAC19ROGR    (0)    1 :  0.214 0.174 0.094 0.415 0.102 
 16 OmyAC19ROGR    (0)    1 :  0.186 0.194 0.248 0.067 0.306 
 17 OmyAC19ROGR    (0)    1 :  0.266 0.252 0.326 0.128 0.028 
 18 OmyAC19ROGR    (3)    1 :  0.406 0.302 0.134 0.018 0.140 
 19 OmyAC19ROGR    (0)    1 :  0.082 0.086 0.043 0.041 0.749 
 20 OmyAC19ROGR    (0)    1 :  0.219 0.175 0.257 0.315 0.033 
 21 OmyAC19ROGR    (0)    1 :  0.184 0.209 0.213 0.322 0.073 
 22 OmyAC19ROGR    (0)    1 :  0.180 0.132 0.082 0.067 0.539 
 23 OmyAC19ROGR    (0)    1 :  0.215 0.225 0.083 0.316 0.161 
 24 OmyAC19ROGR    (1)    1 :  0.283 0.257 0.276 0.035 0.149 
 25 OmyAC19ROGR    (0)    1 :  0.185 0.118 0.070 0.479 0.147 
 26 OmyAC19ROGR    (0)    1 :  0.252 0.236 0.103 0.083 0.326 
 27 OmyAC19ROGR    (2)    1 :  0.313 0.286 0.079 0.052 0.269 
 28 OmyAC19ROGR    (0)    1 :  0.183 0.132 0.532 0.053 0.100 
 29 OmyAC19ROGR    (0)    1 :  0.368 0.266 0.239 0.057 0.070 
 30 OmyAC19ROGR    (0)    1 :  0.190 0.177 0.078 0.425 0.130 
 31 OmyAC19ROGR    (0)    1 :  0.195 0.174 0.288 0.058 0.285 
 32 OmyAC19ROGR    (0)    1 :  0.295 0.200 0.289 0.146 0.069 
 33 OmyAC19ROGR    (0)    1 :  0.126 0.128 0.574 0.078 0.095 
 34 OmyAC19ROGR    (0)    1 :  0.172 0.130 0.134 0.453 0.112 
 35 OmyAC19ROGR    (0)    1 :  0.185 0.215 0.455 0.062 0.083 
 36 OmyAC19ROGR    (0)    1 :  0.127 0.137 0.065 0.044 0.627 
 37 OmyAC19ROGR    (0)    1 :  0.072 0.055 0.059 0.190 0.623 
 38 OmyAC19ROGR    (0)    1 :  0.115 0.130 0.064 0.559 0.132 
 39 OmyAC19ROGR    (0)    1 :  0.359 0.383 0.151 0.068 0.039 
 40 OmyAC19ROGR    (0)    1 :  0.215 0.160 0.172 0.387 0.066 
 41 OmyAC19ROGR    (0)    1 :  0.305 0.247 0.312 0.046 0.090 
 42 OmyAC19ROGR    (0)    1 :  0.061 0.048 0.067 0.767 0.058 
 43 OmyAC19ROGR    (0)    1 :  0.382 0.433 0.097 0.043 0.045 
 44 OmyAC19ROGR    (8)    1 :  0.179 0.172 0.415 0.047 0.187 
 45 OmyAC19ROGR    (2)    1 :  0.122 0.092 0.177 0.435 0.175 
 46 OmyAC19ROGR    (0)    1 :  0.096 0.106 0.509 0.089 0.200 
 47 OmyAC19ROGR    (0)    1 :  0.138 0.103 0.123 0.038 0.598 
 48 OmyAC19ROGR    (0)    1 :  0.325 0.311 0.173 0.036 0.155 
 49 OmyAC19ROGR    (0)    1 :  0.216 0.253 0.267 0.046 0.219 
 50 OmyAC19ROGR    (0)    1 :  0.314 0.416 0.202 0.034 0.035 
 51 OmyAC19ROGR    (2)    1 :  0.075 0.053 0.071 0.745 0.056 
 52 OmyAC19ROGR    (0)    1 :  0.051 0.047 0.033 0.821 0.048 
 53 OmyAC19ROGR    (1)    1 :  0.211 0.177 0.151 0.037 0.424 
 54 OmyAC19ROGR    (0)    1 :  0.246 0.231 0.326 0.082 0.115 
 55 OmyAC19ROGR    (4)    1 :  0.283 0.227 0.134 0.071 0.284 
 56 OmyAC19ROGR    (0)    1 :  0.131 0.121 0.182 0.191 0.375 
 57 OmyAC19ROGR    (0)    1 :  0.040 0.052 0.050 0.022 0.836 
 58 OmyAC19ROGR    (0)    1 :  0.051 0.073 0.034 0.564 0.277 
 59 OmyAC19ROGR    (0)    1 :  0.186 0.148 0.088 0.037 0.542 
 60 OmyAC19ROGR    (0)    1 :  0.121 0.106 0.082 0.113 0.578 
 61 OmyAC19ROGR    (0)    1 :  0.412 0.342 0.114 0.058 0.074 
 62 OmyAC19ROGR    (0)    1 :  0.290 0.322 0.091 0.068 0.228 
 63 OmyAC19ROGR    (0)    1 :  0.156 0.185 0.309 0.170 0.181 
 64 OmyAC19ROGR    (2)    1 :  0.169 0.127 0.569 0.071 0.064 
 65 OmyAC19ROGR    (0)    1 :  0.317 0.224 0.190 0.041 0.227 
 66 OmyAC19ROGR    (5)    1 :  0.292 0.293 0.082 0.205 0.128 
 67 OmyAC19ROGR    (0)    1 :  0.061 0.071 0.173 0.038 0.656 
 68 OmyAC19ROGR    (1)    1 :  0.310 0.208 0.129 0.179 0.173 
 69 OmyAC19ROGR    (3)    1 :  0.243 0.159 0.149 0.129 0.320 
 70 OmyAC19ROGR    (0)    1 :  0.300 0.343 0.244 0.042 0.071 
 71 OmyAC19ROGR    (0)    1 :  0.283 0.298 0.158 0.061 0.200 
 72 OmyAC19ROGR    (5)    1 :  0.303 0.322 0.180 0.038 0.157 
 73 OmyAC19ROGR    (0)    1 :  0.336 0.277 0.152 0.159 0.077 
 74 OmyAC19ROGR    (0)    1 :  0.217 0.309 0.330 0.076 0.068 
 75 OmyAC19ROGR    (0)    1 :  0.235 0.183 0.399 0.105 0.077 
 76 OmyAC19ROGR    (0)    1 :  0.296 0.264 0.278 0.054 0.108 
 77 OmyAC19ROGR    (1)    1 :  0.015 0.022 0.018 0.929 0.016 
 78 OmyAC19ROGR    (0)    1 :  0.398 0.360 0.157 0.037 0.047 
 79 OmyAC19ROGR    (3)    1 :  0.324 0.304 0.227 0.069 0.076 
 80 OmyAC19ROGR    (0)    1 :  0.046 0.052 0.045 0.794 0.063 
 81 OmyAC19ROGR    (3)    1 :  0.201 0.221 0.163 0.274 0.141 
 82 OmyAC19ROGR    (1)    1 :  0.097 0.076 0.106 0.017 0.703 
 83 OmyAC19ROGR    (0)    1 :  0.241 0.213 0.395 0.036 0.115 
 84 OmyAC19ROGR    (0)    1 :  0.192 0.215 0.171 0.068 0.353 
 85 OmyAC19ROGR    (7)    1 :  0.340 0.274 0.226 0.052 0.109 
 86 OmyAC19ROGR    (0)    1 :  0.277 0.286 0.288 0.073 0.076 
 87 OmyAC19ROGR    (0)    1 :  0.137 0.156 0.532 0.039 0.136 
 88 OmyJC19ROGR    (0)    2 :  0.048 0.055 0.033 0.840 0.024 
 89 OmyJC19ROGR    (0)    2 :  0.253 0.309 0.070 0.056 0.313 
 90 OmyJC19ROGR    (0)    2 :  0.032 0.028 0.042 0.880 0.019 
 91 OmyJC19ROGR    (0)    2 :  0.192 0.210 0.199 0.014 0.384 
 92 OmyJC19ROGR    (0)    2 :  0.281 0.228 0.362 0.052 0.077 
 93 OmyJC19ROGR    (0)    2 :  0.220 0.252 0.396 0.043 0.090 
 94 OmyJC19ROGR    (0)    2 :  0.288 0.259 0.283 0.121 0.050 
 95 OmyJC19ROGR    (0)    2 :  0.212 0.249 0.286 0.133 0.119 
 96 OmyJC19ROGR    (0)    2 :  0.354 0.257 0.130 0.169 0.089 
 97 OmyJC19ROGR    (0)    2 :  0.239 0.172 0.175 0.286 0.128 
 98 OmyJC19ROGR    (0)    2 :  0.216 0.181 0.276 0.044 0.283 
 99 OmyJC19ROGR    (0)    2 :  0.162 0.112 0.385 0.058 0.284 
100 OmyJC19ROGR    (0)    2 :  0.334 0.369 0.059 0.031 0.207 
101 OmyJC19ROGR    (1)    2 :  0.149 0.140 0.078 0.504 0.129 
102 OmyJC19ROGR    (0)    2 :  0.146 0.174 0.352 0.094 0.234 
103 OmyJC19ROGR    (0)    2 :  0.188 0.231 0.197 0.273 0.110 
104 OmyJC19ROGR    (0)    2 :  0.211 0.258 0.101 0.031 0.399 
105 OmyJC19ROGR    (0)    2 :  0.087 0.088 0.425 0.229 0.172 
106 OmyJC19ROGR    (0)    2 :  0.035 0.029 0.032 0.884 0.021 
107 OmyJC19ROGR    (0)    2 :  0.067 0.056 0.135 0.176 0.566 
108 OmyJC19ROGR    (0)    2 :  0.163 0.221 0.473 0.071 0.073 
109 OmyJC19ROGR    (0)    2 :  0.235 0.282 0.104 0.125 0.254 
110 OmyJC19ROGR    (0)    2 :  0.108 0.093 0.154 0.537 0.107 
111 OmyJC19ROGR    (0)    2 :  0.111 0.090 0.111 0.049 0.639 
112 OmyJC19ROGR    (2)    2 :  0.213 0.255 0.086 0.187 0.259 
113 OmyJC19ROGR    (0)    2 :  0.184 0.195 0.068 0.477 0.076 
114 OmyJC19ROGR    (5)    2 :  0.417 0.377 0.105 0.031 0.071 
115 OmyJC19ROGR    (0)    2 :  0.203 0.157 0.556 0.030 0.053 
116 OmyJC19ROGR    (0)    2 :  0.251 0.380 0.218 0.085 0.066 
117 OmyJC19ROGR    (0)    2 :  0.269 0.202 0.261 0.108 0.160 
118 OmyJC19ROGR    (0)    2 :  0.116 0.171 0.585 0.025 0.103 
119 OmyJC19ROGR    (2)    2 :  0.232 0.243 0.390 0.037 0.097 
120 OmyJC19ROGR    (0)    2 :  0.173 0.166 0.078 0.031 0.552 
121 OmyJC19ROGR    (0)    2 :  0.125 0.153 0.124 0.028 0.570 
122 OmyJC19ROGR    (0)    2 :  0.251 0.284 0.243 0.064 0.158 
123 OmyJC19ROGR    (1)    2 :  0.179 0.168 0.506 0.019 0.128 
124 OmyJC19ROGR    (0)    2 :  0.161 0.250 0.318 0.202 0.068 
125 OmyJC19ROGR    (0)    2 :  0.390 0.327 0.124 0.077 0.082 
126 OmyJC19ROGR    (0)    2 :  0.061 0.088 0.093 0.729 0.029 
127 OmyJC19ROGR    (0)    2 :  0.224 0.164 0.182 0.035 0.395 
128 OmyJC19ROGR    (1)    2 :  0.297 0.269 0.255 0.030 0.149 
129 OmyJC19ROGR    (0)    2 :  0.356 0.251 0.116 0.229 0.048 
130 OmyJC19ROGR    (2)    2 :  0.354 0.375 0.110 0.105 0.056 
131 OmyJC19ROGR    (0)    2 :  0.127 0.207 0.121 0.060 0.485 
132 OmyJC19ROGR    (0)    2 :  0.125 0.117 0.569 0.056 0.133 
133 OmyJC19ROGR    (0)    2 :  0.147 0.133 0.607 0.024 0.089 
134 OmyJC19ROGR    (0)    2 :  0.178 0.255 0.354 0.043 0.170 
135 OmyJC19ROGR    (0)    2 :  0.121 0.106 0.074 0.058 0.642 
136 OmyJC19ROGR    (4)    2 :  0.171 0.165 0.439 0.101 0.124 
137 OmyJC19ROGR    (0)    2 :  0.223 0.292 0.111 0.167 0.207 
138 OmyJC19ROGR    (0)    2 :  0.062 0.062 0.068 0.674 0.133 
139 OmyJC19ROGR    (3)    2 :  0.294 0.375 0.084 0.026 0.220 
140 OmyJC19ROGR    (1)    2 :  0.439 0.308 0.099 0.086 0.068 
141 OmyJC19ROGR    (0)    2 :  0.393 0.300 0.117 0.107 0.084 
142 OmyJC19ROGR    (0)    2 :  0.138 0.152 0.105 0.461 0.142 
143 OmyJC19ROGR    (0)    2 :  0.167 0.155 0.479 0.112 0.087 
144 OmyJC19ROGR    (0)    2 :  0.332 0.286 0.063 0.018 0.300 
145 OmyJC19ROGR    (0)    2 :  0.271 0.390 0.160 0.030 0.149 
146 OmyJC19ROGR    (1)    2 :  0.246 0.211 0.142 0.096 0.305 
147 OmyJC19ROGR    (0)    2 :  0.068 0.082 0.117 0.182 0.550 
148 OmyJC19ROGR    (0)    2 :  0.098 0.088 0.144 0.050 0.619 
149 OmyJC19ROGR    (0)    2 :  0.204 0.169 0.346 0.041 0.240 
150 OmyJC19ROGR    (1)    2 :  0.211 0.183 0.482 0.054 0.070 
151 OmyJC19ROGR    (0)    2 :  0.451 0.311 0.103 0.094 0.040 
152 OmyJC19ROGR    (0)    2 :  0.055 0.069 0.447 0.040 0.388 
153 OmyJC19ROGR    (0)    2 :  0.109 0.081 0.222 0.061 0.527 
154 OmyJC19ROGR    (0)    2 :  0.205 0.207 0.150 0.076 0.362 
155 OmyJC19ROGR    (0)    2 :  0.359 0.362 0.176 0.049 0.055 
156 OmyJC19ROGR    (0)    2 :  0.160 0.189 0.374 0.069 0.208 
157 OmyJC19ROGR    (0)    2 :  0.232 0.241 0.209 0.216 0.102 
158 OmyJC19ROGR    (0)    2 :  0.096 0.093 0.611 0.017 0.183 
159 OmyJC19ROGR    (0)    2 :  0.183 0.195 0.475 0.037 0.110 
160 OmyJC19ROGR    (0)    2 :  0.342 0.273 0.144 0.100 0.141 
161 OmyJC19ROGR    (1)    2 :  0.116 0.101 0.104 0.023 0.655 
162 OmyJC19ROGR    (0)    2 :  0.096 0.094 0.354 0.202 0.254 
163 OmyJC19ROGR    (0)    2 :  0.153 0.148 0.126 0.077 0.496 
164 OmyJC19ROGR    (0)    2 :  0.287 0.275 0.170 0.021 0.247 
165 OmyJC19ROGR    (0)    2 :  0.187 0.157 0.475 0.028 0.152 
166 OmyJC19ROGR    (0)    2 :  0.200 0.276 0.381 0.065 0.077 
167 OmyJC19ROGR    (0)    2 :  0.236 0.218 0.169 0.111 0.266 
168 OmyJC19ROGR    (0)    2 :  0.262 0.290 0.221 0.083 0.144 
169 OmyJC19ROGR    (0)    2 :  0.032 0.039 0.035 0.875 0.019 
170 OmyJC19ROGR    (0)    2 :  0.349 0.235 0.246 0.070 0.099 
171 OmyJC19ROGR    (0)    2 :  0.204 0.215 0.368 0.036 0.177 
172 OmyJC19ROGR    (0)    2 :  0.151 0.177 0.102 0.249 0.320 
173 OmyJC19ROGR    (0)    2 :  0.040 0.032 0.048 0.847 0.033 
174 OmyJC19ROGR    (0)    2 :  0.348 0.367 0.172 0.029 0.084 
175 OmyJC19ROGR    (0)    2 :  0.194 0.237 0.475 0.036 0.058 
176 OmyJC19ROGR    (0)    2 :  0.223 0.161 0.103 0.192 0.320 
177 OmyJC19ROGR    (0)    2 :  0.053 0.045 0.137 0.018 0.746 
178 OmyJC19ROGR    (0)    2 :  0.338 0.358 0.129 0.046 0.128 
179 OmyJC19ROGR    (0)    2 :  0.349 0.312 0.213 0.042 0.083 
180 OmyJC19ROGR    (0)    2 :  0.030 0.036 0.032 0.865 0.037 
181 OmyJC19ROGR    (0)    2 :  0.281 0.336 0.221 0.079 0.084 
182 OmyJC19ROGR    (0)    2 :  0.342 0.270 0.060 0.066 0.263 
183 OmyJC19ROGR    (0)    2 :  0.268 0.193 0.244 0.044 0.250 
184 OmyJC19ROGR    (0)    2 :  0.054 0.061 0.076 0.732 0.077 
185 OmyJC19ROGR    (0)    2 :  0.462 0.368 0.080 0.020 0.071 
186 OmyJC19ROGR    (0)    2 :  0.201 0.171 0.145 0.320 0.162 
187 OmyJC19ROGR    (0)    2 :  0.146 0.157 0.606 0.049 0.042 
188 OmyJC19ROGR    (0)    2 :  0.311 0.215 0.256 0.040 0.178 
189 OmyJC19ROGR    (0)    2 :  0.158 0.167 0.267 0.271 0.138 
190 OmyJC19ROGR    (0)    2 :  0.139 0.104 0.239 0.082 0.437 
191 OmyJC19ROGR    (0)    2 :  0.167 0.170 0.469 0.059 0.136 
192 OmyJC19ROGR    (0)    2 :  0.298 0.317 0.271 0.035 0.078 
193 OmyJC19ROGR    (0)    2 :  0.115 0.134 0.102 0.221 0.428 
194 OmyJC19ROGR    (0)    2 :  0.117 0.171 0.182 0.020 0.510 
195 OmyJC19ROGR    (0)    2 :  0.056 0.050 0.069 0.794 0.030 
196 OmyJC19ROGR    (0)    2 :  0.304 0.327 0.303 0.035 0.031 
197 OmyJC19ROGR    (0)    2 :  0.239 0.308 0.251 0.043 0.160 
198 OmyJC19ROGR    (0)    2 :  0.038 0.043 0.038 0.833 0.047 
199 OmyJC19ROGR    (0)    2 :  0.317 0.331 0.120 0.025 0.207 
200 OmyJC19ROGR    (0)    2 :  0.168 0.172 0.311 0.192 0.158 
201 OmyJC19ROGR    (0)    2 :  0.234 0.288 0.173 0.020 0.285 
202 OmyJC19ROGR    (0)    2 :  0.139 0.138 0.339 0.028 0.355 
203 OmyJC19ROGR    (0)    2 :  0.107 0.136 0.661 0.036 0.060 
204 OmyJC19ROGR    (0)    2 :  0.244 0.204 0.316 0.092 0.144 
205 OmyJC19ROGR    (0)    2 :  0.219 0.202 0.195 0.131 0.253 
206 OmyJC19ROGR    (0)    2 :  0.034 0.033 0.017 0.896 0.019 
207 OmyJC19ROGR    (0)    2 :  0.113 0.115 0.073 0.408 0.291 
208 OmyJC19ROGR    (0)    2 :  0.310 0.312 0.152 0.047 0.178 
209 OmyJC19ROGR    (0)    2 :  0.242 0.161 0.086 0.336 0.175 
210 OmyJC19ROGR    (0)    2 :  0.030 0.034 0.051 0.865 0.020 
211 OmyJC19ROGR    (0)    2 :  0.277 0.242 0.105 0.115 0.261 
212 OmyJC19ROGR    (1)    2 :  0.068 0.057 0.083 0.175 0.617 
213 OmyJC19ROGR    (1)    2 :  0.366 0.349 0.150 0.080 0.054 
214 OmyJC19ROGR    (0)    2 :  0.114 0.143 0.161 0.136 0.446 
215 OmyJC19ROGR    (0)    2 :  0.232 0.276 0.401 0.025 0.067 
216 OmyJC19ROGR    (0)    2 :  0.128 0.142 0.063 0.472 0.194 
217 OmyJC19ROGR    (0)    2 :  0.113 0.117 0.099 0.583 0.088 
218 OmyJC19ROGR    (0)    2 :  0.166 0.124 0.599 0.044 0.068 
219 OmyJC19ROGR    (0)    2 :  0.251 0.198 0.101 0.210 0.241 
220 OmyJC19ROGR    (0)    2 :  0.163 0.132 0.133 0.014 0.558 
221 OmyJC19ROGR    (0)    2 :  0.111 0.128 0.104 0.143 0.515 
222 OmyJC19ROGR    (0)    2 :  0.434 0.236 0.138 0.034 0.157 
223 OmyJC19ROGR    (0)    2 :  0.181 0.191 0.185 0.112 0.331 
224 OmyJC19ROGR    (1)    2 :  0.339 0.269 0.214 0.070 0.108 
225 OmyJC19ROGR    (0)    2 :  0.028 0.032 0.033 0.787 0.120 
226 OmyJC19ROGR    (0)    2 :  0.199 0.212 0.203 0.348 0.038 
227 OmyJC19ROGR    (0)    2 :  0.030 0.031 0.040 0.863 0.035 
228 OmyJC19ROGR    (0)    2 :  0.354 0.296 0.133 0.040 0.178 
229 OmyJC19ROGR    (0)    2 :  0.136 0.150 0.545 0.035 0.134 
230 OmyJC19ROGR    (0)    2 :  0.223 0.164 0.223 0.183 0.207 
231 OmyJC19ROGR    (0)    2 :  0.184 0.206 0.195 0.137 0.278 
232 OmyJC19ROGR    (2)    2 :  0.216 0.168 0.208 0.102 0.306 
233 OmyJC19ROGR    (0)    2 :  0.171 0.146 0.148 0.197 0.337 
234 OmyJC19ROGR    (0)    2 :  0.024 0.033 0.033 0.889 0.021 
235 OmyJC19ROGR    (0)    2 :  0.089 0.098 0.067 0.684 0.062 
236 OmyJC19ROGR    (0)    2 :  0.097 0.073 0.060 0.026 0.745 
237 OmyJC19ROGR    (0)    2 :  0.169 0.241 0.065 0.093 0.432 
238 OmyJC19ROGR    (0)    2 :  0.071 0.068 0.058 0.058 0.745 
239 OmyJC19ROGR    (0)    2 :  0.311 0.298 0.084 0.053 0.253 
240 OmyJC19ROGR    (0)    2 :  0.274 0.266 0.258 0.070 0.132 
241 OmyJC19ROGR    (0)    2 :  0.329 0.248 0.170 0.178 0.075 
242 OmyJC19ROGR    (0)    2 :  0.194 0.212 0.113 0.024 0.456 
243 OmyJC19ROGR    (0)    2 :  0.207 0.196 0.419 0.039 0.138 
244 OmyJC19ROGR    (0)    2 :  0.163 0.149 0.508 0.048 0.132 
245 OmyJC19ROGR    (0)    2 :  0.033 0.034 0.046 0.861 0.026 
246 OmyJC19ROGR    (0)    2 :  0.166 0.177 0.288 0.135 0.234 
247 OmyJC19ROGR    (0)    2 :  0.056 0.052 0.150 0.688 0.055 
248 OmyJC19ROGR    (0)    2 :  0.272 0.194 0.143 0.349 0.042 
249 OmyJC19ROGR    (0)    2 :  0.175 0.183 0.502 0.073 0.067 
250 OmyJC19ROGR    (0)    2 :  0.276 0.224 0.359 0.075 0.066 
251 OmyJC19ROGR    (0)    2 :  0.286 0.300 0.306 0.061 0.046 
252 OmyJC19ROGR    (0)    2 :  0.268 0.243 0.119 0.077 0.293 
253 OmyJC19ROGR    (0)    2 :  0.358 0.299 0.193 0.099 0.051 
254 OmyJC19ROGR    (0)    2 :  0.238 0.271 0.293 0.111 0.087 
255 OmyJC19ROGR    (0)    2 :  0.192 0.240 0.257 0.057 0.254 
256 OmyJC19ROGR    (0)    2 :  0.170 0.202 0.302 0.140 0.185 
257 OmyJC19ROGR    (0)    2 :  0.175 0.157 0.551 0.061 0.057 
258 OmyAC19ROGR    (0)    1 :  0.325 0.405 0.066 0.094 0.110 
259 OmyAC19ROGR    (0)    1 :  0.201 0.263 0.090 0.323 0.123 
260 OmyAC19ROGR    (0)    1 :  0.397 0.377 0.130 0.061 0.035 
261 OmyAC19ROGR    (0)    1 :  0.296 0.264 0.299 0.096 0.045 
262 OmyAC19ROGR    (0)    1 :  0.377 0.407 0.071 0.095 0.050 
263 OmyAC19ROGR    (0)    1 :  0.115 0.081 0.434 0.091 0.278 
264 OmyAC19ROGR    (0)    1 :  0.230 0.236 0.395 0.060 0.079 
265 OmyAC19ROGR    (0)    1 :  0.060 0.066 0.788 0.043 0.043 
266 OmyAC19ROGR    (0)    1 :  0.266 0.240 0.379 0.035 0.079 
267 OmyAC19ROGR    (0)    1 :  0.167 0.151 0.379 0.257 0.046 
268 OmyAC19ROGR    (0)    1 :  0.183 0.218 0.242 0.115 0.242 
269 OmyAC19ROGR    (1)    1 :  0.299 0.274 0.230 0.139 0.057 
270 OmyAC19ROGR    (0)    1 :  0.232 0.254 0.419 0.049 0.046 
271 OmyAC19ROGR    (0)    1 :  0.130 0.134 0.258 0.394 0.084 
272 OmyAC19ROGR    (0)    1 :  0.249 0.285 0.142 0.140 0.184 
273 OmyAC19ROGR    (0)    1 :  0.424 0.269 0.158 0.035 0.114 
274 OmyAC19ROGR    (0)    1 :  0.103 0.127 0.103 0.613 0.054 
275 OmyAC19ROGR    (0)    1 :  0.138 0.133 0.047 0.069 0.613 
276 OmyAC19ROGR    (0)    1 :  0.195 0.290 0.285 0.067 0.164 
277 OmyAC19ROGR    (0)    1 :  0.285 0.403 0.106 0.127 0.079 
278 OmyAC19ROGR    (0)    1 :  0.116 0.092 0.160 0.258 0.375 
279 OmyAC19ROGR    (0)    1 :  0.268 0.291 0.053 0.156 0.233 
280 OmyAC19ROGR    (0)    1 :  0.209 0.265 0.244 0.185 0.097 
281 OmyAC19ROGR    (0)    1 :  0.199 0.192 0.471 0.054 0.084 
282 OmyAC19ROGR    (0)    1 :  0.294 0.277 0.127 0.195 0.106 
283 OmyAC19ROGR    (0)    1 :  0.140 0.191 0.432 0.098 0.139 
284 OmyAC19ROGR    (0)    1 :  0.108 0.107 0.679 0.038 0.068 
285 OmyAC19ROGR    (0)    1 :  0.162 0.173 0.475 0.053 0.137 
286 OmyAC19ROGR    (0)    1 :  0.281 0.255 0.348 0.032 0.085 
287 OmyAC19ROGR    (0)    1 :  0.021 0.025 0.015 0.926 0.013 
288 OmyAC19ROGR    (0)    1 :  0.035 0.050 0.039 0.605 0.271 
289 OmyAC19ROGR    (0)    1 :  0.246 0.167 0.372 0.120 0.094 
290 OmyAC19ROGR    (1)    1 :  0.021 0.022 0.021 0.906 0.030 
291 OmyAC19ROGR    (0)    1 :  0.166 0.158 0.222 0.371 0.083 
292 OmyAC19ROGR    (0)    1 :  0.328 0.308 0.162 0.123 0.080 
293 OmyAC19ROGR    (0)    1 :  0.185 0.124 0.195 0.052 0.444 
294 OmyAC19ROGR    (0)    1 :  0.140 0.111 0.410 0.298 0.040 
295 OmyAC19ROGR    (0)    1 :  0.432 0.373 0.132 0.032 0.030 
296 OmyAC19ROGR    (0)    1 :  0.137 0.169 0.068 0.039 0.587 
297 OmyAC19ROGR    (0)    1 :  0.084 0.099 0.187 0.591 0.039 
298 OmyAC19ROGR    (0)    1 :  0.313 0.282 0.245 0.036 0.123 
299 OmyAC19ROGR    (0)    1 :  0.214 0.167 0.300 0.181 0.138 
300 OmyAC19ROGR    (0)    1 :  0.157 0.129 0.520 0.060 0.135 
301 OmyAC19ROGR    (0)    1 :  0.039 0.045 0.042 0.844 0.030 
302 OmyAC19ROGR    (0)    1 :  0.116 0.106 0.124 0.539 0.116 
303 OmyAC19ROGR    (0)    1 :  0.274 0.244 0.276 0.106 0.100 
304 OmyAC19ROGR    (0)    1 :  0.095 0.098 0.071 0.289 0.448 
305 OmyAC19ROGR    (0)    1 :  0.123 0.131 0.588 0.045 0.113 
306 OmyAC19ROGR    (0)    1 :  0.172 0.158 0.130 0.494 0.047 
307 OmyAC19ROGR    (1)    1 :  0.163 0.197 0.352 0.050 0.239 
308 OmyAC19ROGR    (0)    1 :  0.274 0.302 0.170 0.134 0.120 
309 OmyAC19ROGR    (0)    1 :  0.068 0.067 0.075 0.757 0.032 
310 OmyAC19ROGR    (0)    1 :  0.192 0.230 0.231 0.287 0.061 
311 OmyAC19ROGR    (0)    1 :  0.142 0.159 0.056 0.589 0.053 
312 OmyAC19ROGR    (0)    1 :  0.146 0.157 0.564 0.048 0.084 
313 OmyAC19ROGR    (0)    1 :  0.204 0.198 0.345 0.068 0.184 
314 OmyAC19ROGR    (0)    1 :  0.204 0.171 0.232 0.141 0.253 
315 OmyAC19ROGR    (0)    1 :  0.286 0.210 0.319 0.133 0.051 
316 OmyAC19ROGR    (0)    1 :  0.157 0.156 0.620 0.035 0.032 
317 OmyAC19ROGR    (0)    1 :  0.124 0.135 0.075 0.038 0.628 
318 OmyAC19ROGR    (0)    1 :  0.324 0.245 0.175 0.023 0.233 
319 OmyAC19ROGR    (0)    1 :  0.294 0.227 0.318 0.025 0.136 
320 OmyAC19ROGR    (0)    1 :  0.097 0.124 0.552 0.019 0.208 
321 OmyAC19ROGR    (0)    1 :  0.298 0.325 0.240 0.031 0.106 
322 OmyAC19ROGR    (0)    1 :  0.351 0.293 0.041 0.277 0.038 
323 OmyAC19ROGR    (0)    1 :  0.435 0.346 0.073 0.056 0.091 
324 OmyAC19ROGR    (0)    1 :  0.144 0.248 0.533 0.030 0.046 
325 OmyAC19ROGR    (0)    1 :  0.222 0.298 0.208 0.211 0.060 
326 OmyAC19ROGR    (0)    1 :  0.176 0.193 0.520 0.050 0.060 
327 OmyAC19ROGR    (0)    1 :  0.142 0.143 0.629 0.032 0.053 
328 OmyAC20ROGR    (0)    1 :  0.189 0.176 0.285 0.050 0.299 
329 OmyAC20ROGR    (0)    1 :  0.184 0.161 0.291 0.134 0.230 
330 OmyAC20ROGR    (0)    1 :  0.273 0.225 0.154 0.150 0.199 
331 OmyAC20ROGR    (0)    1 :  0.068 0.086 0.167 0.605 0.073 
332 OmyAC20ROGR    (0)    1 :  0.221 0.183 0.290 0.209 0.096 
333 OmyAC20ROGR    (0)    1 :  0.106 0.100 0.516 0.230 0.047 
334 OmyAC20ROGR    (0)    1 :  0.193 0.163 0.509 0.068 0.067 
335 OmyAC20ROGR    (0)    1 :  0.382 0.301 0.212 0.032 0.074 
336 OmyAC20ROGR    (0)    1 :  0.250 0.316 0.202 0.135 0.097 
337 OmyAC20ROGR    (0)    1 :  0.144 0.162 0.108 0.479 0.106 
338 OmyAC20ROGR    (0)    1 :  0.291 0.295 0.271 0.082 0.061 
339 OmyAC20ROGR    (0)    1 :  0.311 0.277 0.169 0.086 0.156 
340 OmyAC20ROGR    (0)    1 :  0.213 0.233 0.348 0.060 0.146 
341 OmyAC20ROGR    (0)    1 :  0.137 0.155 0.129 0.053 0.526 
342 OmyAC20ROGR    (0)    1 :  0.233 0.228 0.242 0.140 0.157 
343 OmyAC20ROGR    (0)    1 :  0.104 0.114 0.141 0.048 0.593 
344 OmyAC20ROGR    (0)    1 :  0.129 0.138 0.253 0.279 0.201 
345 OmyAC20ROGR    (1)    1 :  0.291 0.271 0.258 0.149 0.030 
346 OmyAC20ROGR    (0)    1 :  0.140 0.157 0.435 0.220 0.049 
347 OmyAC20ROGR    (0)    1 :  0.233 0.167 0.124 0.296 0.180 
348 OmyAC20ROGR    (0)    1 :  0.099 0.111 0.258 0.136 0.395 
349 OmyAC20ROGR    (0)    1 :  0.155 0.134 0.354 0.039 0.318 
350 OmyAC20ROGR    (0)    1 :  0.067 0.091 0.067 0.076 0.699 
351 OmyAC20ROGR    (0)    1 :  0.236 0.297 0.321 0.068 0.079 
352 OmyAC20ROGR    (0)    1 :  0.272 0.376 0.218 0.048 0.085 
353 OmyAC20ROGR    (0)    1 :  0.278 0.306 0.264 0.078 0.074 
354 OmyAC20ROGR    (0)    1 :  0.169 0.109 0.082 0.326 0.315 
355 OmyAC20ROGR    (0)    1 :  0.047 0.051 0.100 0.116 0.687 
356 OmyAC20ROGR    (0)    1 :  0.168 0.214 0.297 0.232 0.089 
357 OmyAC20ROGR    (0)    1 :  0.212 0.256 0.285 0.055 0.191 
358 OmyAC20ROGR    (0)    1 :  0.338 0.312 0.188 0.038 0.124 
359 OmyAC20ROGR    (0)    1 :  0.207 0.244 0.056 0.344 0.148 
360 OmyAC20ROGR    (0)    1 :  0.273 0.311 0.156 0.172 0.088 
361 OmyAC20ROGR    (0)    1 :  0.290 0.288 0.100 0.029 0.294 
362 OmyAC20ROGR    (0)    1 :  0.286 0.333 0.194 0.100 0.086 
363 OmyAC20ROGR    (0)    1 :  0.086 0.086 0.117 0.374 0.337 
364 OmyAC20ROGR    (1)    1 :  0.214 0.168 0.350 0.055 0.212 
365 OmyAC20ROGR    (0)    1 :  0.218 0.290 0.336 0.038 0.119 
366 OmyAC20ROGR    (0)    1 :  0.241 0.275 0.413 0.023 0.048 
367 OmyAC20ROGR    (0)    1 :  0.286 0.478 0.118 0.069 0.049 
368 OmyAC20ROGR    (0)    1 :  0.350 0.339 0.111 0.048 0.151 
369 OmyAC20ROGR    (0)    1 :  0.154 0.158 0.124 0.301 0.263 
370 OmyAC20ROGR    (0)    1 :  0.130 0.112 0.047 0.667 0.044 
371 OmyAC20ROGR    (0)    1 :  0.054 0.049 0.048 0.801 0.047 
372 OmyAC20ROGR    (2)    1 :  0.044 0.031 0.039 0.856 0.030 
373 OmyAC20ROGR    (0)    1 :  0.074 0.070 0.061 0.665 0.130 
374 OmyAC20ROGR    (0)    1 :  0.335 0.353 0.182 0.023 0.107 
375 OmyAC20ROGR    (0)    1 :  0.253 0.189 0.362 0.107 0.089 
376 OmyAC20ROGR    (0)    1 :  0.213 0.252 0.150 0.184 0.201 
377 OmyAC20ROGR    (0)    1 :  0.195 0.184 0.473 0.035 0.113 
378 OmyAC20ROGR    (0)    1 :  0.226 0.201 0.360 0.028 0.186 
379 OmyAC20ROGR    (0)    1 :  0.139 0.131 0.136 0.477 0.117 
380 OmyAC20ROGR    (0)    1 :  0.257 0.238 0.425 0.040 0.039 
381 OmyAC20ROGR    (0)    1 :  0.224 0.347 0.206 0.122 0.101 
382 OmyAC20ROGR    (0)    1 :  0.039 0.051 0.048 0.816 0.046 
383 OmyAC20ROGR    (0)    1 :  0.178 0.249 0.449 0.094 0.030 
384 OmyAC20ROGR    (0)    1 :  0.171 0.133 0.156 0.434 0.105 
385 OmyAC20ROGR    (0)    1 :  0.215 0.272 0.134 0.208 0.172 
386 OmyAC20ROGR    (0)    1 :  0.259 0.274 0.166 0.242 0.059 
387 OmyAC20ROGR    (0)    1 :  0.162 0.162 0.145 0.485 0.046 
388 OmyAC20ROGR    (0)    1 :  0.140 0.108 0.183 0.453 0.116 
389 OmyAC20ROGR    (0)    1 :  0.153 0.115 0.626 0.053 0.053 
390 OmyAC20ROGR    (0)    1 :  0.107 0.119 0.075 0.016 0.682 
391 OmyAC20ROGR    (0)    1 :  0.075 0.064 0.076 0.586 0.200 
392 OmyAC20ROGR    (0)    1 :  0.183 0.162 0.131 0.398 0.126 
393 OmyAC20ROGR    (0)    1 :  0.151 0.193 0.227 0.084 0.345 
394 OmyAC20ROGR    (0)    1 :  0.320 0.358 0.078 0.134 0.111 
395 OmyAC20ROGR    (0)    1 :  0.254 0.280 0.162 0.080 0.224 
396 OmyAC20ROGR    (0)    1 :  0.282 0.284 0.182 0.074 0.177 
397 OmyAC20ROGR    (0)    1 :  0.277 0.241 0.232 0.207 0.044 
398 OmyAC20ROGR    (0)    1 :  0.108 0.111 0.133 0.605 0.042 
399 OmyAC20ROGR    (0)    1 :  0.382 0.331 0.087 0.171 0.030 
400 OmyAC20ROGR    (0)    1 :  0.257 0.179 0.393 0.126 0.045 
401 OmyAC20ROGR    (0)    1 :  0.083 0.096 0.037 0.708 0.075 
402 OmyAC20ROGR    (0)    1 :  0.156 0.190 0.257 0.019 0.379 
403 OmyAC20ROGR    (0)    1 :  0.333 0.374 0.078 0.087 0.128 
404 OmyAC20ROGR    (0)    1 :  0.129 0.091 0.671 0.025 0.084 
405 OmyAC20ROGR    (0)    1 :  0.164 0.194 0.057 0.426 0.159 
406 OmyAC20ROGR    (0)    1 :  0.275 0.330 0.127 0.056 0.213 
407 OmyAC20ROGR    (0)    1 :  0.278 0.473 0.157 0.051 0.041 
408 OmyAC20ROGR    (0)    1 :  0.048 0.054 0.083 0.113 0.701 
409 OmyAC20ROGR    (0)    1 :  0.141 0.178 0.573 0.040 0.068 
410 OmyAC20ROGR    (0)    1 :  0.055 0.046 0.042 0.837 0.020 
411 OmyAC20ROGR    (0)    1 :  0.103 0.081 0.098 0.663 0.055 
412 OmyAC20ROGR    (0)    1 :  0.121 0.141 0.348 0.250 0.140 
413 OmyAC20ROGR    (0)    1 :  0.200 0.249 0.403 0.104 0.043 
414 OmyAC20ROGR    (0)    1 :  0.223 0.193 0.111 0.360 0.113 
415 OmyAC20ROGR    (0)    1 :  0.324 0.337 0.189 0.044 0.107 
416 OmyAC20ROGR    (0)    1 :  0.212 0.170 0.507 0.049 0.062 
417 OmyAC20ROGR    (0)    1 :  0.159 0.163 0.565 0.027 0.086 
418 OmyAC20ROGR    (0)    1 :  0.244 0.217 0.288 0.166 0.087 
419 OmyAC20ROGR    (0)    1 :  0.117 0.145 0.115 0.476 0.147 
420 OmyAC20ROGR    (0)    1 :  0.219 0.181 0.038 0.045 0.518 
421 OmyAC20ROGR    (0)    1 :  0.307 0.254 0.305 0.092 0.041 
422 OmyAC20ROGR    (0)    1 :  0.047 0.043 0.037 0.847 0.026 
423 OmyAC20ROGR    (0)    1 :  0.282 0.340 0.305 0.040 0.033 
424 OmyAC20ROGR    (0)    1 :  0.208 0.312 0.074 0.032 0.374 
425 OmyAC20ROGR    (0)    1 :  0.044 0.039 0.026 0.847 0.043 
426 OmyAC20ROGR    (0)    1 :  0.094 0.119 0.697 0.054 0.036 
427 OmyAC20ROGR    (0)    1 :  0.291 0.355 0.228 0.059 0.067 
428 OmyAC20ROGR    (0)    1 :  0.058 0.051 0.045 0.814 0.032 
429 OmyAC20ROGR    (0)    1 :  0.128 0.128 0.271 0.031 0.442 
430 OmyAC20ROGR    (0)    1 :  0.299 0.408 0.132 0.073 0.088 
431 OmyAC20ROGR    (0)    1 :  0.149 0.158 0.105 0.531 0.056 
432 OmyAC20ROGR    (0)    1 :  0.033 0.036 0.033 0.877 0.021 
433 OmyAC20ROGR    (0)    1 :  0.051 0.047 0.036 0.734 0.131 
434 OmyAC20ROGR    (0)    1 :  0.201 0.253 0.151 0.336 0.060 
435 OmyAC20ROGR    (0)    1 :  0.401 0.306 0.208 0.036 0.048 
436 OmyAC20ROGR    (0)    1 :  0.257 0.327 0.317 0.062 0.036 
437 OmyAC20ROGR    (0)    1 :  0.056 0.057 0.079 0.706 0.102 
438 OmyAC20ROGR    (0)    1 :  0.275 0.258 0.082 0.301 0.084 
439 OmyAC20ROGR    (0)    1 :  0.406 0.375 0.106 0.080 0.033 
440 OmyAC20ROGR    (0)    1 :  0.077 0.087 0.160 0.623 0.054 
441 OmyAC20ROGR    (0)    1 :  0.411 0.259 0.079 0.032 0.220 
442 OmyAC20ROGR    (0)    1 :  0.368 0.320 0.116 0.096 0.100 
443 OmyAC20ROGR    (0)    1 :  0.487 0.303 0.121 0.041 0.048 
444 OmyAC20ROGR    (0)    1 :  0.145 0.154 0.419 0.233 0.049 
445 OmyAC20ROGR    (0)    1 :  0.324 0.339 0.061 0.128 0.148 
446 OmyJC18ROGR    (0)    2 :  0.139 0.148 0.183 0.274 0.256 
447 OmyJC18ROGR    (0)    2 :  0.199 0.212 0.305 0.108 0.176 
448 OmyJC18ROGR    (0)    2 :  0.372 0.343 0.111 0.095 0.080 
449 OmyJC18ROGR    (0)    2 :  0.063 0.090 0.039 0.583 0.224 
450 OmyJC18ROGR    (0)    2 :  0.132 0.095 0.069 0.625 0.079 
451 OmyJC18ROGR    (0)    2 :  0.059 0.058 0.041 0.821 0.021 
452 OmyJC18ROGR    (0)    2 :  0.265 0.194 0.119 0.338 0.084 
453 OmyJC18ROGR    (0)    2 :  0.078 0.063 0.045 0.021 0.792 
454 OmyJC18ROGR    (0)    2 :  0.052 0.048 0.050 0.803 0.047 
455 OmyJC18ROGR    (0)    2 :  0.238 0.203 0.371 0.088 0.101 
456 OmyJC18ROGR    (0)    2 :  0.052 0.046 0.028 0.841 0.032 
457 OmyJC18ROGR    (0)    2 :  0.318 0.188 0.357 0.095 0.042 
458 OmyJC18ROGR    (0)    2 :  0.106 0.112 0.100 0.146 0.536 
459 OmyJC18ROGR    (1)    2 :  0.119 0.108 0.697 0.018 0.057 
460 OmyJC18ROGR    (2)    2 :  0.295 0.339 0.145 0.115 0.106 
461 OmyJC18ROGR    (2)    2 :  0.265 0.268 0.084 0.327 0.056 
462 OmyJC18ROGR    (3)    2 :  0.225 0.257 0.083 0.203 0.232 
463 OmyJC18ROGR    (0)    2 :  0.069 0.071 0.037 0.714 0.109 
464 OmyJC18ROGR    (4)    2 :  0.231 0.265 0.399 0.022 0.082 
465 OmyJC18ROGR    (3)    2 :  0.301 0.241 0.235 0.079 0.144 
466 OmyJC18ROGR    (0)    2 :  0.322 0.416 0.095 0.098 0.070 
467 OmyJC18ROGR    (0)    2 :  0.234 0.170 0.446 0.069 0.081 
468 OmyJC18ROGR    (0)    2 :  0.208 0.166 0.110 0.097 0.419 
469 OmyJC18ROGR    (0)    2 :  0.048 0.058 0.037 0.835 0.021 
470 OmyJC18ROGR    (5)    2 :  0.167 0.156 0.114 0.452 0.112 
471 OmyJC18ROGR    (1)    2 :  0.278 0.400 0.119 0.138 0.065 
472 OmyJC18ROGR    (2)    2 :  0.399 0.328 0.139 0.083 0.051 
473 OmyJC18ROGR    (3)    2 :  0.305 0.349 0.145 0.035 0.166 
474 OmyJC18ROGR    (0)    2 :  0.056 0.053 0.062 0.040 0.789 
475 OmyJC18ROGR    (2)    2 :  0.202 0.203 0.070 0.409 0.117 
476 OmyJC18ROGR    (1)    2 :  0.484 0.346 0.086 0.036 0.049 
477 OmyJC18ROGR    (4)    2 :  0.217 0.188 0.080 0.184 0.331 
478 OmyJC18ROGR    (0)    2 :  0.271 0.168 0.416 0.054 0.091 
479 OmyJC18ROGR    (0)    2 :  0.291 0.371 0.234 0.029 0.075 
480 OmyJC18ROGR    (1)    2 :  0.171 0.167 0.424 0.128 0.110 
481 OmyJC18ROGR    (3)    2 :  0.347 0.282 0.109 0.075 0.187 
482 OmyJC18ROGR    (3)    2 :  0.172 0.183 0.086 0.025 0.534 
483 OmyJC18ROGR    (4)    2 :  0.294 0.384 0.101 0.031 0.191 
484 OmyJC18ROGR    (4)    2 :  0.239 0.339 0.255 0.045 0.122 
485 OmyJC18ROGR    (3)    2 :  0.110 0.124 0.193 0.446 0.127 
486 OmyJC18ROGR    (3)    2 :  0.172 0.181 0.120 0.401 0.126 
487 OmyJC18ROGR    (1)    2 :  0.137 0.175 0.171 0.093 0.425 
488 OmyJC18ROGR    (5)    2 :  0.256 0.348 0.240 0.050 0.106 
489 OmyJC18ROGR    (0)    2 :  0.368 0.395 0.123 0.032 0.081 
490 OmyJC18ROGR    (3)    2 :  0.354 0.403 0.085 0.071 0.087 
491 OmyJC18ROGR    (7)    2 :  0.066 0.059 0.054 0.060 0.762 
492 OmyJC18ROGR    (6)    2 :  0.056 0.071 0.087 0.025 0.760 
493 OmyJC18ROGR    (3)    2 :  0.301 0.259 0.282 0.093 0.065 
494 OmyJC18ROGR    (3)    2 :  0.057 0.075 0.049 0.783 0.036 
495 OmyJC18ROGR    (5)    2 :  0.147 0.116 0.311 0.297 0.130 
496 OmyJC18ROGR    (0)    2 :  0.308 0.221 0.224 0.106 0.140 
497 OmyJC18ROGR    (5)    2 :  0.137 0.138 0.098 0.020 0.606 
498 OmyJC18ROGR    (6)    2 :  0.338 0.422 0.070 0.106 0.064 
499 OmyJC18ROGR    (0)    2 :  0.470 0.266 0.165 0.039 0.059 
500 OmyJC18ROGR    (1)    2 :  0.198 0.186 0.108 0.048 0.460 
501 OmyJC18ROGR    (4)    2 :  0.249 0.196 0.098 0.373 0.085 
502 OmyJC18ROGR    (2)    2 :  0.269 0.268 0.122 0.179 0.162 
503 OmyJC18ROGR    (5)    2 :  0.284 0.303 0.149 0.045 0.218 
504 OmyJC18ROGR    (2)    2 :  0.303 0.361 0.053 0.184 0.099 
505 OmyJC18ROGR    (0)    2 :  0.172 0.165 0.244 0.264 0.155 
506 OmyJC18ROGR    (8)    2 :  0.268 0.247 0.116 0.065 0.304 
507 OmyJC18ROGR    (0)    2 :  0.293 0.246 0.119 0.113 0.229 
508 OmyJC18ROGR    (0)    2 :  0.158 0.206 0.136 0.161 0.338 
509 OmyJC18ROGR    (1)    2 :  0.025 0.021 0.026 0.901 0.027 
510 OmyJC18ROGR    (1)    2 :  0.301 0.386 0.147 0.076 0.089 
511 OmyJC18ROGR    (5)    2 :  0.212 0.195 0.211 0.135 0.247 
512 OmyJC18ROGR    (2)    2 :  0.056 0.059 0.043 0.768 0.074 
513 OmyJC18ROGR    (9)    2 :  0.133 0.148 0.226 0.282 0.211 
514 OmyJC18ROGR    (4)    2 :  0.112 0.119 0.128 0.432 0.210 
515 OmyJC18ROGR    (1)    2 :  0.126 0.152 0.241 0.095 0.387 
516 OmyJC18ROGR    (3)    2 :  0.288 0.271 0.175 0.157 0.109 
517 OmyJC18ROGR    (3)    2 :  0.165 0.117 0.087 0.519 0.112 
518 OmyJC18ROGR    (0)    2 :  0.243 0.211 0.085 0.063 0.399 
519 OmyJC18ROGR    (9)    2 :  0.223 0.197 0.316 0.061 0.203 
520 OmyJC18ROGR    (6)    2 :  0.309 0.442 0.072 0.085 0.092 
521 OmyJC18ROGR    (2)    2 :  0.304 0.278 0.131 0.101 0.185 
522 OmyJC18ROGR    (1)    2 :  0.363 0.357 0.142 0.083 0.054 
523 OmyJC18ROGR    (4)    2 :  0.198 0.271 0.287 0.073 0.171 
524 OmyJC18ROGR    (0)    2 :  0.242 0.249 0.402 0.067 0.040 
525 OmyJC18ROGR    (2)    2 :  0.145 0.184 0.343 0.063 0.265 
526 OmyJC18ROGR    (3)    2 :  0.192 0.151 0.168 0.067 0.422 
527 OmyJC18ROGR    (0)    2 :  0.292 0.415 0.164 0.042 0.087 
528 OmyJC18ROGR    (0)    2 :  0.167 0.217 0.309 0.033 0.275 
529 OmyJC18ROGR    (1)    2 :  0.325 0.309 0.270 0.048 0.047 
530 OmyJC18ROGR    (0)    2 :  0.208 0.248 0.184 0.039 0.322 
531 OmyJC18ROGR    (0)    2 :  0.290 0.255 0.219 0.187 0.049 
532 OmyJC18ROGR    (2)    2 :  0.218 0.261 0.355 0.022 0.143 
533 OmyJC18ROGR    (2)    2 :  0.300 0.368 0.261 0.017 0.054 
534 OmyJC18ROGR    (2)    2 :  0.333 0.305 0.198 0.055 0.108 
535 OmyJC18ROGR    (0)    2 :  0.376 0.338 0.145 0.052 0.088 
536 OmyJC18ROGR    (0)    2 :  0.257 0.266 0.317 0.036 0.124 
537 OmyJC18ROGR    (0)    2 :  0.337 0.283 0.215 0.021 0.145 
538 OmyJC18ROGR    (0)    2 :  0.293 0.332 0.208 0.054 0.113 
539 OmyJC18ROGR    (0)    2 :  0.216 0.256 0.348 0.052 0.128 
540 OmyJC18ROGR    (8)    2 :  0.108 0.142 0.068 0.054 0.628 
541 OmyJC18ROGR    (1)    2 :  0.133 0.126 0.558 0.085 0.098 
542 OmyJC18ROGR    (1)    2 :  0.113 0.174 0.154 0.279 0.280 
543 OmyJC18ROGR    (0)    2 :  0.212 0.242 0.109 0.081 0.356 
544 OmyJC18ROGR    (2)    2 :  0.174 0.206 0.418 0.049 0.153 
545 OmyJC18ROGR    (1)    2 :  0.195 0.236 0.066 0.463 0.039 
546 OmyJC18ROGR    (9)    2 :  0.288 0.359 0.174 0.025 0.154 
547 OmyJC18ROGR    (0)    2 :  0.283 0.236 0.328 0.111 0.042 
548 OmyJC18ROGR    (0)    2 :  0.239 0.192 0.115 0.218 0.236 
549 OmyJC18ROGR    (0)    2 :  0.189 0.240 0.266 0.096 0.208 
550 OmyJC18ROGR    (1)    2 :  0.099 0.085 0.215 0.542 0.058 
551 OmyJC18ROGR    (1)    2 :  0.198 0.189 0.284 0.057 0.272 
552 OmyJC18ROGR    (2)    2 :  0.292 0.199 0.367 0.096 0.047 
553 OmyJC18ROGR   (10)    2 :  0.176 0.210 0.319 0.055 0.241 
554 OmyJC18ROGR    (2)    2 :  0.307 0.315 0.119 0.046 0.213 
555 OmyJC18ROGR    (4)    2 :  0.247 0.200 0.225 0.042 0.287 
556 OmyJC18ROGR    (0)    2 :  0.222 0.194 0.178 0.085 0.321 
557 OmyJC18ROGR    (2)    2 :  0.327 0.358 0.079 0.163 0.072 
558 OmyJC18ROGR    (0)    2 :  0.244 0.240 0.215 0.253 0.049 
559 OmyJC18ROGR    (0)    2 :  0.124 0.176 0.087 0.057 0.556 
560 OmyJC18ROGR    (8)    2 :  0.227 0.161 0.136 0.133 0.343 
561 OmyJC18ROGR    (0)    2 :  0.186 0.166 0.582 0.023 0.043 
562 OmyJC18ROGR    (8)    2 :  0.165 0.209 0.222 0.117 0.288 
563 OmyJC18ROGR    (2)    2 :  0.368 0.372 0.094 0.055 0.111 
564 OmyJC18ROGR    (4)    2 :  0.126 0.105 0.576 0.088 0.105 
565 OmyJC18ROGR    (3)    2 :  0.187 0.168 0.302 0.132 0.212 
566 OmyJC18ROGR    (1)    2 :  0.379 0.290 0.087 0.130 0.114 
567 OmyJC18ROGR    (0)    2 :  0.291 0.337 0.090 0.056 0.226 
568 OmyJC18ROGR    (5)    2 :  0.195 0.222 0.268 0.134 0.182 
569 OmyJC18ROGR    (2)    2 :  0.158 0.169 0.064 0.029 0.579 
570 OmyJC18ROGR    (0)    2 :  0.358 0.322 0.185 0.059 0.076 
571 OmyJC18ROGR    (2)    2 :  0.326 0.440 0.130 0.054 0.049 
572 OmyJC18ROGR    (6)    2 :  0.267 0.200 0.204 0.066 0.263 
573 OmyJC18ROGR    (5)    2 :  0.170 0.147 0.149 0.431 0.103 
574 OmyJC18ROGR    (8)    2 :  0.264 0.327 0.151 0.158 0.100 
575 OmyJC18ROGR    (3)    2 :  0.280 0.298 0.248 0.031 0.143 
576 OmyJC18ROGR    (0)    2 :  0.103 0.099 0.118 0.115 0.565 
577 OmyJC18ROGR    (0)    2 :  0.036 0.038 0.035 0.870 0.022 
578 OmyJC18ROGR    (1)    2 :  0.372 0.346 0.134 0.041 0.107 
579 OmyJC18ROGR    (0)    2 :  0.128 0.176 0.105 0.564 0.027 
580 OmyJC18ROGR    (0)    2 :  0.305 0.253 0.194 0.028 0.219 
581 OmyJC18ROGR    (6)    2 :  0.166 0.204 0.108 0.053 0.468 
582 OmyJC18ROGR    (7)    2 :  0.153 0.196 0.491 0.029 0.131 
583 OmyJC18ROGR    (3)    2 :  0.192 0.155 0.489 0.046 0.118 
584 OmyJC18ROGR    (5)    2 :  0.327 0.217 0.231 0.060 0.164 
585 OmyJC18ROGR    (1)    2 :  0.418 0.320 0.099 0.105 0.057 
586 OmyJC18ROGR    (2)    2 :  0.302 0.380 0.134 0.023 0.161 
587 OmyJC18ROGR    (0)    2 :  0.023 0.018 0.031 0.910 0.017 
588 OmyJC18ROGR    (0)    2 :  0.257 0.315 0.106 0.198 0.123 
589 OmyJC18ROGR    (1)    2 :  0.177 0.131 0.398 0.078 0.216 
590 OmyJC18ROGR    (2)    2 :  0.335 0.397 0.204 0.013 0.051 
591 OmyJC18ROGR    (0)    2 :  0.219 0.247 0.306 0.041 0.186 
592 OmyJC18ROGR    (4)    2 :  0.286 0.423 0.092 0.045 0.155 
593 OmyJC18ROGR    (0)    2 :  0.296 0.283 0.166 0.122 0.132 
594 OmyJC18ROGR    (1)    2 :  0.369 0.415 0.119 0.034 0.062 
595 OmyJC18ROGR    (0)    2 :  0.119 0.122 0.144 0.193 0.422 
596 OmyJC18ROGR    (0)    2 :  0.212 0.252 0.228 0.079 0.229 
597 OmyJC18ROGR    (0)    2 :  0.150 0.207 0.108 0.131 0.403 
598 OmyJC18ROGR    (0)    2 :  0.346 0.301 0.172 0.051 0.129 
599 OmyJC18ROGR    (0)    2 :  0.112 0.138 0.553 0.123 0.075 
600 OmyJC18ROGR    (0)    2 :  0.385 0.321 0.142 0.060 0.092 
601 OmyJC18ROGR    (0)    2 :  0.115 0.202 0.165 0.025 0.493 
602 OmyJC18ROGR    (0)    2 :  0.095 0.123 0.420 0.202 0.159 
603 OmyJC18ROGR    (0)    2 :  0.384 0.391 0.106 0.035 0.084 
604 OmyJC18ROGR    (0)    2 :  0.130 0.084 0.671 0.033 0.082 
605 OmyJC18ROGR    (0)    2 :  0.276 0.246 0.208 0.039 0.231 
606 OmyJC18ROGR    (0)    2 :  0.386 0.248 0.118 0.099 0.149 
607 OmyJC18ROGR    (0)    2 :  0.156 0.131 0.646 0.031 0.035 
608 OmyJC18ROGR    (0)    2 :  0.278 0.274 0.354 0.035 0.059 
