

----------------------------------------------------
STRUCTURE by Pritchard, Stephens and Donnelly (2000)
     and Falush, Stephens and Pritchard (2003)
       Code by Pritchard, Falush and Hubisz
             Version 2.3.4 (Jul 2012)
----------------------------------------------------



Command line arguments:   bin/structure -m "/Users/ddayan/FRA/half_pounder_2023/structure/halfpounder/10k_20k_adm_corr/mainparams" -e "/Users/ddayan/FRA/half_pounder_2023/structure/halfpounder/10k_20k_adm_corr/extraparams" 
Input File:    /Users/ddayan/FRA/half_pounder_2023/structure/halfpounder/project_data

Run parameters:
   1000 individuals
   233 loci
   3 populations assumed
   10000 Burn-in period
   20000 Reps


--------------------------------------------
Proportion of membership of each pre-defined
 population in each of the 3 clusters

Given    Inferred Clusters       Number of
 Pop       1      2      3      Individuals

  1:     0.300  0.371  0.329      275
  2:     0.342  0.345  0.312      643
  3:     0.518  0.316  0.166       42
  4:     0.417  0.413  0.170       40
--------------------------------------------

Allele-freq. divergence among pops (Net nucleotide distance),
computed using point estimates of P.

      1       2       3      
 1      -    0.0039  0.0138  
 2   0.0039     -    0.0103  
 3   0.0138  0.0103     -    

Average distances (expected heterozygosity) between individuals in same cluster:
cluster  1  : 0.3075 
cluster  2  : 0.3167 
cluster  3  : 0.2840 

--------------------------------------------
Estimated Ln Prob of Data   = -216228.9
Mean value of ln likelihood = -215307.1
Variance of ln likelihood   = 1843.6
Mean value of alpha         = 0.7523

Mean value of Fst_1         = 0.0344
Mean value of Fst_2         = 0.0024
Mean value of Fst_3         = 0.0828


Inferred ancestry of individuals:
        Label (%Miss) Pop:  Inferred clusters
  1 OmyAC19ROGR    (0)    1 :  0.392 0.487 0.121 
  2 OmyAC19ROGR    (0)    1 :  0.163 0.581 0.255 
  3 OmyAC19ROGR    (0)    1 :  0.487 0.331 0.182 
  4 OmyAC19ROGR    (0)    1 :  0.231 0.664 0.105 
  5 OmyAC19ROGR    (1)    1 :  0.066 0.083 0.851 
  6 OmyAC19ROGR    (0)    1 :  0.374 0.170 0.457 
  7 OmyAC19ROGR    (0)    1 :  0.390 0.178 0.432 
  8 OmyAC19ROGR    (0)    1 :  0.664 0.250 0.086 
  9 OmyAC19ROGR    (0)    1 :  0.235 0.225 0.540 
 10 OmyAC19ROGR    (0)    1 :  0.133 0.391 0.476 
 11 OmyAC19ROGR    (0)    1 :  0.632 0.201 0.167 
 12 OmyAC19ROGR    (0)    1 :  0.258 0.364 0.378 
 13 OmyAC19ROGR    (0)    1 :  0.635 0.255 0.110 
 14 OmyAC19ROGR    (0)    1 :  0.410 0.240 0.350 
 15 OmyAC19ROGR    (0)    1 :  0.185 0.264 0.551 
 16 OmyAC19ROGR    (0)    1 :  0.462 0.312 0.226 
 17 OmyAC19ROGR    (0)    1 :  0.097 0.642 0.262 
 18 OmyAC19ROGR    (3)    1 :  0.423 0.511 0.066 
 19 OmyAC19ROGR    (0)    1 :  0.695 0.156 0.149 
 20 OmyAC19ROGR    (0)    1 :  0.107 0.445 0.449 
 21 OmyAC19ROGR    (0)    1 :  0.147 0.363 0.491 
 22 OmyAC19ROGR    (0)    1 :  0.643 0.172 0.185 
 23 OmyAC19ROGR    (0)    1 :  0.275 0.220 0.505 
 24 OmyAC19ROGR    (1)    1 :  0.385 0.483 0.132 
 25 OmyAC19ROGR    (0)    1 :  0.272 0.171 0.557 
 26 OmyAC19ROGR    (0)    1 :  0.425 0.305 0.270 
 27 OmyAC19ROGR    (2)    1 :  0.486 0.345 0.169 
 28 OmyAC19ROGR    (0)    1 :  0.264 0.543 0.193 
 29 OmyAC19ROGR    (0)    1 :  0.204 0.556 0.239 
 30 OmyAC19ROGR    (0)    1 :  0.176 0.266 0.558 
 31 OmyAC19ROGR    (0)    1 :  0.510 0.293 0.197 
 32 OmyAC19ROGR    (0)    1 :  0.200 0.473 0.327 
 33 OmyAC19ROGR    (0)    1 :  0.359 0.398 0.243 
 34 OmyAC19ROGR    (0)    1 :  0.215 0.207 0.578 
 35 OmyAC19ROGR    (0)    1 :  0.270 0.526 0.204 
 36 OmyAC19ROGR    (0)    1 :  0.618 0.221 0.160 
 37 OmyAC19ROGR    (0)    1 :  0.509 0.130 0.361 
 38 OmyAC19ROGR    (0)    1 :  0.199 0.144 0.657 
 39 OmyAC19ROGR    (0)    1 :  0.136 0.663 0.202 
 40 OmyAC19ROGR    (0)    1 :  0.167 0.331 0.502 
 41 OmyAC19ROGR    (0)    1 :  0.245 0.581 0.174 
 42 OmyAC19ROGR    (0)    1 :  0.110 0.130 0.761 
 43 OmyAC19ROGR    (0)    1 :  0.166 0.661 0.173 
 44 OmyAC19ROGR    (8)    1 :  0.398 0.447 0.155 
 45 OmyAC19ROGR    (2)    1 :  0.306 0.183 0.511 
 46 OmyAC19ROGR    (0)    1 :  0.476 0.285 0.239 
 47 OmyAC19ROGR    (0)    1 :  0.714 0.169 0.117 
 48 OmyAC19ROGR    (0)    1 :  0.305 0.585 0.110 
 49 OmyAC19ROGR    (0)    1 :  0.462 0.398 0.140 
 50 OmyAC19ROGR    (0)    1 :  0.128 0.761 0.111 
 51 OmyAC19ROGR    (2)    1 :  0.127 0.122 0.751 
 52 OmyAC19ROGR    (0)    1 :  0.101 0.116 0.783 
 53 OmyAC19ROGR    (1)    1 :  0.622 0.253 0.126 
 54 OmyAC19ROGR    (0)    1 :  0.275 0.512 0.212 
 55 OmyAC19ROGR    (4)    1 :  0.507 0.292 0.201 
 56 OmyAC19ROGR    (0)    1 :  0.451 0.186 0.363 
 57 OmyAC19ROGR    (0)    1 :  0.833 0.089 0.078 
 58 OmyAC19ROGR    (0)    1 :  0.305 0.085 0.610 
 59 OmyAC19ROGR    (0)    1 :  0.641 0.239 0.120 
 60 OmyAC19ROGR    (0)    1 :  0.553 0.167 0.280 
 61 OmyAC19ROGR    (0)    1 :  0.233 0.549 0.218 
 62 OmyAC19ROGR    (0)    1 :  0.433 0.361 0.207 
 63 OmyAC19ROGR    (0)    1 :  0.349 0.309 0.342 
 64 OmyAC19ROGR    (2)    1 :  0.177 0.620 0.203 
 65 OmyAC19ROGR    (0)    1 :  0.450 0.422 0.128 
 66 OmyAC19ROGR    (5)    1 :  0.337 0.230 0.433 
 67 OmyAC19ROGR    (0)    1 :  0.681 0.192 0.127 
 68 OmyAC19ROGR    (1)    1 :  0.301 0.350 0.348 
 69 OmyAC19ROGR    (3)    1 :  0.416 0.273 0.311 
 70 OmyAC19ROGR    (0)    1 :  0.206 0.688 0.106 
 71 OmyAC19ROGR    (0)    1 :  0.560 0.257 0.183 
 72 OmyAC19ROGR    (5)    1 :  0.391 0.466 0.144 
 73 OmyAC19ROGR    (0)    1 :  0.238 0.427 0.335 
 74 OmyAC19ROGR    (0)    1 :  0.197 0.605 0.197 
 75 OmyAC19ROGR    (0)    1 :  0.270 0.426 0.303 
 76 OmyAC19ROGR    (0)    1 :  0.283 0.545 0.172 
 77 OmyAC19ROGR    (1)    1 :  0.048 0.056 0.896 
 78 OmyAC19ROGR    (0)    1 :  0.141 0.754 0.105 
 79 OmyAC19ROGR    (3)    1 :  0.245 0.555 0.200 
 80 OmyAC19ROGR    (0)    1 :  0.112 0.113 0.774 
 81 OmyAC19ROGR    (3)    1 :  0.224 0.325 0.451 
 82 OmyAC19ROGR    (1)    1 :  0.792 0.150 0.058 
 83 OmyAC19ROGR    (0)    1 :  0.339 0.517 0.144 
 84 OmyAC19ROGR    (0)    1 :  0.493 0.279 0.228 
 85 OmyAC19ROGR    (7)    1 :  0.350 0.479 0.171 
 86 OmyAC19ROGR    (0)    1 :  0.239 0.531 0.230 
 87 OmyAC19ROGR    (0)    1 :  0.368 0.492 0.141 
 88 OmyJC19ROGR    (0)    2 :  0.069 0.107 0.825 
 89 OmyJC19ROGR    (0)    2 :  0.387 0.423 0.190 
 90 OmyJC19ROGR    (0)    2 :  0.056 0.080 0.864 
 91 OmyJC19ROGR    (0)    2 :  0.612 0.335 0.052 
 92 OmyJC19ROGR    (0)    2 :  0.207 0.613 0.180 
 93 OmyJC19ROGR    (0)    2 :  0.319 0.520 0.161 
 94 OmyJC19ROGR    (0)    2 :  0.145 0.584 0.271 
 95 OmyJC19ROGR    (0)    2 :  0.280 0.394 0.326 
 96 OmyJC19ROGR    (0)    2 :  0.311 0.322 0.367 
 97 OmyJC19ROGR    (0)    2 :  0.282 0.267 0.451 
 98 OmyJC19ROGR    (0)    2 :  0.515 0.336 0.149 
 99 OmyJC19ROGR    (0)    2 :  0.530 0.306 0.164 
100 OmyJC19ROGR    (0)    2 :  0.518 0.352 0.130 
101 OmyJC19ROGR    (1)    2 :  0.210 0.190 0.600 
102 OmyJC19ROGR    (0)    2 :  0.424 0.325 0.250 
103 OmyJC19ROGR    (0)    2 :  0.254 0.298 0.449 
104 OmyJC19ROGR    (0)    2 :  0.625 0.279 0.096 
105 OmyJC19ROGR    (0)    2 :  0.301 0.272 0.427 
106 OmyJC19ROGR    (0)    2 :  0.068 0.085 0.846 
107 OmyJC19ROGR    (0)    2 :  0.496 0.139 0.365 
108 OmyJC19ROGR    (0)    2 :  0.299 0.465 0.236 
109 OmyJC19ROGR    (0)    2 :  0.363 0.321 0.316 
110 OmyJC19ROGR    (0)    2 :  0.195 0.206 0.599 
111 OmyJC19ROGR    (0)    2 :  0.697 0.149 0.154 
112 OmyJC19ROGR    (2)    2 :  0.371 0.248 0.382 
113 OmyJC19ROGR    (0)    2 :  0.164 0.222 0.614 
114 OmyJC19ROGR    (5)    2 :  0.201 0.654 0.144 
115 OmyJC19ROGR    (0)    2 :  0.214 0.667 0.120 
116 OmyJC19ROGR    (0)    2 :  0.176 0.559 0.265 
117 OmyJC19ROGR    (0)    2 :  0.342 0.388 0.270 
118 OmyJC19ROGR    (0)    2 :  0.443 0.463 0.094 
119 OmyJC19ROGR    (2)    2 :  0.280 0.596 0.124 
120 OmyJC19ROGR    (0)    2 :  0.635 0.272 0.093 
121 OmyJC19ROGR    (0)    2 :  0.693 0.212 0.095 
122 OmyJC19ROGR    (0)    2 :  0.349 0.473 0.178 
123 OmyJC19ROGR    (1)    2 :  0.383 0.542 0.074 
124 OmyJC19ROGR    (0)    2 :  0.176 0.486 0.338 
125 OmyJC19ROGR    (0)    2 :  0.295 0.470 0.234 
126 OmyJC19ROGR    (0)    2 :  0.075 0.170 0.755 
127 OmyJC19ROGR    (0)    2 :  0.575 0.304 0.121 
128 OmyJC19ROGR    (1)    2 :  0.388 0.488 0.124 
129 OmyJC19ROGR    (0)    2 :  0.134 0.460 0.406 
130 OmyJC19ROGR    (2)    2 :  0.116 0.651 0.233 
131 OmyJC19ROGR    (0)    2 :  0.580 0.226 0.194 
132 OmyJC19ROGR    (0)    2 :  0.334 0.456 0.210 
133 OmyJC19ROGR    (0)    2 :  0.345 0.560 0.095 
134 OmyJC19ROGR    (0)    2 :  0.439 0.409 0.151 
135 OmyJC19ROGR    (0)    2 :  0.653 0.163 0.183 
136 OmyJC19ROGR    (4)    2 :  0.289 0.483 0.228 
137 OmyJC19ROGR    (0)    2 :  0.362 0.296 0.342 
138 OmyJC19ROGR    (0)    2 :  0.201 0.118 0.681 
139 OmyJC19ROGR    (3)    2 :  0.530 0.367 0.103 
140 OmyJC19ROGR    (1)    2 :  0.216 0.509 0.274 
141 OmyJC19ROGR    (0)    2 :  0.181 0.490 0.329 
142 OmyJC19ROGR    (0)    2 :  0.249 0.204 0.547 
143 OmyJC19ROGR    (0)    2 :  0.280 0.415 0.305 
144 OmyJC19ROGR    (0)    2 :  0.682 0.241 0.077 
145 OmyJC19ROGR    (0)    2 :  0.376 0.497 0.127 
146 OmyJC19ROGR    (1)    2 :  0.484 0.290 0.225 
147 OmyJC19ROGR    (0)    2 :  0.489 0.146 0.365 
148 OmyJC19ROGR    (0)    2 :  0.712 0.140 0.148 
149 OmyJC19ROGR    (0)    2 :  0.527 0.335 0.137 
150 OmyJC19ROGR    (1)    2 :  0.249 0.552 0.200 
151 OmyJC19ROGR    (0)    2 :  0.178 0.556 0.265 
152 OmyJC19ROGR    (0)    2 :  0.610 0.244 0.145 
153 OmyJC19ROGR    (0)    2 :  0.629 0.159 0.212 
154 OmyJC19ROGR    (0)    2 :  0.507 0.276 0.217 
155 OmyJC19ROGR    (0)    2 :  0.197 0.627 0.175 
156 OmyJC19ROGR    (0)    2 :  0.410 0.364 0.225 
157 OmyJC19ROGR    (0)    2 :  0.210 0.403 0.387 
158 OmyJC19ROGR    (0)    2 :  0.585 0.357 0.058 
159 OmyJC19ROGR    (0)    2 :  0.323 0.547 0.130 
160 OmyJC19ROGR    (0)    2 :  0.365 0.364 0.271 
161 OmyJC19ROGR    (1)    2 :  0.739 0.164 0.097 
162 OmyJC19ROGR    (0)    2 :  0.353 0.228 0.419 
163 OmyJC19ROGR    (0)    2 :  0.567 0.197 0.236 
164 OmyJC19ROGR    (0)    2 :  0.597 0.324 0.079 
165 OmyJC19ROGR    (0)    2 :  0.519 0.387 0.095 
166 OmyJC19ROGR    (0)    2 :  0.219 0.597 0.184 
167 OmyJC19ROGR    (0)    2 :  0.425 0.288 0.288 
168 OmyJC19ROGR    (0)    2 :  0.257 0.527 0.216 
169 OmyJC19ROGR    (0)    2 :  0.053 0.084 0.863 
170 OmyJC19ROGR    (0)    2 :  0.341 0.416 0.244 
171 OmyJC19ROGR    (0)    2 :  0.345 0.513 0.142 
172 OmyJC19ROGR    (0)    2 :  0.391 0.161 0.448 
173 OmyJC19ROGR    (0)    2 :  0.087 0.096 0.816 
174 OmyJC19ROGR    (0)    2 :  0.237 0.643 0.120 
175 OmyJC19ROGR    (0)    2 :  0.258 0.626 0.116 
176 OmyJC19ROGR    (0)    2 :  0.414 0.216 0.370 
177 OmyJC19ROGR    (0)    2 :  0.809 0.123 0.068 
178 OmyJC19ROGR    (0)    2 :  0.312 0.535 0.153 
179 OmyJC19ROGR    (0)    2 :  0.276 0.573 0.151 
180 OmyJC19ROGR    (0)    2 :  0.096 0.091 0.812 
181 OmyJC19ROGR    (0)    2 :  0.199 0.563 0.238 
182 OmyJC19ROGR    (0)    2 :  0.535 0.264 0.202 
183 OmyJC19ROGR    (0)    2 :  0.531 0.308 0.161 
184 OmyJC19ROGR    (0)    2 :  0.168 0.104 0.728 
185 OmyJC19ROGR    (0)    2 :  0.235 0.698 0.067 
186 OmyJC19ROGR    (0)    2 :  0.286 0.274 0.439 
187 OmyJC19ROGR    (0)    2 :  0.186 0.660 0.153 
188 OmyJC19ROGR    (0)    2 :  0.382 0.486 0.132 
189 OmyJC19ROGR    (0)    2 :  0.270 0.292 0.438 
190 OmyJC19ROGR    (0)    2 :  0.521 0.248 0.231 
191 OmyJC19ROGR    (0)    2 :  0.345 0.473 0.182 
192 OmyJC19ROGR    (0)    2 :  0.257 0.644 0.099 
193 OmyJC19ROGR    (0)    2 :  0.466 0.157 0.378 
194 OmyJC19ROGR    (0)    2 :  0.670 0.249 0.081 
195 OmyJC19ROGR    (0)    2 :  0.077 0.152 0.771 
196 OmyJC19ROGR    (0)    2 :  0.112 0.760 0.128 
197 OmyJC19ROGR    (0)    2 :  0.399 0.449 0.152 
198 OmyJC19ROGR    (0)    2 :  0.113 0.085 0.803 
199 OmyJC19ROGR    (0)    2 :  0.526 0.379 0.096 
200 OmyJC19ROGR    (0)    2 :  0.319 0.329 0.352 
201 OmyJC19ROGR    (0)    2 :  0.591 0.319 0.090 
202 OmyJC19ROGR    (0)    2 :  0.622 0.288 0.090 
203 OmyJC19ROGR    (0)    2 :  0.341 0.535 0.124 
204 OmyJC19ROGR    (0)    2 :  0.360 0.397 0.243 
205 OmyJC19ROGR    (0)    2 :  0.398 0.288 0.314 
206 OmyJC19ROGR    (0)    2 :  0.057 0.071 0.872 
207 OmyJC19ROGR    (0)    2 :  0.310 0.177 0.513 
208 OmyJC19ROGR    (0)    2 :  0.410 0.424 0.165 
209 OmyJC19ROGR    (0)    2 :  0.287 0.232 0.481 
210 OmyJC19ROGR    (0)    2 :  0.055 0.093 0.852 
211 OmyJC19ROGR    (0)    2 :  0.458 0.261 0.280 
212 OmyJC19ROGR    (1)    2 :  0.527 0.115 0.359 
213 OmyJC19ROGR    (1)    2 :  0.185 0.579 0.237 
214 OmyJC19ROGR    (0)    2 :  0.489 0.210 0.301 
215 OmyJC19ROGR    (0)    2 :  0.357 0.549 0.094 
216 OmyJC19ROGR    (0)    2 :  0.276 0.165 0.558 
217 OmyJC19ROGR    (0)    2 :  0.160 0.189 0.652 
218 OmyJC19ROGR    (0)    2 :  0.288 0.521 0.192 
219 OmyJC19ROGR    (0)    2 :  0.370 0.223 0.408 
220 OmyJC19ROGR    (0)    2 :  0.703 0.241 0.055 
221 OmyJC19ROGR    (0)    2 :  0.513 0.181 0.307 
222 OmyJC19ROGR    (0)    2 :  0.368 0.515 0.118 
223 OmyJC19ROGR    (0)    2 :  0.436 0.286 0.278 
224 OmyJC19ROGR    (1)    2 :  0.275 0.521 0.204 
225 OmyJC19ROGR    (0)    2 :  0.182 0.070 0.748 
226 OmyJC19ROGR    (0)    2 :  0.095 0.425 0.480 
227 OmyJC19ROGR    (0)    2 :  0.072 0.082 0.846 
228 OmyJC19ROGR    (0)    2 :  0.457 0.406 0.138 
229 OmyJC19ROGR    (0)    2 :  0.417 0.460 0.123 
230 OmyJC19ROGR    (0)    2 :  0.363 0.269 0.367 
231 OmyJC19ROGR    (0)    2 :  0.450 0.255 0.295 
232 OmyJC19ROGR    (2)    2 :  0.463 0.279 0.258 
233 OmyJC19ROGR    (0)    2 :  0.375 0.251 0.374 
234 OmyJC19ROGR    (0)    2 :  0.065 0.073 0.862 
235 OmyJC19ROGR    (0)    2 :  0.146 0.139 0.714 
236 OmyJC19ROGR    (0)    2 :  0.738 0.144 0.119 
237 OmyJC19ROGR    (0)    2 :  0.550 0.211 0.240 
238 OmyJC19ROGR    (0)    2 :  0.661 0.149 0.190 
239 OmyJC19ROGR    (0)    2 :  0.373 0.469 0.159 
240 OmyJC19ROGR    (0)    2 :  0.289 0.511 0.201 
241 OmyJC19ROGR    (0)    2 :  0.189 0.389 0.422 
242 OmyJC19ROGR    (0)    2 :  0.705 0.222 0.073 
243 OmyJC19ROGR    (0)    2 :  0.453 0.390 0.157 
244 OmyJC19ROGR    (0)    2 :  0.328 0.513 0.158 
245 OmyJC19ROGR    (0)    2 :  0.062 0.074 0.864 
246 OmyJC19ROGR    (0)    2 :  0.402 0.266 0.332 
247 OmyJC19ROGR    (0)    2 :  0.142 0.159 0.699 
248 OmyJC19ROGR    (0)    2 :  0.138 0.360 0.503 
249 OmyJC19ROGR    (0)    2 :  0.180 0.578 0.242 
250 OmyJC19ROGR    (0)    2 :  0.228 0.514 0.259 
251 OmyJC19ROGR    (0)    2 :  0.196 0.603 0.201 
252 OmyJC19ROGR    (0)    2 :  0.454 0.316 0.230 
253 OmyJC19ROGR    (0)    2 :  0.140 0.604 0.256 
254 OmyJC19ROGR    (0)    2 :  0.201 0.507 0.292 
255 OmyJC19ROGR    (0)    2 :  0.426 0.384 0.190 
256 OmyJC19ROGR    (0)    2 :  0.305 0.365 0.330 
257 OmyJC19ROGR    (0)    2 :  0.179 0.580 0.241 
258 OmyAC19ROGR    (0)    1 :  0.346 0.394 0.260 
259 OmyAC19ROGR    (0)    1 :  0.247 0.208 0.545 
260 OmyAC19ROGR    (0)    1 :  0.144 0.676 0.180 
261 OmyAC19ROGR    (0)    1 :  0.128 0.601 0.271 
262 OmyAC19ROGR    (0)    1 :  0.144 0.580 0.276 
263 OmyAC19ROGR    (0)    1 :  0.490 0.288 0.222 
264 OmyAC19ROGR    (0)    1 :  0.244 0.559 0.197 
265 OmyAC19ROGR    (0)    1 :  0.249 0.586 0.166 
266 OmyAC19ROGR    (0)    1 :  0.200 0.703 0.097 
267 OmyAC19ROGR    (0)    1 :  0.151 0.436 0.413 
268 OmyAC19ROGR    (0)    1 :  0.392 0.302 0.305 
269 OmyAC19ROGR    (1)    1 :  0.177 0.473 0.350 
270 OmyAC19ROGR    (0)    1 :  0.187 0.648 0.164 
271 OmyAC19ROGR    (0)    1 :  0.188 0.281 0.531 
272 OmyAC19ROGR    (0)    1 :  0.289 0.357 0.354 
273 OmyAC19ROGR    (0)    1 :  0.337 0.559 0.104 
274 OmyAC19ROGR    (0)    1 :  0.122 0.205 0.673 
275 OmyAC19ROGR    (0)    1 :  0.638 0.149 0.213 
276 OmyAC19ROGR    (0)    1 :  0.363 0.406 0.231 
277 OmyAC19ROGR    (0)    1 :  0.247 0.394 0.359 
278 OmyAC19ROGR    (0)    1 :  0.422 0.168 0.409 
279 OmyAC19ROGR    (0)    1 :  0.434 0.206 0.360 
280 OmyAC19ROGR    (0)    1 :  0.200 0.431 0.369 
281 OmyAC19ROGR    (0)    1 :  0.299 0.508 0.193 
282 OmyAC19ROGR    (0)    1 :  0.232 0.419 0.349 
283 OmyAC19ROGR    (0)    1 :  0.401 0.320 0.279 
284 OmyAC19ROGR    (0)    1 :  0.351 0.509 0.141 
285 OmyAC19ROGR    (0)    1 :  0.361 0.469 0.170 
286 OmyAC19ROGR    (0)    1 :  0.372 0.508 0.120 
287 OmyAC19ROGR    (0)    1 :  0.037 0.057 0.906 
288 OmyAC19ROGR    (0)    1 :  0.306 0.071 0.623 
289 OmyAC19ROGR    (0)    1 :  0.285 0.444 0.271 
290 OmyAC19ROGR    (1)    1 :  0.061 0.051 0.889 
291 OmyAC19ROGR    (0)    1 :  0.189 0.277 0.534 
292 OmyAC19ROGR    (0)    1 :  0.256 0.440 0.304 
293 OmyAC19ROGR    (0)    1 :  0.584 0.236 0.181 
294 OmyAC19ROGR    (0)    1 :  0.119 0.428 0.453 
295 OmyAC19ROGR    (0)    1 :  0.110 0.784 0.106 
296 OmyAC19ROGR    (0)    1 :  0.585 0.280 0.135 
297 OmyAC19ROGR    (0)    1 :  0.093 0.254 0.654 
298 OmyAC19ROGR    (0)    1 :  0.432 0.393 0.175 
299 OmyAC19ROGR    (0)    1 :  0.309 0.326 0.365 
300 OmyAC19ROGR    (0)    1 :  0.346 0.435 0.219 
301 OmyAC19ROGR    (0)    1 :  0.078 0.104 0.817 
302 OmyAC19ROGR    (0)    1 :  0.210 0.166 0.624 
303 OmyAC19ROGR    (0)    1 :  0.242 0.513 0.246 
304 OmyAC19ROGR    (0)    1 :  0.429 0.153 0.418 
305 OmyAC19ROGR    (0)    1 :  0.374 0.444 0.182 
306 OmyAC19ROGR    (0)    1 :  0.102 0.297 0.601 
307 OmyAC19ROGR    (1)    1 :  0.381 0.487 0.131 
308 OmyAC19ROGR    (0)    1 :  0.199 0.514 0.287 
309 OmyAC19ROGR    (0)    1 :  0.072 0.163 0.765 
310 OmyAC19ROGR    (0)    1 :  0.180 0.376 0.444 
311 OmyAC19ROGR    (0)    1 :  0.140 0.199 0.661 
312 OmyAC19ROGR    (0)    1 :  0.261 0.541 0.198 
313 OmyAC19ROGR    (0)    1 :  0.501 0.293 0.206 
314 OmyAC19ROGR    (0)    1 :  0.412 0.292 0.295 
315 OmyAC19ROGR    (0)    1 :  0.164 0.529 0.307 
316 OmyAC19ROGR    (0)    1 :  0.120 0.762 0.118 
317 OmyAC19ROGR    (0)    1 :  0.672 0.204 0.124 
318 OmyAC19ROGR    (0)    1 :  0.566 0.348 0.086 
319 OmyAC19ROGR    (0)    1 :  0.474 0.442 0.083 
320 OmyAC19ROGR    (0)    1 :  0.520 0.403 0.077 
321 OmyAC19ROGR    (0)    1 :  0.280 0.599 0.121 
322 OmyAC19ROGR    (0)    1 :  0.144 0.343 0.513 
323 OmyAC19ROGR    (0)    1 :  0.323 0.464 0.213 
324 OmyAC19ROGR    (0)    1 :  0.233 0.650 0.117 
325 OmyAC19ROGR    (0)    1 :  0.179 0.440 0.382 
326 OmyAC19ROGR    (0)    1 :  0.216 0.622 0.162 
327 OmyAC19ROGR    (0)    1 :  0.209 0.656 0.134 
328 OmyAC20ROGR    (0)    1 :  0.490 0.364 0.146 
329 OmyAC20ROGR    (0)    1 :  0.389 0.292 0.319 
330 OmyAC20ROGR    (0)    1 :  0.369 0.288 0.342 
331 OmyAC20ROGR    (0)    1 :  0.161 0.191 0.648 
332 OmyAC20ROGR    (0)    1 :  0.232 0.383 0.384 
333 OmyAC20ROGR    (0)    1 :  0.158 0.440 0.402 
334 OmyAC20ROGR    (0)    1 :  0.248 0.513 0.239 
335 OmyAC20ROGR    (0)    1 :  0.220 0.660 0.120 
336 OmyAC20ROGR    (0)    1 :  0.252 0.407 0.341 
337 OmyAC20ROGR    (0)    1 :  0.224 0.190 0.586 
338 OmyAC20ROGR    (0)    1 :  0.149 0.602 0.248 
339 OmyAC20ROGR    (0)    1 :  0.360 0.408 0.232 
340 OmyAC20ROGR    (0)    1 :  0.297 0.482 0.221 
341 OmyAC20ROGR    (0)    1 :  0.530 0.288 0.182 
342 OmyAC20ROGR    (0)    1 :  0.373 0.262 0.365 
343 OmyAC20ROGR    (0)    1 :  0.619 0.220 0.161 
344 OmyAC20ROGR    (0)    1 :  0.288 0.257 0.455 
345 OmyAC20ROGR    (1)    1 :  0.084 0.603 0.313 
346 OmyAC20ROGR    (0)    1 :  0.161 0.437 0.402 
347 OmyAC20ROGR    (0)    1 :  0.322 0.249 0.430 
348 OmyAC20ROGR    (0)    1 :  0.440 0.245 0.314 
349 OmyAC20ROGR    (0)    1 :  0.543 0.321 0.136 
350 OmyAC20ROGR    (0)    1 :  0.676 0.127 0.197 
351 OmyAC20ROGR    (0)    1 :  0.259 0.517 0.225 
352 OmyAC20ROGR    (0)    1 :  0.326 0.511 0.163 
353 OmyAC20ROGR    (0)    1 :  0.221 0.523 0.256 
354 OmyAC20ROGR    (0)    1 :  0.335 0.193 0.472 
355 OmyAC20ROGR    (0)    1 :  0.613 0.129 0.258 
356 OmyAC20ROGR    (0)    1 :  0.228 0.352 0.419 
357 OmyAC20ROGR    (0)    1 :  0.357 0.450 0.193 
358 OmyAC20ROGR    (0)    1 :  0.339 0.513 0.148 
359 OmyAC20ROGR    (0)    1 :  0.279 0.204 0.517 
360 OmyAC20ROGR    (0)    1 :  0.195 0.445 0.360 
361 OmyAC20ROGR    (0)    1 :  0.585 0.294 0.121 
362 OmyAC20ROGR    (0)    1 :  0.246 0.454 0.300 
363 OmyAC20ROGR    (0)    1 :  0.345 0.143 0.512 
364 OmyAC20ROGR    (1)    1 :  0.372 0.428 0.200 
365 OmyAC20ROGR    (0)    1 :  0.262 0.620 0.117 
366 OmyAC20ROGR    (0)    1 :  0.180 0.733 0.087 
367 OmyAC20ROGR    (0)    1 :  0.177 0.618 0.205 
368 OmyAC20ROGR    (0)    1 :  0.283 0.559 0.158 
369 OmyAC20ROGR    (0)    1 :  0.349 0.200 0.450 
370 OmyAC20ROGR    (0)    1 :  0.107 0.186 0.707 
371 OmyAC20ROGR    (0)    1 :  0.110 0.113 0.776 
372 OmyAC20ROGR    (2)    1 :  0.077 0.092 0.831 
373 OmyAC20ROGR    (0)    1 :  0.207 0.115 0.678 
374 OmyAC20ROGR    (0)    1 :  0.342 0.562 0.096 
375 OmyAC20ROGR    (0)    1 :  0.297 0.414 0.290 
376 OmyAC20ROGR    (0)    1 :  0.322 0.315 0.364 
377 OmyAC20ROGR    (0)    1 :  0.404 0.478 0.118 
378 OmyAC20ROGR    (0)    1 :  0.458 0.434 0.108 
379 OmyAC20ROGR    (0)    1 :  0.204 0.224 0.572 
380 OmyAC20ROGR    (0)    1 :  0.139 0.754 0.107 
381 OmyAC20ROGR    (0)    1 :  0.297 0.388 0.315 
382 OmyAC20ROGR    (0)    1 :  0.084 0.097 0.820 
383 OmyAC20ROGR    (0)    1 :  0.100 0.637 0.263 
384 OmyAC20ROGR    (0)    1 :  0.217 0.255 0.528 
385 OmyAC20ROGR    (0)    1 :  0.317 0.299 0.384 
386 OmyAC20ROGR    (0)    1 :  0.140 0.433 0.428 
387 OmyAC20ROGR    (0)    1 :  0.118 0.324 0.559 
388 OmyAC20ROGR    (0)    1 :  0.205 0.213 0.582 
389 OmyAC20ROGR    (0)    1 :  0.190 0.627 0.183 
390 OmyAC20ROGR    (0)    1 :  0.777 0.157 0.066 
391 OmyAC20ROGR    (0)    1 :  0.234 0.121 0.645 
392 OmyAC20ROGR    (0)    1 :  0.260 0.211 0.529 
393 OmyAC20ROGR    (0)    1 :  0.405 0.329 0.266 
394 OmyAC20ROGR    (0)    1 :  0.330 0.318 0.353 
395 OmyAC20ROGR    (0)    1 :  0.444 0.323 0.234 
396 OmyAC20ROGR    (0)    1 :  0.342 0.409 0.249 
397 OmyAC20ROGR    (0)    1 :  0.145 0.480 0.376 
398 OmyAC20ROGR    (0)    1 :  0.120 0.234 0.646 
399 OmyAC20ROGR    (0)    1 :  0.122 0.511 0.366 
400 OmyAC20ROGR    (0)    1 :  0.142 0.586 0.272 
401 OmyAC20ROGR    (0)    1 :  0.162 0.106 0.732 
402 OmyAC20ROGR    (0)    1 :  0.697 0.232 0.071 
403 OmyAC20ROGR    (0)    1 :  0.294 0.422 0.285 
404 OmyAC20ROGR    (0)    1 :  0.392 0.524 0.084 
405 OmyAC20ROGR    (0)    1 :  0.292 0.192 0.516 
406 OmyAC20ROGR    (0)    1 :  0.435 0.391 0.174 
407 OmyAC20ROGR    (0)    1 :  0.123 0.715 0.161 
408 OmyAC20ROGR    (0)    1 :  0.612 0.115 0.273 
409 OmyAC20ROGR    (0)    1 :  0.266 0.564 0.171 
410 OmyAC20ROGR    (0)    1 :  0.066 0.132 0.802 
411 OmyAC20ROGR    (0)    1 :  0.132 0.191 0.677 
412 OmyAC20ROGR    (0)    1 :  0.312 0.262 0.427 
413 OmyAC20ROGR    (0)    1 :  0.169 0.549 0.282 
414 OmyAC20ROGR    (0)    1 :  0.212 0.254 0.534 
415 OmyAC20ROGR    (0)    1 :  0.250 0.594 0.156 
416 OmyAC20ROGR    (0)    1 :  0.220 0.607 0.173 
417 OmyAC20ROGR    (0)    1 :  0.243 0.663 0.094 
418 OmyAC20ROGR    (0)    1 :  0.266 0.334 0.399 
419 OmyAC20ROGR    (0)    1 :  0.204 0.198 0.598 
420 OmyAC20ROGR    (0)    1 :  0.647 0.188 0.165 
421 OmyAC20ROGR    (0)    1 :  0.176 0.578 0.246 
422 OmyAC20ROGR    (0)    1 :  0.065 0.086 0.849 
423 OmyAC20ROGR    (0)    1 :  0.107 0.755 0.138 
424 OmyAC20ROGR    (0)    1 :  0.628 0.258 0.113 
425 OmyAC20ROGR    (0)    1 :  0.089 0.089 0.822 
426 OmyAC20ROGR    (0)    1 :  0.178 0.638 0.184 
427 OmyAC20ROGR    (0)    1 :  0.220 0.561 0.219 
428 OmyAC20ROGR    (0)    1 :  0.080 0.118 0.801 
429 OmyAC20ROGR    (0)    1 :  0.665 0.231 0.103 
430 OmyAC20ROGR    (0)    1 :  0.335 0.436 0.229 
431 OmyAC20ROGR    (0)    1 :  0.123 0.248 0.629 
432 OmyAC20ROGR    (0)    1 :  0.064 0.083 0.853 
433 OmyAC20ROGR    (0)    1 :  0.216 0.074 0.710 
434 OmyAC20ROGR    (0)    1 :  0.133 0.347 0.520 
435 OmyAC20ROGR    (0)    1 :  0.151 0.687 0.161 
436 OmyAC20ROGR    (0)    1 :  0.135 0.662 0.203 
437 OmyAC20ROGR    (0)    1 :  0.180 0.125 0.695 
438 OmyAC20ROGR    (0)    1 :  0.213 0.272 0.514 
439 OmyAC20ROGR    (0)    1 :  0.110 0.661 0.229 
440 OmyAC20ROGR    (0)    1 :  0.134 0.188 0.678 
441 OmyAC20ROGR    (0)    1 :  0.545 0.334 0.121 
442 OmyAC20ROGR    (0)    1 :  0.282 0.446 0.273 
443 OmyAC20ROGR    (0)    1 :  0.199 0.658 0.143 
444 OmyAC20ROGR    (0)    1 :  0.144 0.415 0.441 
445 OmyAC20ROGR    (0)    1 :  0.318 0.360 0.322 
446 OmyJC18ROGR    (0)    2 :  0.335 0.213 0.452 
447 OmyJC18ROGR    (0)    2 :  0.345 0.371 0.284 
448 OmyJC18ROGR    (0)    2 :  0.234 0.512 0.254 
449 OmyJC18ROGR    (0)    2 :  0.273 0.110 0.617 
450 OmyJC18ROGR    (0)    2 :  0.150 0.194 0.656 
451 OmyJC18ROGR    (0)    2 :  0.068 0.143 0.789 
452 OmyJC18ROGR    (0)    2 :  0.189 0.343 0.468 
453 OmyJC18ROGR    (0)    2 :  0.797 0.121 0.082 
454 OmyJC18ROGR    (0)    2 :  0.104 0.121 0.775 
455 OmyJC18ROGR    (0)    2 :  0.279 0.445 0.276 
456 OmyJC18ROGR    (0)    2 :  0.071 0.102 0.827 
457 OmyJC18ROGR    (0)    2 :  0.121 0.619 0.260 
458 OmyJC18ROGR    (0)    2 :  0.543 0.160 0.296 
459 OmyJC18ROGR    (1)    2 :  0.276 0.638 0.086 
460 OmyJC18ROGR    (2)    2 :  0.288 0.358 0.354 
461 OmyJC18ROGR    (2)    2 :  0.165 0.334 0.501 
462 OmyJC18ROGR    (3)    2 :  0.336 0.234 0.430 
463 OmyJC18ROGR    (0)    2 :  0.134 0.119 0.747 
464 OmyJC18ROGR    (4)    2 :  0.280 0.631 0.089 
465 OmyJC18ROGR    (3)    2 :  0.392 0.369 0.239 
466 OmyJC18ROGR    (0)    2 :  0.234 0.443 0.323 
467 OmyJC18ROGR    (0)    2 :  0.234 0.569 0.197 
468 OmyJC18ROGR    (0)    2 :  0.480 0.228 0.292 
469 OmyJC18ROGR    (0)    2 :  0.059 0.128 0.813 
470 OmyJC18ROGR    (5)    2 :  0.212 0.188 0.599 
471 OmyJC18ROGR    (1)    2 :  0.244 0.428 0.329 
472 OmyJC18ROGR    (2)    2 :  0.206 0.563 0.231 
473 OmyJC18ROGR    (3)    2 :  0.413 0.466 0.121 
474 OmyJC18ROGR    (0)    2 :  0.773 0.117 0.110 
475 OmyJC18ROGR    (2)    2 :  0.237 0.211 0.552 
476 OmyJC18ROGR    (1)    2 :  0.182 0.676 0.142 
477 OmyJC18ROGR    (4)    2 :  0.422 0.214 0.364 
478 OmyJC18ROGR    (0)    2 :  0.377 0.429 0.194 
479 OmyJC18ROGR    (0)    2 :  0.211 0.680 0.108 
480 OmyJC18ROGR    (1)    2 :  0.353 0.353 0.294 
481 OmyJC18ROGR    (3)    2 :  0.389 0.388 0.223 
482 OmyJC18ROGR    (3)    2 :  0.597 0.318 0.085 
483 OmyJC18ROGR    (4)    2 :  0.519 0.347 0.134 
484 OmyJC18ROGR    (4)    2 :  0.339 0.492 0.169 
485 OmyJC18ROGR    (3)    2 :  0.277 0.179 0.544 
486 OmyJC18ROGR    (3)    2 :  0.241 0.230 0.529 
487 OmyJC18ROGR    (1)    2 :  0.507 0.216 0.278 
488 OmyJC18ROGR    (5)    2 :  0.267 0.574 0.159 
489 OmyJC18ROGR    (0)    2 :  0.354 0.514 0.133 
490 OmyJC18ROGR    (3)    2 :  0.203 0.563 0.234 
491 OmyJC18ROGR    (7)    2 :  0.670 0.128 0.202 
492 OmyJC18ROGR    (6)    2 :  0.785 0.128 0.088 
493 OmyJC18ROGR    (3)    2 :  0.177 0.550 0.273 
494 OmyJC18ROGR    (3)    2 :  0.099 0.119 0.782 
495 OmyJC18ROGR    (5)    2 :  0.237 0.283 0.480 
496 OmyJC18ROGR    (0)    2 :  0.318 0.423 0.259 
497 OmyJC18ROGR    (5)    2 :  0.674 0.237 0.088 
498 OmyJC18ROGR    (6)    2 :  0.190 0.521 0.289 
499 OmyJC18ROGR    (0)    2 :  0.174 0.698 0.128 
500 OmyJC18ROGR    (1)    2 :  0.604 0.241 0.155 
501 OmyJC18ROGR    (4)    2 :  0.172 0.274 0.554 
502 OmyJC18ROGR    (2)    2 :  0.400 0.239 0.361 
503 OmyJC18ROGR    (5)    2 :  0.482 0.349 0.170 
504 OmyJC18ROGR    (2)    2 :  0.250 0.344 0.406 
505 OmyJC18ROGR    (0)    2 :  0.279 0.307 0.414 
506 OmyJC18ROGR    (8)    2 :  0.545 0.268 0.187 
507 OmyJC18ROGR    (0)    2 :  0.445 0.256 0.299 
508 OmyJC18ROGR    (0)    2 :  0.438 0.235 0.327 
509 OmyJC18ROGR    (1)    2 :  0.066 0.073 0.862 
510 OmyJC18ROGR    (1)    2 :  0.215 0.543 0.242 
511 OmyJC18ROGR    (5)    2 :  0.383 0.297 0.321 
512 OmyJC18ROGR    (2)    2 :  0.139 0.110 0.750 
513 OmyJC18ROGR    (9)    2 :  0.304 0.233 0.464 
514 OmyJC18ROGR    (4)    2 :  0.290 0.200 0.510 
515 OmyJC18ROGR    (1)    2 :  0.535 0.239 0.226 
516 OmyJC18ROGR    (3)    2 :  0.208 0.488 0.304 
517 OmyJC18ROGR    (3)    2 :  0.202 0.217 0.581 
518 OmyJC18ROGR    (0)    2 :  0.561 0.237 0.202 
519 OmyJC18ROGR    (9)    2 :  0.375 0.442 0.183 
520 OmyJC18ROGR    (6)    2 :  0.257 0.458 0.285 
521 OmyJC18ROGR    (2)    2 :  0.411 0.308 0.281 
522 OmyJC18ROGR    (1)    2 :  0.216 0.520 0.263 
523 OmyJC18ROGR    (4)    2 :  0.371 0.400 0.229 
524 OmyJC18ROGR    (0)    2 :  0.156 0.637 0.207 
525 OmyJC18ROGR    (2)    2 :  0.539 0.272 0.188 
526 OmyJC18ROGR    (3)    2 :  0.523 0.245 0.232 
527 OmyJC18ROGR    (0)    2 :  0.272 0.564 0.165 
528 OmyJC18ROGR    (0)    2 :  0.407 0.458 0.135 
529 OmyJC18ROGR    (1)    2 :  0.215 0.621 0.163 
530 OmyJC18ROGR    (0)    2 :  0.519 0.350 0.131 
531 OmyJC18ROGR    (0)    2 :  0.127 0.542 0.331 
532 OmyJC18ROGR    (2)    2 :  0.444 0.456 0.100 
533 OmyJC18ROGR    (2)    2 :  0.219 0.708 0.073 
534 OmyJC18ROGR    (2)    2 :  0.368 0.427 0.205 
535 OmyJC18ROGR    (0)    2 :  0.255 0.576 0.169 
536 OmyJC18ROGR    (0)    2 :  0.349 0.528 0.123 
537 OmyJC18ROGR    (0)    2 :  0.434 0.486 0.080 
538 OmyJC18ROGR    (0)    2 :  0.275 0.541 0.185 
539 OmyJC18ROGR    (0)    2 :  0.268 0.569 0.163 
540 OmyJC18ROGR    (8)    2 :  0.668 0.134 0.198 
541 OmyJC18ROGR    (1)    2 :  0.273 0.490 0.237 
542 OmyJC18ROGR    (1)    2 :  0.395 0.187 0.419 
543 OmyJC18ROGR    (0)    2 :  0.550 0.233 0.218 
544 OmyJC18ROGR    (2)    2 :  0.363 0.473 0.164 
545 OmyJC18ROGR    (1)    2 :  0.120 0.286 0.594 
546 OmyJC18ROGR    (9)    2 :  0.365 0.542 0.093 
547 OmyJC18ROGR    (0)    2 :  0.145 0.566 0.289 
548 OmyJC18ROGR    (0)    2 :  0.410 0.224 0.366 
549 OmyJC18ROGR    (0)    2 :  0.301 0.436 0.263 
550 OmyJC18ROGR    (1)    2 :  0.155 0.227 0.618 
551 OmyJC18ROGR    (1)    2 :  0.555 0.274 0.171 
552 OmyJC18ROGR    (2)    2 :  0.192 0.522 0.286 
553 OmyJC18ROGR   (10)    2 :  0.370 0.452 0.177 
554 OmyJC18ROGR    (2)    2 :  0.452 0.390 0.158 
555 OmyJC18ROGR    (4)    2 :  0.435 0.426 0.139 
556 OmyJC18ROGR    (0)    2 :  0.430 0.325 0.245 
557 OmyJC18ROGR    (2)    2 :  0.224 0.392 0.384 
558 OmyJC18ROGR    (0)    2 :  0.149 0.386 0.465 
559 OmyJC18ROGR    (0)    2 :  0.617 0.193 0.190 
560 OmyJC18ROGR    (8)    2 :  0.358 0.351 0.291 
561 OmyJC18ROGR    (0)    2 :  0.206 0.708 0.086 
562 OmyJC18ROGR    (8)    2 :  0.362 0.345 0.293 
563 OmyJC18ROGR    (2)    2 :  0.413 0.389 0.198 
564 OmyJC18ROGR    (4)    2 :  0.293 0.475 0.232 
565 OmyJC18ROGR    (3)    2 :  0.386 0.295 0.318 
566 OmyJC18ROGR    (1)    2 :  0.351 0.328 0.320 
567 OmyJC18ROGR    (0)    2 :  0.459 0.362 0.180 
568 OmyJC18ROGR    (5)    2 :  0.272 0.381 0.347 
569 OmyJC18ROGR    (2)    2 :  0.728 0.168 0.105 
570 OmyJC18ROGR    (0)    2 :  0.251 0.566 0.183 
571 OmyJC18ROGR    (2)    2 :  0.168 0.636 0.197 
572 OmyJC18ROGR    (6)    2 :  0.505 0.314 0.182 
573 OmyJC18ROGR    (5)    2 :  0.230 0.207 0.563 
574 OmyJC18ROGR    (8)    2 :  0.235 0.429 0.335 
575 OmyJC18ROGR    (3)    2 :  0.453 0.435 0.112 
576 OmyJC18ROGR    (0)    2 :  0.553 0.178 0.270 
577 OmyJC18ROGR    (0)    2 :  0.061 0.085 0.854 
578 OmyJC18ROGR    (1)    2 :  0.286 0.540 0.174 
579 OmyJC18ROGR    (0)    2 :  0.074 0.241 0.685 
580 OmyJC18ROGR    (0)    2 :  0.506 0.383 0.111 
581 OmyJC18ROGR    (6)    2 :  0.536 0.292 0.172 
582 OmyJC18ROGR    (7)    2 :  0.376 0.515 0.109 
583 OmyJC18ROGR    (3)    2 :  0.448 0.380 0.172 
584 OmyJC18ROGR    (5)    2 :  0.405 0.411 0.184 
585 OmyJC18ROGR    (1)    2 :  0.167 0.561 0.272 
586 OmyJC18ROGR    (2)    2 :  0.373 0.533 0.093 
587 OmyJC18ROGR    (0)    2 :  0.050 0.057 0.893 
588 OmyJC18ROGR    (0)    2 :  0.267 0.332 0.401 
589 OmyJC18ROGR    (1)    2 :  0.534 0.251 0.216 
590 OmyJC18ROGR    (2)    2 :  0.179 0.776 0.045 
591 OmyJC18ROGR    (0)    2 :  0.378 0.464 0.158 
592 OmyJC18ROGR    (4)    2 :  0.400 0.425 0.175 
593 OmyJC18ROGR    (0)    2 :  0.287 0.387 0.326 
594 OmyJC18ROGR    (1)    2 :  0.218 0.654 0.129 
595 OmyJC18ROGR    (0)    2 :  0.484 0.172 0.344 
596 OmyJC18ROGR    (0)    2 :  0.352 0.402 0.246 
597 OmyJC18ROGR    (0)    2 :  0.490 0.240 0.270 
598 OmyJC18ROGR    (0)    2 :  0.449 0.381 0.171 
599 OmyJC18ROGR    (0)    2 :  0.215 0.469 0.316 
600 OmyJC18ROGR    (0)    2 :  0.244 0.543 0.212 
601 OmyJC18ROGR    (0)    2 :  0.622 0.294 0.084 
602 OmyJC18ROGR    (0)    2 :  0.377 0.253 0.370 
603 OmyJC18ROGR    (0)    2 :  0.378 0.492 0.130 
604 OmyJC18ROGR    (0)    2 :  0.307 0.561 0.132 
605 OmyJC18ROGR    (0)    2 :  0.481 0.374 0.145 
606 OmyJC18ROGR    (0)    2 :  0.303 0.411 0.286 
607 OmyJC18ROGR    (0)    2 :  0.137 0.715 0.148 
608 OmyJC18ROGR    (0)    2 :  0.256 0.630 0.114 
609 OmyJC18ROGR    (0)    2 :  0.692 0.145 0.163 
610 OmyJC18ROGR    (6)    2 :  0.084 0.177 0.739 
611 OmyJC18ROGR    (0)    2 :  0.326 0.273 0.401 
612 OmyJC18ROGR    (3)    2 :  0.247 0.454 0.299 
613 OmyJC18ROGR    (0)    2 :  0.317 0.406 0.278 
614 OmyJC18ROGR    (0)    2 :  0.315 0.281 0.404 
615 OmyJC18ROGR    (0)    2 :  0.163 0.755 0.081 
616 OmyJC18ROGR    (0)    2 :  0.748 0.093 0.159 
617 OmyJC18ROGR    (0)    2 :  0.320 0.428 0.251 
618 OmyJC18ROGR    (0)    2 :  0.107 0.574 0.319 
619 OmyJC18ROGR    (0)    2 :  0.389 0.473 0.138 
620 OmyJC18ROGR    (0)    2 :  0.487 0.110 0.404 
621 OmyJC18ROGR    (2)    2 :  0.646 0.165 0.188 
622 OmyJC18ROGR    (3)    2 :  0.483 0.243 0.274 
623 OmyJC18ROGR    (1)    2 :  0.126 0.624 0.250 
624 OmyJC18ROGR    (2)    2 :  0.435 0.315 0.250 
625 OmyJC18ROGR    (1)    2 :  0.195 0.415 0.390 
626 OmyJC18ROGR    (9)    2 :  0.590 0.301 0.109 
627 OmyJC18ROGR    (0)    2 :  0.303 0.401 0.295 
628 OmyJC18ROGR    (0)    2 :  0.060 0.058 0.882 
629 OmyJC18ROGR    (2)    2 :  0.254 0.388 0.358 
630 OmyJC18ROGR    (1)    2 :  0.801 0.127 0.072 
631 OmyJC18ROGR    (4)    2 :  0.236 0.675 0.089 
632 OmyJC18ROGR    (0)    2 :  0.651 0.171 0.178 
633 OmyJC18ROGR    (7)    2 :  0.529 0.305 0.165 
634 OmyJC18ROGR    (2)    2 :  0.147 0.368 0.486 
635 OmyJC18ROGR    (0)    2 :  0.741 0.166 0.093 
636 OmyJC18ROGR    (0)    2 :  0.510 0.151 0.339 
637 OmyJC18ROGR    (0)    2 :  0.203 0.474 0.322 
638 OmyJC18ROGR    (0)    2 :  0.698 0.139 0.163 
639 OmyJC18ROGR    (1)    2 :  0.316 0.423 0.261 
640 OmyJC18ROGR    (2)    2 :  0.122 0.334 0.544 
641 OmyJC18ROGR    (1)    2 :  0.188 0.563 0.248 
642 OmyJC18ROGR    (3)    2 :  0.121 0.502 0.377 
643 OmyJC18ROGR    (1)    2 :  0.473 0.347 0.180 
644 OmyJC18ROGR   (10)    2 :  0.192 0.721 0.087 
645 OmyJC18ROGR    (6)    2 :  0.233 0.429 0.337 
646 OmyJC18ROGR    (0)    2 :  0.452 0.404 0.144 
647 OmyJC18ROGR    (2)    2 :  0.166 0.519 0.316 
648 OmyJC18ROGR    (0)    2 :  0.625 0.278 0.097 
649 OmyJC18ROGR    (0)    2 :  0.166 0.690 0.144 
650 OmyJC18ROGR    (1)    2 :  0.480 0.417 0.103 
651 OmyJC18ROGR    (6)    2 :  0.101 0.100 0.799 
652 OmyJC18ROGR    (1)    2 :  0.276 0.412 0.312 
653 OmyJC18ROGR    (4)    2 :  0.510 0.309 0.181 
654 OmyJC18ROGR    (1)    2 :  0.431 0.305 0.264 
655 OmyJC18ROGR    (4)    2 :  0.180 0.335 0.485 
656 OmyJC18ROGR    (0)    2 :  0.195 0.657 0.148 
657 OmyJC18ROGR    (0)    2 :  0.235 0.572 0.193 
658 OmyJC18ROGR    (0)    2 :  0.644 0.233 0.123 
659 OmyJC18ROGR    (7)    2 :  0.254 0.686 0.060 
660 OmyJC18ROGR    (4)    2 :  0.233 0.522 0.245 
661 OmyJC18ROGR    (3)    2 :  0.252 0.650 0.098 
662 OmyJC18ROGR    (2)    2 :  0.158 0.693 0.149 
663 OmyJC18ROGR    (2)    2 :  0.337 0.226 0.437 
664 OmyJC18ROGR    (0)    2 :  0.685 0.225 0.090 
665 OmyJC18ROGR    (1)    2 :  0.222 0.512 0.266 
666 OmyJC18ROGR    (0)    2 :  0.123 0.111 0.767 
667 OmyJC18ROGR    (0)    2 :  0.180 0.298 0.522 
668 OmyJC18ROGR    (1)    2 :  0.296 0.308 0.396 
669 OmyJC18ROGR    (5)    2 :  0.205 0.477 0.318 
670 OmyJC18ROGR   (10)    2 :  0.270 0.621 0.109 
671 OmyJC18ROGR    (3)    2 :  0.247 0.595 0.158 
672 OmyJC18ROGR    (0)    2 :  0.456 0.458 0.086 
673 OmyJC18ROGR    (6)    2 :  0.769 0.098 0.133 
674 OmyJC18ROGR    (0)    2 :  0.439 0.371 0.190 
675 OmyJC18ROGR    (0)    2 :  0.654 0.264 0.082 
676 OmyJC18ROGR    (1)    2 :  0.298 0.540 0.162 
677 OmyJC18ROGR    (4)    2 :  0.150 0.419 0.431 
678 OmyJC18ROGR    (9)    2 :  0.267 0.415 0.319 
679 OmyJC18ROGR    (1)    2 :  0.296 0.359 0.344 
680 OmyJC18ROGR    (1)    2 :  0.297 0.440 0.263 
681 OmyJC18ROGR    (1)    2 :  0.367 0.134 0.498 
682 OmyJC18ROGR    (2)    2 :  0.212 0.150 0.638 
683 OmyJC18ROGR    (0)    2 :  0.099 0.707 0.194 
684 OmyJC18ROGR    (0)    2 :  0.392 0.391 0.217 
685 OmyJC18ROGR    (0)    2 :  0.451 0.330 0.219 
686 OmyJC18ROGR    (0)    2 :  0.772 0.131 0.097 
687 OmyJC18ROGR    (4)    2 :  0.512 0.355 0.133 
688 OmyJC18ROGR    (2)    2 :  0.256 0.237 0.508 
689 OmyJC18ROGR    (2)    2 :  0.343 0.116 0.542 
690 OmyJC18ROGR    (6)    2 :  0.221 0.378 0.401 
691 OmyJC18ROGR    (7)    2 :  0.361 0.276 0.363 
692 OmyJC18ROGR    (0)    2 :  0.310 0.325 0.365 
693 OmyJC18ROGR    (3)    2 :  0.808 0.113 0.080 
694 OmyJC18ROGR    (0)    2 :  0.731 0.191 0.079 
695 OmyJC18ROGR    (0)    2 :  0.244 0.408 0.348 
696 OmyJC18ROGR    (0)    2 :  0.401 0.449 0.150 
697 OmyJC18ROGR    (3)    2 :  0.368 0.462 0.170 
698 OmyJC18ROGR    (0)    2 :  0.474 0.453 0.073 
699 OmyJC18ROGR    (0)    2 :  0.163 0.518 0.319 
700 OmyJC18ROGR    (0)    2 :  0.146 0.682 0.172 
701 OmyJC18ROGR    (0)    2 :  0.571 0.272 0.158 
702 OmyJC18ROGR    (1)    2 :  0.307 0.171 0.522 
703 OmyJC18ROGR    (0)    2 :  0.187 0.330 0.483 
704 OmyJC18ROGR    (0)    2 :  0.331 0.096 0.573 
705 OmyJC18ROGR    (0)    2 :  0.299 0.503 0.198 
706 OmyJC18ROGR    (0)    2 :  0.561 0.119 0.320 
707 OmyJC18ROGR    (2)    2 :  0.549 0.204 0.247 
708 OmyJC18ROGR    (1)    2 :  0.205 0.523 0.271 
709 OmyJC18ROGR    (0)    2 :  0.487 0.139 0.373 
710 OmyJC18ROGR    (0)    2 :  0.152 0.635 0.213 
711 OmyJC18ROGR    (0)    2 :  0.225 0.401 0.373 
712 OmyJC18ROGR    (1)    2 :  0.256 0.624 0.121 
713 OmyJC18ROGR    (0)    2 :  0.660 0.141 0.199 
714 OmyJC18ROGR    (0)    2 :  0.152 0.595 0.253 
715 OmyJC18ROGR    (0)    2 :  0.193 0.626 0.181 
716 OmyJC18ROGR    (0)    2 :  0.165 0.264 0.571 
717 OmyJC18ROGR    (2)    2 :  0.704 0.138 0.158 
718 OmyJC18ROGR    (1)    2 :  0.383 0.513 0.105 
719 OmyJC18ROGR    (9)    2 :  0.457 0.457 0.085 
720 OmyJC18ROGR    (4)    2 :  0.257 0.521 0.222 
721 OmyJC18ROGR    (2)    2 :  0.713 0.137 0.150 
722 OmyJC18ROGR    (0)    2 :  0.742 0.113 0.145 
723 OmyJC18ROGR    (0)    2 :  0.695 0.144 0.161 
724 OmyJC18ROGR    (0)    2 :  0.186 0.237 0.576 
725 OmyJC18ROGR    (0)    2 :  0.191 0.666 0.144 
726 OmyJC18ROGR    (0)    2 :  0.150 0.570 0.281 
727 OmyJC18ROGR    (1)    2 :  0.484 0.162 0.354 
728 OmyJC18ROGR    (1)    2 :  0.152 0.300 0.548 
729 OmyJC18ROGR    (1)    2 :  0.213 0.676 0.111 
730 OmyJC18ROGR    (0)    2 :  0.416 0.245 0.339 
731 OmyJC18ROGR    (2)    2 :  0.112 0.146 0.742 
732 OmyJC18ROGR    (1)    2 :  0.381 0.235 0.383 
733 OmyJC18ROGR    (0)    2 :  0.777 0.112 0.111 
734 OmyJC18ROGR    (0)    2 :  0.152 0.750 0.098 
735 OmyJC18ROGR    (0)    2 :  0.406 0.446 0.148 
736 OmyJC18ROGR    (0)    2 :  0.238 0.519 0.243 
737 OmyJC18ROGR    (0)    2 :  0.450 0.187 0.363 
738 OmyJC18ROGR    (0)    2 :  0.253 0.303 0.444 
739 OmyJC18ROGR    (0)    2 :  0.236 0.330 0.434 
740 OmyJC18ROGR    (0)    2 :  0.254 0.660 0.086 
741 OmyJC18ROGR    (0)    2 :  0.431 0.239 0.330 
742 OmyJC18ROGR    (0)    2 :  0.203 0.672 0.124 
743 OmyJC18ROGR    (0)    2 :  0.182 0.682 0.136 
744 OmyJC18ROGR    (0)    2 :  0.394 0.485 0.121 
745 OmyJC18ROGR    (0)    2 :  0.608 0.286 0.106 
746 OmyJC18ROGR    (0)    2 :  0.200 0.302 0.498 
747 OmyJC18ROGR    (0)    2 :  0.087 0.130 0.783 
748 OmyJC18ROGR    (2)    2 :  0.250 0.381 0.369 
749 OmyJC18ROGR    (7)    2 :  0.483 0.246 0.271 
750 OmyJC18ROGR    (2)    2 :  0.190 0.536 0.275 
751 OmyJC18ROGR    (0)    2 :  0.115 0.562 0.323 
752 OmyJC18ROGR    (5)    2 :  0.749 0.163 0.089 
753 OmyJC18ROGR    (0)    2 :  0.338 0.577 0.085 
754 OmyJC18ROGR    (0)    2 :  0.508 0.372 0.120 
755 OmyJC18ROGR    (0)    2 :  0.792 0.121 0.087 
756 OmyJC18ROGR    (0)    2 :  0.444 0.179 0.377 
757 OmyJC18ROGR    (0)    2 :  0.397 0.332 0.270 
758 OmyJC18ROGR    (1)    2 :  0.184 0.602 0.214 
759 OmyJC18ROGR    (0)    2 :  0.429 0.206 0.366 
760 OmyJC18ROGR    (0)    2 :  0.237 0.285 0.478 
761 OmyJC18ROGR    (0)    2 :  0.259 0.689 0.051 
762 OmyJC18ROGR    (0)    2 :  0.737 0.192 0.072 
