%!PS-Adobe-3.0 EPSF-3.0 
% Graphical display of results from structure
% distruct by Noah Rosenberg, version 1.0 Nov 2002 
%                             version 1.1 Jun 2007 
% Command line arguments: distruct/distruct1.1 -K 4 -M 4 -N 1000 -p 1683599399/pop -i 1683599399/ind -o 1683599399/out.ps -b 1683599399/labels -c 1683599399/perm -d 1683599399/drawparams 
gsave

% Population Q values from the file: 1683599399/pop
% 4 clusters, 4 populations, 0 individuals
% Pop. code, number of individuals, membership coefficients
% 1	275	0.266	0.269	0.214	0.25	
% 2	643	0.252	0.254	0.258	0.235	
% 3	42	0.24	0.246	0.425	0.089	
% 4	40	0.314	0.283	0.311	0.091	


% Individual Q values from the file: 1683599399/ind
% Population code, individual label, membership coefficients
% 1	1	0.3718	0.0544	0.2014	0.3724	
% 1	2	0.3533	0.156	0.0773	0.4133	
% 1	3	0.3142	0.0983	0.3092	0.2782	
% 1	4	0.4962	0.0407	0.0801	0.383	
% 1	5	0.043	0.871	0.0407	0.0453	
% 1	6	0.1487	0.3831	0.3391	0.129	
% 1	7	0.1533	0.3377	0.3333	0.1757	
% 1	8	0.1503	0.0407	0.6273	0.1817	
% 1	9	0.1892	0.4717	0.1629	0.1762	
% 1	10	0.234	0.3983	0.0863	0.2813	
% 1	11	0.1727	0.0873	0.589	0.151	
% 1	12	0.3067	0.276	0.1477	0.2697	
% 1	13	0.1963	0.054	0.4613	0.2883	
% 1	14	0.1839	0.2408	0.3088	0.2665	
% 1	15	0.1834	0.4742	0.116	0.2264	
% 1	16	0.2476	0.1163	0.3759	0.2603	
% 1	17	0.3778	0.1817	0.0564	0.3841	
% 1	18	0.3644	0.0293	0.2252	0.3811	
% 1	19	0.0894	0.0787	0.7282	0.1037	
% 1	20	0.277	0.355	0.0563	0.3117	
% 1	21	0.2693	0.392	0.097	0.2417	
% 1	22	0.1444	0.108	0.6072	0.1404	
% 1	23	0.179	0.412	0.2327	0.1763	
% 1	24	0.3925	0.0603	0.2509	0.2963	
% 1	25	0.13	0.4888	0.2346	0.1466	
% 1	26	0.228	0.1507	0.372	0.2493	
% 1	27	0.2361	0.0847	0.3965	0.2828	
% 1	28	0.405	0.0927	0.1517	0.3507	
% 1	29	0.3773	0.1247	0.1077	0.3903	
% 1	30	0.1697	0.492	0.1667	0.1717	
% 1	31	0.288	0.102	0.3597	0.2503	
% 1	32	0.3357	0.211	0.1197	0.3337	
% 1	33	0.3935	0.1317	0.1601	0.3148	
% 1	34	0.1717	0.5047	0.1447	0.179	
% 1	35	0.4321	0.108	0.1274	0.3324	
% 1	36	0.1447	0.0787	0.6293	0.1473	
% 1	37	0.0916	0.2542	0.5575	0.0966	
% 1	38	0.1107	0.606	0.1697	0.1137	
% 1	39	0.3873	0.114	0.0827	0.416	
% 1	40	0.2386	0.4282	0.0943	0.2389	
% 1	41	0.4227	0.0789	0.1356	0.3628	
% 1	42	0.091	0.7517	0.075	0.0823	
% 1	43	0.429	0.0843	0.0873	0.3993	
% 1	44	0.4003	0.0727	0.2098	0.3172	
% 1	45	0.1633	0.4453	0.248	0.1433	
% 1	46	0.302	0.1323	0.301	0.2647	
% 1	47	0.1427	0.0584	0.6512	0.1477	
% 1	48	0.3411	0.0534	0.1927	0.4128	
% 1	49	0.2667	0.0747	0.2917	0.367	
% 1	50	0.4138	0.054	0.0604	0.4718	
% 1	51	0.0934	0.7365	0.0851	0.0851	
% 1	52	0.071	0.7922	0.0617	0.0751	
% 1	53	0.2399	0.062	0.4662	0.2319	
% 1	54	0.351	0.1187	0.156	0.3743	
% 1	55	0.257	0.1053	0.3737	0.264	
% 1	56	0.1547	0.2668	0.4155	0.1631	
% 1	57	0.0677	0.0423	0.8276	0.0624	
% 1	58	0.0607	0.584	0.2917	0.0637	
% 1	59	0.1889	0.0593	0.5729	0.1789	
% 1	60	0.1264	0.1644	0.5879	0.1214	
% 1	61	0.3123	0.1093	0.1223	0.456	
% 1	62	0.2498	0.1111	0.3499	0.2892	
% 1	63	0.2443	0.2482	0.2309	0.2766	
% 1	64	0.4009	0.107	0.0966	0.3955	
% 1	65	0.2987	0.067	0.3083	0.326	
% 1	66	0.2014	0.3158	0.2401	0.2428	
% 1	67	0.125	0.0627	0.653	0.1593	
% 1	68	0.2624	0.2351	0.2344	0.2681	
% 1	69	0.196	0.2117	0.3717	0.2207	
% 1	70	0.4413	0.061	0.0963	0.4013	
% 1	71	0.2452	0.0949	0.4064	0.2535	
% 1	72	0.3235	0.07	0.2842	0.3222	
% 1	73	0.3182	0.2256	0.121	0.3352	
% 1	74	0.4281	0.1127	0.1007	0.3584	
% 1	75	0.369	0.178	0.1227	0.3303	
% 1	76	0.3696	0.0923	0.1786	0.3595	
% 1	77	0.032	0.9114	0.028	0.0287	
% 1	78	0.3754	0.058	0.0763	0.4904	
% 1	79	0.3705	0.1156	0.137	0.3769	
% 1	80	0.0747	0.7666	0.0794	0.0794	
% 1	81	0.2263	0.346	0.1733	0.2543	
% 1	82	0.1297	0.0253	0.7299	0.115	
% 1	83	0.396	0.066	0.1887	0.3493	
% 1	84	0.2259	0.1226	0.4162	0.2353	
% 1	85	0.3718	0.0859	0.1799	0.3624	
% 1	86	0.346	0.1347	0.132	0.3873	
% 1	87	0.419	0.066	0.1751	0.3399	
% 2	88	0.0624	0.8272	0.0397	0.0707	
% 2	89	0.2488	0.1036	0.3541	0.2935	
% 2	90	0.059	0.8553	0.0343	0.0514	
% 2	91	0.2113	0.0253	0.4645	0.2989	
% 2	92	0.3551	0.091	0.127	0.4268	
% 2	93	0.4205	0.0793	0.1743	0.3259	
% 2	94	0.395	0.1717	0.0747	0.3587	
% 2	95	0.3408	0.2211	0.148	0.2901	
% 2	96	0.2638	0.2668	0.1907	0.2788	
% 2	97	0.2415	0.3608	0.1746	0.2232	
% 2	98	0.2948	0.079	0.3595	0.2668	
% 2	99	0.3048	0.089	0.3418	0.2644	
% 2	100	0.3	0.0637	0.369	0.2673	
% 2	101	0.1433	0.5415	0.1669	0.1483	
% 2	102	0.2538	0.1387	0.3284	0.2791	
% 2	103	0.2367	0.359	0.1727	0.2317	
% 2	104	0.2334	0.048	0.4698	0.2488	
% 2	105	0.2754	0.3044	0.2014	0.2187	
% 2	106	0.0553	0.857	0.039	0.0487	
% 2	107	0.1127	0.2537	0.531	0.1027	
% 2	108	0.4014	0.1146	0.1196	0.3644	
% 2	109	0.2411	0.1937	0.3021	0.2631	
% 2	110	0.1544	0.5515	0.1464	0.1477	
% 2	111	0.1224	0.0817	0.6614	0.1344	
% 2	112	0.2186	0.2546	0.3149	0.2119	
% 2	113	0.1564	0.5385	0.1057	0.1994	
% 2	114	0.4079	0.071	0.128	0.3932	
% 2	115	0.4767	0.06	0.095	0.3683	
% 2	116	0.3642	0.1506	0.1083	0.3769	
% 2	117	0.2891	0.1701	0.2194	0.3214	
% 2	118	0.3857	0.0443	0.196	0.374	
% 2	119	0.4112	0.062	0.141	0.3859	
% 2	120	0.1661	0.047	0.5999	0.1871	
% 2	121	0.1983	0.0467	0.5945	0.1606	
% 2	122	0.3372	0.106	0.2323	0.3246	
% 2	123	0.4003	0.0387	0.1953	0.3657	
% 2	124	0.3663	0.257	0.0927	0.284	
% 2	125	0.3604	0.1339	0.1512	0.3544	
% 2	126	0.1103	0.7431	0.0463	0.1003	
% 2	127	0.2233	0.0603	0.4599	0.2566	
% 2	128	0.349	0.0573	0.2277	0.366	
% 2	129	0.2695	0.3045	0.0876	0.3384	
% 2	130	0.3741	0.1574	0.0824	0.3861	
% 2	131	0.203	0.098	0.529	0.17	
% 2	132	0.4009	0.0984	0.1881	0.3125	
% 2	133	0.4457	0.0433	0.1503	0.3607	
% 2	134	0.2886	0.079	0.2732	0.3592	
% 2	135	0.1193	0.0933	0.6623	0.125	
% 2	136	0.365	0.1387	0.1583	0.338	
% 2	137	0.2397	0.2304	0.2774	0.2524	
% 2	138	0.0924	0.6592	0.1744	0.074	
% 2	139	0.2854	0.0497	0.3361	0.3288	
% 2	140	0.319	0.15	0.12	0.411	
% 2	141	0.3133	0.2067	0.1287	0.3513	
% 2	142	0.155	0.4903	0.2053	0.1493	
% 2	143	0.3977	0.1763	0.1217	0.3043	
% 2	144	0.2111	0.038	0.5285	0.2224	
% 2	145	0.3601	0.0573	0.2275	0.3551	
% 2	146	0.2417	0.1403	0.3483	0.2697	
% 2	147	0.1267	0.2407	0.4967	0.136	
% 2	148	0.1344	0.0837	0.6579	0.124	
% 2	149	0.2877	0.07	0.3283	0.314	
% 2	150	0.409	0.1077	0.1213	0.362	
% 2	151	0.3487	0.168	0.0893	0.394	
% 2	152	0.2671	0.0594	0.4568	0.2167	
% 2	153	0.1641	0.1101	0.5644	0.1614	
% 2	154	0.2234	0.129	0.4201	0.2274	
% 2	155	0.3461	0.0873	0.0986	0.468	
% 2	156	0.3384	0.1244	0.2798	0.2574	
% 2	157	0.2912	0.2822	0.1483	0.2782	
% 2	158	0.3312	0.0313	0.3319	0.3056	
% 2	159	0.4483	0.055	0.1637	0.333	
% 2	160	0.3133	0.1477	0.225	0.314	
% 2	161	0.145	0.047	0.6924	0.1156	
% 2	162	0.2253	0.2893	0.2853	0.2	
% 2	163	0.1845	0.1409	0.5207	0.1539	
% 2	164	0.2611	0.0367	0.4181	0.2841	
% 2	165	0.3281	0.0457	0.2874	0.3388	
% 2	166	0.3869	0.106	0.1123	0.3949	
% 2	167	0.2647	0.182	0.3397	0.2137	
% 2	168	0.313	0.1337	0.1873	0.366	
% 2	169	0.0523	0.8753	0.03	0.0423	
% 2	170	0.3448	0.1372	0.1772	0.3408	
% 2	171	0.4005	0.066	0.2333	0.3002	
% 2	172	0.1489	0.3339	0.3752	0.142	
% 2	173	0.0573	0.8301	0.0513	0.0613	
% 2	174	0.4027	0.0586	0.1332	0.4054	
% 2	175	0.4145	0.0547	0.1014	0.4295	
% 2	176	0.1613	0.2659	0.3642	0.2086	
% 2	177	0.1163	0.0297	0.7583	0.0957	
% 2	178	0.3478	0.0764	0.2074	0.3685	
% 2	179	0.4083	0.0754	0.1321	0.3843	
% 2	180	0.057	0.8303	0.0577	0.055	
% 2	181	0.3992	0.1343	0.1156	0.3509	
% 2	182	0.1993	0.1167	0.4433	0.2407	
% 2	183	0.3071	0.0817	0.3498	0.2614	
% 2	184	0.075	0.7173	0.1077	0.1	
% 2	185	0.3543	0.0337	0.1253	0.4867	
% 2	186	0.208	0.3663	0.21	0.2157	
% 2	187	0.4673	0.0683	0.0743	0.39	
% 2	188	0.3723	0.0753	0.21	0.3423	
% 2	189	0.2703	0.3437	0.1927	0.1933	
% 2	190	0.1853	0.131	0.4553	0.2283	
% 2	191	0.4318	0.0957	0.1597	0.3128	
% 2	192	0.3114	0.0557	0.1584	0.4745	
% 2	193	0.1344	0.2698	0.4708	0.125	
% 2	194	0.1761	0.035	0.5822	0.2067	
% 2	195	0.0977	0.759	0.0443	0.099	
% 2	196	0.529	0.0597	0.05	0.3613	
% 2	197	0.3327	0.0753	0.2503	0.3417	
% 2	198	0.0606	0.8108	0.0746	0.054	
% 2	199	0.275	0.0417	0.3437	0.3397	
% 2	200	0.273	0.259	0.222	0.246	
% 2	201	0.2643	0.0437	0.3847	0.3073	
% 2	202	0.2869	0.0433	0.4215	0.2482	
% 2	203	0.4575	0.06	0.114	0.3686	
% 2	204	0.3347	0.1397	0.2167	0.309	
% 2	205	0.2678	0.1957	0.3094	0.2271	
% 2	206	0.0373	0.8783	0.037	0.0473	
% 2	207	0.124	0.4561	0.3028	0.117	
% 2	208	0.2853	0.082	0.3037	0.329	
% 2	209	0.175	0.393	0.2343	0.1977	
% 2	210	0.057	0.8573	0.0297	0.056	
% 2	211	0.1793	0.1756	0.4085	0.2366	
% 2	212	0.0863	0.2587	0.5747	0.0803	
% 2	213	0.4041	0.1464	0.099	0.3505	
% 2	214	0.1811	0.2061	0.4613	0.1514	
% 2	215	0.3601	0.046	0.1482	0.4457	
% 2	216	0.1197	0.5337	0.2293	0.1173	
% 2	217	0.1323	0.6048	0.1203	0.1426	
% 2	218	0.434	0.083	0.1127	0.3703	
% 2	219	0.1766	0.2856	0.3339	0.2039	
% 2	220	0.1693	0.0253	0.6243	0.181	
% 2	221	0.152	0.2076	0.5115	0.129	
% 2	222	0.3176	0.0613	0.2486	0.3725	
% 2	223	0.2078	0.1738	0.3966	0.2218	
% 2	224	0.3239	0.118	0.1609	0.3972	
% 2	225	0.0437	0.7644	0.151	0.041	
% 2	226	0.255	0.4137	0.0543	0.277	
% 2	227	0.0594	0.8423	0.0427	0.0557	
% 2	228	0.3041	0.0784	0.3094	0.3081	
% 2	229	0.4075	0.0594	0.2024	0.3308	
% 2	230	0.2585	0.2552	0.2718	0.2145	
% 2	231	0.2129	0.1873	0.3875	0.2123	
% 2	232	0.2343	0.1649	0.3602	0.2406	
% 2	233	0.2075	0.2665	0.3368	0.1892	
% 2	234	0.0393	0.888	0.0337	0.039	
% 2	235	0.0947	0.7083	0.0887	0.1083	
% 2	236	0.087	0.057	0.7543	0.1017	
% 2	237	0.1328	0.1464	0.539	0.1818	
% 2	238	0.0876	0.099	0.7164	0.097	
% 2	239	0.2553	0.08	0.3002	0.3646	
% 2	240	0.3528	0.121	0.1871	0.3391	
% 2	241	0.3333	0.28	0.108	0.2787	
% 2	242	0.1599	0.036	0.6025	0.2016	
% 2	243	0.384	0.072	0.197	0.347	
% 2	244	0.424	0.0777	0.1648	0.3335	
% 2	245	0.0523	0.848	0.044	0.0557	
% 2	246	0.27	0.2167	0.2933	0.22	
% 2	247	0.1253	0.669	0.085	0.1207	
% 2	248	0.2445	0.4123	0.0727	0.2705	
% 2	249	0.4283	0.128	0.096	0.3477	
% 2	250	0.3796	0.1501	0.1171	0.3532	
% 2	251	0.4347	0.1073	0.0823	0.3757	
% 2	252	0.23	0.1323	0.3803	0.2573	
% 2	253	0.3505	0.1497	0.0794	0.4205	
% 2	254	0.3634	0.1764	0.114	0.3461	
% 2	255	0.3177	0.0987	0.3163	0.2673	
% 2	256	0.3436	0.2076	0.2006	0.2482	
% 2	257	0.4567	0.106	0.088	0.3493	
% 1	258	0.285	0.1463	0.2003	0.3683	
% 1	259	0.182	0.4233	0.1767	0.218	
% 1	260	0.3499	0.0963	0.0703	0.4835	
% 1	261	0.3602	0.1583	0.0706	0.4109	
% 1	262	0.3399	0.1733	0.0806	0.4062	
% 1	263	0.315	0.1277	0.3053	0.252	
% 1	264	0.4223	0.101	0.1077	0.369	
% 1	265	0.4435	0.075	0.0827	0.3988	
% 1	266	0.4665	0.054	0.1164	0.3631	
% 1	267	0.3252	0.3282	0.0676	0.2789	
% 1	268	0.2667	0.1933	0.323	0.217	
% 1	269	0.3647	0.241	0.0933	0.301	
% 1	270	0.5192	0.0783	0.0793	0.3232	
% 1	271	0.2243	0.452	0.1137	0.21	
% 1	272	0.2694	0.2391	0.2434	0.2481	
% 1	273	0.3627	0.053	0.1923	0.392	
% 1	274	0.162	0.6267	0.0877	0.1237	
% 1	275	0.117	0.1163	0.6397	0.127	
% 1	276	0.3072	0.1263	0.2276	0.3389	
% 1	277	0.2959	0.2346	0.1429	0.3266	
% 1	278	0.1543	0.3107	0.3953	0.1397	
% 1	279	0.1483	0.2357	0.3857	0.2303	
% 1	280	0.2853	0.2557	0.132	0.327	
% 1	281	0.406	0.0933	0.146	0.3547	
% 1	282	0.2683	0.2593	0.178	0.2943	
% 1	283	0.3164	0.1654	0.2314	0.2868	
% 1	284	0.458	0.0633	0.1283	0.3503	
% 1	285	0.346	0.0873	0.1993	0.3673	
% 1	286	0.366	0.0561	0.1552	0.4228	
% 1	287	0.0303	0.9167	0.0213	0.0317	
% 1	288	0.05	0.593	0.3033	0.0537	
% 1	289	0.3668	0.1691	0.151	0.3131	
% 1	290	0.0343	0.894	0.037	0.0347	
% 1	291	0.2386	0.4515	0.115	0.1949	
% 1	292	0.3493	0.1817	0.148	0.321	
% 1	293	0.2036	0.0923	0.5095	0.1946	
% 1	294	0.3236	0.3346	0.0646	0.2772	
% 1	295	0.3889	0.0564	0.0517	0.503	
% 1	296	0.1467	0.0637	0.59	0.1997	
% 1	297	0.1827	0.6019	0.0483	0.1671	
% 1	298	0.2971	0.0804	0.2674	0.3551	
% 1	299	0.2604	0.2548	0.1794	0.3054	
% 1	300	0.3368	0.1099	0.1915	0.3618	
% 1	301	0.0634	0.8246	0.048	0.064	
% 1	302	0.1274	0.5895	0.1511	0.132	
% 1	303	0.3733	0.1497	0.1567	0.3203	
% 1	304	0.1106	0.3331	0.4394	0.1169	
% 1	305	0.4113	0.08	0.1653	0.3433	
% 1	306	0.2075	0.543	0.068	0.1815	
% 1	307	0.3326	0.0696	0.2896	0.3082	
% 1	308	0.3496	0.2029	0.1509	0.2966	
% 1	309	0.099	0.7491	0.05	0.102	
% 1	310	0.2774	0.3635	0.0937	0.2654	
% 1	311	0.1423	0.5901	0.0836	0.1839	
% 1	312	0.4201	0.096	0.1441	0.3398	
% 1	313	0.2929	0.1056	0.2919	0.3096	
% 1	314	0.231	0.1997	0.303	0.2663	
% 1	315	0.4132	0.1943	0.0756	0.3169	
% 1	316	0.4728	0.0573	0.0533	0.4165	
% 1	317	0.1437	0.0663	0.6587	0.1313	
% 1	318	0.3043	0.042	0.3743	0.2793	
% 1	319	0.3639	0.0433	0.2403	0.3525	
% 1	320	0.3666	0.0347	0.2806	0.3182	
% 1	321	0.3917	0.057	0.1763	0.375	
% 1	322	0.2227	0.378	0.074	0.3253	
% 1	323	0.3087	0.1093	0.1747	0.4073	
% 1	324	0.479	0.053	0.0937	0.3743	
% 1	325	0.3534	0.2888	0.1009	0.2568	
% 1	326	0.4443	0.0777	0.1183	0.3597	
% 1	327	0.4285	0.065	0.0894	0.4171	
% 1	328	0.2672	0.073	0.3715	0.2882	
% 1	329	0.2593	0.2	0.2783	0.2623	
% 1	330	0.2464	0.2191	0.3024	0.2321	
% 1	331	0.142	0.609	0.1123	0.1367	
% 1	332	0.3117	0.271	0.1483	0.269	
% 1	333	0.3372	0.2916	0.0783	0.2929	
% 1	334	0.3973	0.1143	0.101	0.3873	
% 1	335	0.4167	0.0573	0.1287	0.3973	
% 1	336	0.3177	0.2213	0.1817	0.2793	
% 1	337	0.1427	0.5273	0.1563	0.1737	
% 1	338	0.396	0.151	0.0857	0.3673	
% 1	339	0.2803	0.134	0.2293	0.3563	
% 1	340	0.3688	0.1087	0.1984	0.3241	
% 1	341	0.1885	0.0963	0.5147	0.2005	
% 1	342	0.2373	0.2377	0.2533	0.2717	
% 1	343	0.1831	0.0797	0.5914	0.1458	
% 1	344	0.2402	0.3404	0.2109	0.2085	
% 1	345	0.3415	0.2026	0.0493	0.4065	
% 1	346	0.308	0.3063	0.079	0.3067	
% 1	347	0.2133	0.3422	0.2523	0.1923	
% 1	348	0.1914	0.1977	0.4075	0.2034	
% 1	349	0.2814	0.063	0.3858	0.2697	
% 1	350	0.1069	0.1036	0.6782	0.1113	
% 1	351	0.3859	0.1216	0.1256	0.3669	
% 1	352	0.3456	0.0826	0.1726	0.3992	
% 1	353	0.3966	0.1451	0.1254	0.3329	
% 1	354	0.1419	0.3869	0.3209	0.1503	
% 1	355	0.0943	0.1706	0.6348	0.1003	
% 1	356	0.2993	0.301	0.1183	0.2813	
% 1	357	0.3547	0.0933	0.25	0.302	
% 1	358	0.3535	0.0687	0.2231	0.3548	
% 1	359	0.1504	0.4428	0.2194	0.1874	
% 1	360	0.3134	0.2334	0.1347	0.3184	
% 1	361	0.2103	0.0573	0.5122	0.2203	
% 1	362	0.305	0.1757	0.1583	0.361	
% 1	363	0.1196	0.4279	0.3429	0.1096	
% 1	364	0.2921	0.1027	0.2514	0.3538	
% 1	365	0.3817	0.0587	0.157	0.4027	
% 1	366	0.5221	0.0383	0.0783	0.3612	
% 1	367	0.3857	0.101	0.0853	0.428	
% 1	368	0.3051	0.0874	0.2131	0.3945	
% 1	369	0.1493	0.3623	0.321	0.1673	
% 1	370	0.11	0.6822	0.0607	0.1471	
% 1	371	0.075	0.78	0.066	0.079	
% 1	372	0.058	0.8384	0.0467	0.057	
% 1	373	0.094	0.6493	0.1673	0.0893	
% 1	374	0.3905	0.046	0.1753	0.3882	
% 1	375	0.3237	0.1753	0.171	0.33	
% 1	376	0.223	0.281	0.2517	0.2443	
% 1	377	0.4189	0.054	0.1873	0.3399	
% 1	378	0.3033	0.049	0.2673	0.3803	
% 1	379	0.1751	0.5048	0.1574	0.1627	
% 1	380	0.5143	0.0547	0.065	0.366	
% 1	381	0.3203	0.1967	0.1677	0.3153	
% 1	382	0.061	0.8169	0.0634	0.0587	
% 1	383	0.4009	0.1614	0.0537	0.3839	
% 1	384	0.1923	0.461	0.1443	0.2023	
% 1	385	0.2319	0.2896	0.2306	0.2479	
% 1	386	0.3039	0.3212	0.0973	0.2776	
% 1	387	0.2234	0.5075	0.0727	0.1964	
% 1	388	0.1803	0.5015	0.1316	0.1866	
% 1	389	0.4453	0.0773	0.087	0.3903	
% 1	390	0.113	0.027	0.7616	0.0984	
% 1	391	0.0867	0.5867	0.241	0.0857	
% 1	392	0.1823	0.4435	0.1816	0.1926	
% 1	393	0.2507	0.1573	0.367	0.225	
% 1	394	0.2433	0.205	0.2113	0.3403	
% 1	395	0.2423	0.14	0.3413	0.2763	
% 1	396	0.3257	0.133	0.264	0.2773	
% 1	397	0.3038	0.2718	0.073	0.3515	
% 1	398	0.1737	0.6117	0.061	0.1537	
% 1	399	0.3273	0.2407	0.058	0.374	
% 1	400	0.3951	0.1604	0.0717	0.3728	
% 1	401	0.0673	0.717	0.125	0.0907	
% 1	402	0.2209	0.032	0.5182	0.2289	
% 1	403	0.2683	0.17	0.257	0.3047	
% 1	404	0.4283	0.037	0.1683	0.3663	
% 1	405	0.137	0.4687	0.2307	0.1637	
% 1	406	0.2701	0.0834	0.3401	0.3064	
% 1	407	0.4625	0.0836	0.0716	0.3822	
% 1	408	0.091	0.1693	0.6607	0.079	
% 1	409	0.4357	0.0753	0.1067	0.3823	
% 1	410	0.087	0.8046	0.0337	0.0747	
% 1	411	0.1274	0.6686	0.0877	0.1164	
% 1	412	0.2927	0.316	0.1747	0.2167	
% 1	413	0.4032	0.1596	0.0826	0.3545	
% 1	414	0.2053	0.4349	0.1483	0.2116	
% 1	415	0.3412	0.0796	0.1636	0.4155	
% 1	416	0.455	0.084	0.1013	0.3597	
% 1	417	0.4382	0.045	0.123	0.3939	
% 1	418	0.327	0.2653	0.1453	0.2623	
% 1	419	0.1424	0.5153	0.1955	0.1468	
% 1	420	0.1303	0.0856	0.5925	0.1916	
% 1	421	0.377	0.159	0.0887	0.3753	
% 1	422	0.0567	0.8443	0.0417	0.0574	
% 1	423	0.4658	0.0706	0.059	0.4045	
% 1	424	0.1973	0.0517	0.5097	0.2413	
% 1	425	0.051	0.836	0.0573	0.0557	
% 1	426	0.4327	0.0913	0.072	0.404	
% 1	427	0.3998	0.1114	0.1217	0.3671	
% 1	428	0.072	0.807	0.0457	0.0753	
% 1	429	0.19	0.0533	0.5507	0.206	
% 1	430	0.2992	0.132	0.1849	0.3839	
% 1	431	0.1697	0.5892	0.0767	0.1644	
% 1	432	0.052	0.8546	0.0397	0.0537	
% 1	433	0.053	0.7112	0.1775	0.0583	
% 1	434	0.2323	0.415	0.0943	0.2583	
% 1	435	0.4585	0.076	0.0923	0.3732	
% 1	436	0.4372	0.1173	0.059	0.3865	
% 1	437	0.0927	0.6955	0.1278	0.0841	
% 1	438	0.197	0.4257	0.138	0.2393	
% 1	439	0.348	0.1267	0.0573	0.468	
% 1	440	0.1457	0.6363	0.071	0.147	
% 1	441	0.2157	0.066	0.4007	0.3177	
% 1	442	0.284	0.1475	0.1775	0.3909	
% 1	443	0.3193	0.0703	0.0913	0.519	
% 1	444	0.3264	0.3274	0.063	0.2831	
% 1	445	0.256	0.2113	0.2577	0.275	
% 2	446	0.1861	0.3611	0.2804	0.1724	
% 2	447	0.3362	0.1629	0.2309	0.2699	
% 2	448	0.356	0.165	0.1487	0.3303	
% 2	449	0.0704	0.5999	0.2564	0.0734	
% 2	450	0.1236	0.6355	0.105	0.136	
% 2	451	0.068	0.8057	0.04	0.0863	
% 2	452	0.24	0.379	0.1217	0.2593	
% 2	453	0.074	0.04	0.8075	0.0786	
% 2	454	0.0803	0.7715	0.0663	0.0819	
% 2	455	0.4071	0.147	0.1477	0.2981	
% 2	456	0.0646	0.8244	0.0453	0.0656	
% 2	457	0.4548	0.1307	0.059	0.3555	
% 2	458	0.1487	0.1967	0.5317	0.123	
% 2	459	0.4286	0.04	0.1004	0.4309	
% 2	460	0.2731	0.2254	0.1747	0.3268	
% 2	461	0.2559	0.4203	0.1014	0.2225	
% 2	462	0.1783	0.2983	0.2853	0.238	
% 2	463	0.0847	0.7217	0.1137	0.08	
% 2	464	0.47	0.045	0.1277	0.3573	
% 2	465	0.3225	0.1413	0.2266	0.3096	
% 2	466	0.3221	0.1894	0.1607	0.3278	
% 2	467	0.3804	0.1036	0.1342	0.3817	
% 2	468	0.1613	0.1619	0.4952	0.1816	
% 2	469	0.067	0.8271	0.0306	0.0753	
% 2	470	0.1447	0.5288	0.1587	0.1677	
% 2	471	0.3103	0.2117	0.122	0.356	
% 2	472	0.3967	0.1353	0.0997	0.3683	
% 2	473	0.3698	0.065	0.2621	0.3031	
% 2	474	0.0773	0.0583	0.7813	0.083	
% 2	475	0.1925	0.459	0.1688	0.1798	
% 2	476	0.3982	0.066	0.0943	0.4415	
% 2	477	0.1554	0.2434	0.4045	0.1967	
% 2	478	0.3473	0.104	0.177	0.3717	
% 2	479	0.4453	0.0497	0.1011	0.4039	
% 2	480	0.3153	0.1717	0.1903	0.3227	
% 2	481	0.2574	0.1237	0.2798	0.3391	
% 2	482	0.1964	0.0464	0.5342	0.2231	
% 2	483	0.256	0.061	0.368	0.315	
% 2	484	0.3153	0.0823	0.1773	0.425	
% 2	485	0.1684	0.4885	0.1697	0.1734	
% 2	486	0.1787	0.4552	0.1784	0.1877	
% 2	487	0.2127	0.1727	0.4271	0.1874	
% 2	488	0.3657	0.0933	0.1777	0.3633	
% 2	489	0.3174	0.063	0.163	0.4566	
% 2	490	0.3486	0.1241	0.1251	0.4023	
% 2	491	0.0857	0.109	0.716	0.0893	
% 2	492	0.1111	0.046	0.7375	0.1054	
% 2	493	0.349	0.1653	0.094	0.3917	
% 2	494	0.0789	0.7778	0.059	0.0843	
% 2	495	0.2575	0.3639	0.1524	0.2261	
% 2	496	0.3084	0.1494	0.2137	0.3284	
% 2	497	0.1686	0.039	0.6305	0.1619	
% 2	498	0.3306	0.1573	0.1	0.4122	
% 2	499	0.4003	0.0697	0.0993	0.4307	
% 2	500	0.1929	0.0783	0.5545	0.1743	
% 2	501	0.2045	0.47	0.1179	0.2075	
% 2	502	0.1945	0.2662	0.3108	0.2285	
% 2	503	0.2874	0.083	0.3354	0.2941	
% 2	504	0.2252	0.2748	0.1909	0.3091	
% 2	505	0.2299	0.3392	0.2126	0.2183	
% 2	506	0.2466	0.1023	0.3979	0.2533	
% 2	507	0.1995	0.1949	0.3634	0.2422	
% 2	508	0.1764	0.2267	0.4188	0.1781	
% 2	509	0.038	0.8874	0.0353	0.0393	
% 2	510	0.343	0.136	0.148	0.373	
% 2	511	0.257	0.2157	0.2713	0.256	
% 2	512	0.073	0.7599	0.0947	0.0724	
% 2	513	0.2007	0.3523	0.2617	0.1853	
% 2	514	0.1527	0.4421	0.2541	0.151	
% 2	515	0.2017	0.1317	0.4823	0.1843	
% 2	516	0.3472	0.2126	0.139	0.3012	
% 2	517	0.1591	0.5263	0.1408	0.1738	
% 2	518	0.191	0.0977	0.5017	0.2097	
% 2	519	0.3694	0.0983	0.2375	0.2948	
% 2	520	0.3176	0.1436	0.1326	0.4062	
% 2	521	0.2904	0.1661	0.2811	0.2624	
% 2	522	0.3307	0.1527	0.1113	0.4053	
% 2	523	0.2979	0.1143	0.2459	0.3419	
% 2	524	0.4165	0.1084	0.0737	0.4015	
% 2	525	0.2195	0.1086	0.3901	0.2818	
% 2	526	0.1896	0.1296	0.4798	0.2009	
% 2	527	0.359	0.0777	0.1727	0.3907	
% 2	528	0.303	0.0647	0.3197	0.3127	
% 2	529	0.4131	0.0817	0.0877	0.4175	
% 2	530	0.2832	0.068	0.3769	0.2719	
% 2	531	0.3826	0.2439	0.0743	0.2992	
% 2	532	0.3016	0.0433	0.2666	0.3885	
% 2	533	0.472	0.031	0.0947	0.4023	
% 2	534	0.3225	0.1024	0.1951	0.3801	
% 2	535	0.3952	0.0843	0.1406	0.3799	
% 2	536	0.395	0.065	0.1913	0.3487	
% 2	537	0.3799	0.035	0.2489	0.3362	
% 2	538	0.4238	0.0973	0.1613	0.3176	
% 2	539	0.3671	0.083	0.1627	0.3871	
% 2	540	0.1077	0.1	0.6823	0.11	
% 2	541	0.3998	0.1254	0.1407	0.3341	
% 2	542	0.1624	0.3414	0.3471	0.149	
% 2	543	0.2039	0.1286	0.4852	0.1823	
% 2	544	0.3867	0.08	0.2187	0.3147	
% 2	545	0.1876	0.5332	0.0786	0.2006	
% 2	546	0.4057	0.047	0.2273	0.32	
% 2	547	0.3768	0.1804	0.0767	0.3661	
% 2	548	0.1927	0.268	0.3233	0.216	
% 2	549	0.3547	0.1527	0.223	0.2697	
% 2	550	0.192	0.5563	0.0813	0.1703	
% 2	551	0.2604	0.1024	0.3605	0.2767	
% 2	552	0.4405	0.1364	0.0864	0.3368	
% 2	553	0.3448	0.0923	0.2718	0.2911	
% 2	554	0.2906	0.0773	0.3519	0.2802	
% 2	555	0.2537	0.079	0.376	0.2913	
% 2	556	0.2873	0.1466	0.3605	0.2056	
% 2	557	0.2664	0.2774	0.1504	0.3058	
% 2	558	0.297	0.3407	0.0713	0.291	
% 2	559	0.1421	0.0894	0.5851	0.1835	
% 2	560	0.2199	0.1875	0.3177	0.2749	
% 2	561	0.4867	0.0453	0.0763	0.3917	
% 2	562	0.2687	0.1783	0.3267	0.2263	
% 2	563	0.3022	0.0986	0.2416	0.3576	
% 2	564	0.3883	0.1227	0.1437	0.3453	
% 2	565	0.2538	0.1934	0.2741	0.2787	
% 2	566	0.2489	0.2139	0.2203	0.3169	
% 2	567	0.2315	0.0937	0.3439	0.3309	
% 2	568	0.3182	0.2289	0.1976	0.2552	
% 2	569	0.1246	0.051	0.6708	0.1536	
% 2	570	0.414	0.0933	0.1187	0.374	
% 2	571	0.3897	0.1077	0.095	0.4077	
% 2	572	0.2513	0.096	0.3822	0.2706	
% 2	573	0.1697	0.487	0.146	0.1973	
% 2	574	0.321	0.2407	0.1447	0.2937	
% 2	575	0.3978	0.056	0.2134	0.3328	
% 2	576	0.1533	0.1633	0.536	0.1473	
% 2	577	0.0596	0.8521	0.0333	0.055	
% 2	578	0.368	0.076	0.1513	0.4047	
% 2	579	0.1507	0.6092	0.042	0.1981	
% 2	580	0.3434	0.0536	0.3471	0.2558	
% 2	581	0.197	0.0957	0.4963	0.211	
% 2	582	0.3959	0.0563	0.1756	0.3722	
% 2	583	0.4253	0.0767	0.1807	0.3174	
% 2	584	0.3297	0.095	0.2487	0.3267	
% 2	585	0.371	0.1667	0.0923	0.37	
% 2	586	0.3559	0.0417	0.2389	0.3635	
% 2	587	0.0347	0.9	0.0303	0.035	
% 2	588	0.2483	0.2677	0.1713	0.3127	
% 2	589	0.2878	0.131	0.3141	0.2671	
% 2	590	0.4422	0.0233	0.1007	0.4338	
% 2	591	0.3846	0.0787	0.2083	0.3284	
% 2	592	0.3072	0.0833	0.2646	0.3449	
% 2	593	0.3149	0.2068	0.1918	0.2865	
% 2	594	0.3992	0.0673	0.1186	0.4148	
% 2	595	0.1477	0.2623	0.444	0.146	
% 2	596	0.2972	0.1346	0.2622	0.3059	
% 2	597	0.187	0.183	0.4513	0.1787	
% 2	598	0.2953	0.0903	0.2653	0.349	
% 2	599	0.3893	0.191	0.114	0.3057	
% 2	600	0.3635	0.112	0.1536	0.3709	
% 2	601	0.2013	0.0417	0.526	0.231	
% 2	602	0.2693	0.2707	0.2283	0.2317	
% 2	603	0.3168	0.0587	0.1567	0.4678	
% 2	604	0.4718	0.0624	0.106	0.3598	
% 2	605	0.3003	0.0723	0.3123	0.315	
% 2	606	0.289	0.1703	0.2067	0.334	
% 2	607	0.4722	0.0783	0.0636	0.3859	
% 2	608	0.378	0.052	0.115	0.455	
% 2	609	0.1343	0.0846	0.6371	0.144	
% 2	610	0.1127	0.7299	0.0547	0.1027	
% 2	611	0.2104	0.3141	0.2564	0.2191	
% 2	612	0.3408	0.1837	0.1177	0.3578	
% 2	613	0.3272	0.1649	0.1873	0.3205	
% 2	614	0.23	0.3033	0.2393	0.2273	
% 2	615	0.4962	0.0383	0.0774	0.3881	
% 2	616	0.0674	0.0837	0.7769	0.072	
% 2	617	0.2759	0.1453	0.1906	0.3882	
% 2	618	0.3688	0.2411	0.058	0.3321	
% 2	619	0.351	0.0697	0.229	0.3503	
% 2	620	0.0927	0.3207	0.4937	0.093	
% 2	621	0.142	0.099	0.6337	0.1253	
% 2	622	0.2077	0.1741	0.4078	0.2104	
% 2	623	0.4282	0.1523	0.0593	0.3602	
% 2	624	0.34	0.1373	0.3037	0.219	
% 2	625	0.31	0.2923	0.124	0.2737	
% 2	626	0.275	0.0583	0.434	0.2327	
% 2	627	0.3223	0.18	0.1653	0.3323	
% 2	628	0.029	0.9047	0.035	0.0313	
% 2	629	0.3798	0.2007	0.1224	0.2971	
% 2	630	0.0767	0.0397	0.7979	0.0857	
% 2	631	0.3996	0.0467	0.1393	0.4144	
% 2	632	0.1493	0.107	0.5821	0.1616	
% 2	633	0.2016	0.088	0.4532	0.2573	
% 2	634	0.2836	0.3792	0.0713	0.2659	
% 2	635	0.1123	0.0443	0.7263	0.117	
% 2	636	0.1043	0.2343	0.5265	0.1349	
% 2	637	0.3687	0.207	0.118	0.3063	
% 2	638	0.0847	0.0947	0.7262	0.0944	
% 2	639	0.2571	0.1481	0.2941	0.3008	
% 2	640	0.2621	0.4258	0.0627	0.2494	
% 2	641	0.3619	0.1166	0.0756	0.4459	
% 2	642	0.3645	0.2374	0.065	0.3331	
% 2	643	0.2769	0.0896	0.3056	0.3279	
% 2	644	0.42	0.043	0.0963	0.4407	
% 2	645	0.3739	0.2199	0.1193	0.2869	
% 2	646	0.4099	0.069	0.2028	0.3182	
% 2	647	0.3589	0.1976	0.1043	0.3392	
% 2	648	0.1934	0.0484	0.5622	0.1961	
% 2	649	0.4555	0.0683	0.0806	0.3955	
% 2	650	0.3599	0.0477	0.2622	0.3302	
% 2	651	0.056	0.8014	0.0763	0.0663	
% 2	652	0.3439	0.1906	0.1503	0.3152	
% 2	653	0.2553	0.085	0.3807	0.279	
% 2	654	0.2587	0.153	0.307	0.2813	
% 2	655	0.2546	0.3975	0.097	0.2509	
% 2	656	0.3702	0.0654	0.0931	0.4713	
% 2	657	0.3395	0.1063	0.1456	0.4087	
% 2	658	0.1718	0.062	0.6084	0.1578	
% 2	659	0.4337	0.0283	0.116	0.422	
% 2	660	0.4198	0.1324	0.0937	0.3541	
% 2	661	0.5017	0.0433	0.091	0.364	
% 2	662	0.467	0.0817	0.0763	0.375	
% 2	663	0.1891	0.3354	0.2814	0.1941	
% 2	664	0.2083	0.044	0.5223	0.2253	
% 2	665	0.3828	0.1664	0.1417	0.3091	
% 2	666	0.0673	0.766	0.09	0.0767	
% 2	667	0.1987	0.4502	0.1194	0.2317	
% 2	668	0.2874	0.2828	0.1654	0.2644	
% 2	669	0.2899	0.1973	0.11	0.4029	
% 2	670	0.4475	0.0483	0.1173	0.3869	
% 2	671	0.378	0.0793	0.1447	0.398	
% 2	672	0.3414	0.039	0.301	0.3187	
% 2	673	0.0696	0.0643	0.7988	0.0673	
% 2	674	0.2757	0.1013	0.327	0.296	
% 2	675	0.1763	0.0443	0.5768	0.2026	
% 2	676	0.3487	0.0923	0.1417	0.4173	
% 2	677	0.2709	0.3182	0.081	0.3299	
% 2	678	0.2668	0.1984	0.1751	0.3598	
% 2	679	0.2646	0.2406	0.1789	0.3159	
% 2	680	0.3584	0.1581	0.149	0.3345	
% 2	681	0.1066	0.4289	0.3299	0.1346	
% 2	682	0.1217	0.5533	0.204	0.121	
% 2	683	0.3541	0.1107	0.05	0.4852	
% 2	684	0.3001	0.1224	0.2718	0.3058	
% 2	685	0.2481	0.103	0.3875	0.2614	
% 2	686	0.0863	0.048	0.7803	0.0853	
% 2	687	0.3169	0.0636	0.3436	0.2759	
% 2	688	0.2121	0.4078	0.2057	0.1744	
% 2	689	0.1026	0.4632	0.3453	0.0889	
% 2	690	0.3147	0.287	0.1233	0.275	
% 2	691	0.2116	0.2273	0.2802	0.2809	
% 2	692	0.2469	0.2499	0.1806	0.3226	
% 2	693	0.063	0.0387	0.8281	0.0703	
% 2	694	0.1797	0.0403	0.6183	0.1617	
% 2	695	0.2766	0.2396	0.103	0.3809	
% 2	696	0.2763	0.0707	0.2237	0.4293	
% 2	697	0.3203	0.085	0.2157	0.379	
% 2	698	0.3043	0.0323	0.253	0.4103	
% 2	699	0.3519	0.2169	0.0823	0.3489	
% 2	700	0.4515	0.092	0.0653	0.3912	
% 2	701	0.2062	0.0813	0.4422	0.2703	
% 2	702	0.1157	0.4695	0.2494	0.1654	
% 2	703	0.2402	0.3832	0.1386	0.2379	
% 2	704	0.0764	0.5295	0.3081	0.086	
% 2	705	0.3603	0.1153	0.1797	0.3447	
% 2	706	0.0864	0.1851	0.6356	0.093	
% 2	707	0.1326	0.1243	0.6208	0.1223	
% 2	708	0.3705	0.1771	0.1117	0.3408	
% 2	709	0.1026	0.2798	0.505	0.1126	
% 2	710	0.34	0.113	0.081	0.466	
% 2	711	0.2419	0.2929	0.1686	0.2966	
% 2	712	0.3745	0.058	0.1277	0.4398	
% 2	713	0.1166	0.124	0.6248	0.1346	
% 2	714	0.4108	0.1557	0.092	0.3414	
% 2	715	0.3485	0.093	0.1004	0.4581	
% 2	716	0.1847	0.5108	0.109	0.1954	
% 2	717	0.1203	0.0873	0.6566	0.1359	
% 2	718	0.3349	0.0497	0.2089	0.4065	
% 2	719	0.3492	0.0417	0.2066	0.4025	
% 2	720	0.362	0.1253	0.1727	0.34	
% 2	721	0.101	0.08	0.7196	0.0994	
% 2	722	0.0733	0.079	0.751	0.0967	
% 2	723	0.09	0.0763	0.737	0.0967	
% 2	724	0.1444	0.5155	0.139	0.2011	
% 2	725	0.4921	0.0697	0.088	0.3501	
% 2	726	0.3996	0.1558	0.061	0.3836	
% 2	727	0.136	0.2391	0.5058	0.119	
% 2	728	0.2467	0.465	0.0803	0.208	
% 2	729	0.483	0.056	0.077	0.384	
% 2	730	0.1727	0.235	0.373	0.2193	
% 2	731	0.1107	0.72	0.0703	0.099	
% 2	732	0.2011	0.2594	0.3311	0.2084	
% 2	733	0.0823	0.047	0.7867	0.084	
% 2	734	0.4643	0.048	0.0767	0.411	
% 2	735	0.3469	0.0666	0.2446	0.3419	
% 2	736	0.3361	0.121	0.1294	0.4135	
% 2	737	0.131	0.2494	0.4538	0.1657	
% 2	738	0.2129	0.3615	0.2046	0.2209	
% 2	739	0.3053	0.2947	0.138	0.262	
% 2	740	0.4976	0.039	0.1308	0.3326	
% 2	741	0.1763	0.2259	0.3362	0.2616	
% 2	742	0.369	0.0647	0.1017	0.4647	
% 2	743	0.3857	0.0683	0.0947	0.4513	
% 2	744	0.412	0.057	0.2197	0.3113	
% 2	745	0.2223	0.0536	0.5028	0.2213	
% 2	746	0.2027	0.4151	0.1284	0.2537	
% 2	747	0.095	0.7766	0.0463	0.082	
% 2	748	0.2567	0.2437	0.1393	0.3603	
% 2	749	0.1756	0.1513	0.4875	0.1856	
% 2	750	0.356	0.16	0.1367	0.3473	
% 2	751	0.2866	0.2219	0.06	0.4315	
% 2	752	0.144	0.041	0.671	0.144	
% 2	753	0.3269	0.0407	0.1548	0.4777	
% 2	754	0.2677	0.0593	0.3873	0.2857	
% 2	755	0.0817	0.0403	0.8023	0.0757	
% 2	756	0.1417	0.2923	0.4017	0.1643	
% 2	757	0.2573	0.1637	0.2147	0.3643	
% 2	758	0.4117	0.1353	0.1117	0.3413	
% 2	759	0.2085	0.2692	0.2968	0.2255	
% 2	760	0.2621	0.3475	0.1427	0.2478	
% 2	761	0.3888	0.0247	0.1379	0.4487	
% 2	762	0.0999	0.035	0.7545	0.1106	
% 2	763	0.1925	0.3369	0.2638	0.2068	
% 4	764	0.124	0.0953	0.6677	0.113	
% 2	765	0.3067	0.12	0.2403	0.333	
% 4	766	0.3571	0.0433	0.1284	0.4712	
% 4	767	0.4507	0.0277	0.054	0.4677	
% 4	768	0.384	0.1513	0.0783	0.3863	
% 2	769	0.2439	0.0633	0.4732	0.2196	
% 4	770	0.1247	0.0534	0.6362	0.1857	
% 3	771	0.2564	0.1921	0.3158	0.2357	
% 2	772	0.3003	0.08	0.312	0.3077	
% 3	773	0.3389	0.2051	0.2141	0.2418	
% 3	774	0.2293	0.0673	0.5417	0.1617	
% 3	775	0.208	0.0817	0.5547	0.1557	
% 3	776	0.1583	0.1343	0.5565	0.1509	
% 3	777	0.1597	0.074	0.6023	0.164	
% 4	778	0.3288	0.1464	0.1064	0.4185	
% 2	779	0.0736	0.0796	0.7451	0.1016	
% 4	780	0.2923	0.085	0.2573	0.3653	
% 4	781	0.2057	0.045	0.4893	0.26	
% 4	782	0.2568	0.0614	0.4893	0.1925	
% 4	783	0.163	0.172	0.4993	0.1657	
% 2	784	0.0887	0.6606	0.1681	0.0827	
% 4	785	0.286	0.075	0.1997	0.4393	
% 3	786	0.1867	0.251	0.3713	0.191	
% 3	787	0.0614	0.035	0.8423	0.0614	
% 3	788	0.3853	0.0517	0.2605	0.3025	
% 3	789	0.2967	0.189	0.2023	0.312	
% 3	790	0.2658	0.1867	0.2828	0.2648	
% 3	791	0.4195	0.067	0.125	0.3886	
% 4	792	0.1584	0.0383	0.6236	0.1797	
% 4	793	0.312	0.0893	0.3203	0.2783	
% 4	794	0.186	0.0357	0.5897	0.1887	
% 4	795	0.2167	0.076	0.5082	0.1991	
% 4	796	0.3069	0.1456	0.2839	0.2636	
% 2	797	0.251	0.312	0.1877	0.2493	
% 4	798	0.152	0.1693	0.4963	0.1823	
% 3	799	0.3409	0.1503	0.154	0.3549	
% 2	800	0.092	0.1243	0.6893	0.0943	
% 3	801	0.1914	0.0463	0.5412	0.2211	
% 3	802	0.0803	0.2093	0.625	0.0853	
% 3	803	0.3312	0.0563	0.2972	0.3152	
% 3	804	0.2344	0.0707	0.4792	0.2157	
% 4	805	0.3941	0.157	0.1437	0.3051	
% 4	806	0.359	0.047	0.1497	0.4443	
% 4	807	0.4085	0.1364	0.134	0.3211	
% 4	808	0.4542	0.072	0.062	0.4118	
% 2	809	0.1943	0.2946	0.2896	0.2216	
% 4	810	0.2289	0.1366	0.3122	0.3222	
% 2	811	0.3362	0.1646	0.2239	0.2752	
% 3	812	0.3262	0.0593	0.2466	0.3679	
% 3	813	0.4468	0.0243	0.0646	0.4642	
% 3	814	0.2633	0.1357	0.352	0.249	
% 3	815	0.2107	0.1363	0.4777	0.1753	
% 3	816	0.1627	0.0653	0.605	0.167	
% 4	817	0.3217	0.15	0.2483	0.28	
% 2	818	0.125	0.1773	0.5608	0.137	
% 4	819	0.262	0.062	0.4213	0.2547	
% 4	820	0.3148	0.0584	0.3558	0.2711	
% 4	821	0.3679	0.0573	0.105	0.4698	
% 4	822	0.3034	0.113	0.2938	0.2898	
% 2	823	0.268	0.081	0.3603	0.2907	
% 4	824	0.2631	0.1154	0.2898	0.3318	
% 2	825	0.064	0.8207	0.0523	0.063	
% 3	826	0.1127	0.036	0.7416	0.1097	
% 2	827	0.0973	0.724	0.085	0.0937	
% 3	828	0.443	0.0753	0.083	0.3987	
% 3	829	0.3445	0.138	0.1686	0.3489	
% 3	830	0.0947	0.106	0.71	0.0893	
% 3	831	0.0727	0.0427	0.8046	0.08	
% 4	832	0.2173	0.2517	0.3113	0.2197	
% 2	833	0.1333	0.0643	0.632	0.1703	
% 4	834	0.432	0.052	0.0937	0.4223	
% 4	835	0.0647	0.0527	0.8233	0.0593	
% 4	836	0.4308	0.058	0.1097	0.4015	
% 4	837	0.2472	0.1589	0.3171	0.2768	
% 2	838	0.3099	0.2489	0.0756	0.3655	
% 2	839	0.2507	0.102	0.4537	0.1937	
% 3	840	0.0527	0.059	0.8373	0.051	
% 3	841	0.0919	0.0423	0.7728	0.0929	
% 3	842	0.3721	0.0293	0.1794	0.4191	
% 3	843	0.0613	0.0397	0.8367	0.0623	
% 3	844	0.2903	0.05	0.4383	0.2213	
% 2	845	0.3367	0.0533	0.0857	0.5243	
% 4	846	0.3941	0.0504	0.2131	0.3424	
% 4	847	0.1331	0.0437	0.6471	0.1761	
% 4	848	0.2737	0.0897	0.3573	0.2793	
% 4	849	0.2738	0.1427	0.3111	0.2724	
% 3	850	0.3118	0.1651	0.2017	0.3214	
% 3	851	0.2054	0.0744	0.5052	0.2151	
% 3	852	0.4017	0.051	0.1723	0.375	
% 3	853	0.1083	0.0557	0.7173	0.1187	
% 3	854	0.3887	0.0437	0.1647	0.403	
% 2	855	0.1193	0.3683	0.363	0.1493	
% 4	856	0.4903	0.047	0.0824	0.3803	
% 4	857	0.4016	0.0627	0.1161	0.4196	
% 4	858	0.3973	0.0881	0.1134	0.4013	
% 2	859	0.1152	0.4316	0.343	0.1102	
% 2	860	0.4207	0.1143	0.1506	0.3145	
% 3	861	0.3014	0.099	0.3018	0.2978	
% 3	862	0.095	0.1287	0.6707	0.1057	
% 3	863	0.4575	0.026	0.107	0.4095	
% 3	864	0.3392	0.059	0.1629	0.4389	
% 3	865	0.2064	0.0614	0.4932	0.2391	
% 2	866	0.1968	0.5007	0.0931	0.2095	
% 2	867	0.1264	0.5811	0.1354	0.1571	
% 2	868	0.2527	0.1547	0.2497	0.343	
% 2	869	0.069	0.7963	0.059	0.0757	
% 2	870	0.398	0.0997	0.0883	0.414	
% 2	871	0.1456	0.0663	0.6438	0.1443	
% 2	872	0.2818	0.0353	0.4675	0.2154	
% 2	873	0.4162	0.1306	0.1083	0.3449	
% 2	874	0.0407	0.866	0.051	0.0423	
% 2	875	0.1037	0.6956	0.115	0.0857	
% 2	876	0.054	0.8093	0.075	0.0617	
% 2	877	0.1791	0.0884	0.5699	0.1627	
% 2	878	0.1872	0.1199	0.5067	0.1862	
% 2	879	0.4485	0.062	0.103	0.3865	
% 2	880	0.3753	0.1917	0.091	0.342	
% 2	881	0.1777	0.467	0.1827	0.1727	
% 2	882	0.2483	0.3743	0.103	0.2743	
% 2	883	0.3948	0.1267	0.105	0.3735	
% 2	884	0.1133	0.411	0.3247	0.151	
% 2	885	0.0653	0.024	0.8367	0.074	
% 2	886	0.0553	0.8377	0.0477	0.0593	
% 2	887	0.172	0.0916	0.5078	0.2286	
% 2	888	0.343	0.0487	0.0787	0.5297	
% 2	889	0.1044	0.101	0.6939	0.1007	
% 2	890	0.0666	0.0696	0.7951	0.0686	
% 2	891	0.2748	0.1304	0.2371	0.3578	
% 2	892	0.0776	0.1043	0.7351	0.083	
% 2	893	0.153	0.1927	0.475	0.1793	
% 2	894	0.2573	0.0343	0.4367	0.2717	
% 2	895	0.225	0.0477	0.4993	0.228	
% 2	896	0.1473	0.074	0.6197	0.159	
% 2	897	0.0893	0.7541	0.0746	0.082	
% 2	898	0.5277	0.0663	0.078	0.328	
% 2	899	0.3788	0.0784	0.1891	0.3538	
% 2	900	0.1157	0.0463	0.7212	0.1167	
% 2	901	0.2369	0.1963	0.1893	0.3775	
% 2	902	0.1034	0.2461	0.5492	0.1014	
% 2	903	0.1424	0.5608	0.154	0.1427	
% 2	904	0.1965	0.0644	0.4239	0.3152	
% 2	905	0.29	0.1233	0.324	0.2627	
% 2	906	0.3542	0.052	0.2033	0.3905	
% 2	907	0.4239	0.09	0.1313	0.3549	
% 2	908	0.198	0.2432	0.3342	0.2246	
% 2	909	0.0383	0.895	0.0337	0.033	
% 2	910	0.3482	0.0497	0.1046	0.4975	
% 2	911	0.212	0.0813	0.5273	0.1793	
% 2	912	0.2803	0.217	0.2427	0.26	
% 2	913	0.0647	0.8239	0.0564	0.055	
% 2	914	0.2596	0.2809	0.1596	0.2999	
% 2	915	0.446	0.1037	0.1197	0.3307	
% 2	916	0.0833	0.1019	0.7095	0.1053	
% 2	917	0.1929	0.5646	0.0656	0.1769	
% 2	918	0.0684	0.1741	0.6946	0.063	
% 2	919	0.0717	0.804	0.0563	0.068	
% 2	920	0.177	0.0633	0.6013	0.1583	
% 2	921	0.1147	0.0433	0.7383	0.1037	
% 2	922	0.2376	0.0477	0.4602	0.2546	
% 2	923	0.1163	0.1397	0.6083	0.1357	
% 2	924	0.1727	0.103	0.51	0.2143	
% 2	925	0.148	0.4978	0.1636	0.1906	
% 2	926	0.0807	0.7739	0.0584	0.087	
% 2	927	0.2087	0.4618	0.0724	0.2571	
% 2	928	0.0667	0.7999	0.0754	0.058	
% 2	929	0.064	0.806	0.073	0.057	
% 2	930	0.1884	0.1037	0.4822	0.2257	
% 2	931	0.1	0.7283	0.0857	0.086	
% 2	932	0.051	0.8217	0.072	0.0553	
% 2	933	0.3923	0.116	0.112	0.3797	
% 2	934	0.2164	0.3831	0.2071	0.1934	
% 2	935	0.3807	0.184	0.0633	0.372	
% 2	936	0.0766	0.7817	0.0696	0.072	
% 2	937	0.1277	0.371	0.3563	0.145	
% 2	938	0.3457	0.229	0.1203	0.305	
% 2	939	0.087	0.7741	0.0593	0.0796	
% 2	940	0.2824	0.2744	0.1914	0.2518	
% 2	941	0.2239	0.4109	0.1469	0.2183	
% 2	942	0.1645	0.6101	0.0766	0.1489	
% 2	943	0.234	0.0323	0.5017	0.232	
% 2	944	0.11	0.7187	0.0653	0.106	
% 2	945	0.3373	0.1137	0.1967	0.3523	
% 2	946	0.4685	0.0673	0.1306	0.3336	
% 2	947	0.1409	0.2792	0.4672	0.1126	
% 2	948	0.1137	0.045	0.713	0.1283	
% 2	949	0.0887	0.7643	0.0657	0.0813	
% 2	950	0.2033	0.0736	0.5215	0.2016	
% 2	951	0.284	0.0663	0.4183	0.2313	
% 2	952	0.1729	0.1726	0.4965	0.1579	
% 2	953	0.1677	0.4905	0.1727	0.1691	
% 2	954	0.1746	0.5561	0.064	0.2053	
% 2	955	0.1384	0.4743	0.2128	0.1744	
% 2	956	0.3337	0.1563	0.2183	0.2917	
% 2	957	0.3442	0.0467	0.1879	0.4212	
% 2	958	0.3932	0.0776	0.126	0.4032	
% 2	959	0.1843	0.4943	0.0887	0.2327	
% 2	960	0.0486	0.8604	0.0463	0.0446	
% 2	961	0.0397	0.8747	0.0473	0.0383	
% 2	962	0.1366	0.3905	0.3292	0.1436	
% 2	963	0.3582	0.0963	0.1043	0.4412	
% 2	964	0.3153	0.2107	0.1127	0.3613	
% 2	965	0.4953	0.0857	0.0523	0.3667	
% 2	966	0.0657	0.8227	0.0453	0.0663	
% 2	967	0.3194	0.0777	0.2844	0.3184	
% 2	968	0.1033	0.0767	0.693	0.127	
% 2	969	0.255	0.0713	0.4093	0.2643	
% 2	970	0.2633	0.4027	0.1187	0.2153	
% 2	971	0.2073	0.461	0.0667	0.265	
% 2	972	0.2854	0.2344	0.2287	0.2514	
% 2	973	0.2199	0.1316	0.4182	0.2303	
% 2	974	0.3263	0.2907	0.107	0.276	
% 2	975	0.4143	0.0477	0.2317	0.3063	
% 2	976	0.3483	0.0927	0.169	0.39	
% 2	977	0.1483	0.5333	0.1573	0.161	
% 2	978	0.0277	0.9213	0.0217	0.0293	
% 2	979	0.0573	0.8278	0.0596	0.0553	
% 2	980	0.3596	0.2348	0.058	0.3476	
% 2	981	0.062	0.8279	0.048	0.062	
% 2	982	0.1272	0.6289	0.0596	0.1842	
% 2	983	0.3583	0.1343	0.2137	0.2937	
% 2	984	0.2814	0.2554	0.0657	0.3975	
% 2	985	0.3387	0.0787	0.1917	0.391	
% 2	986	0.2902	0.0796	0.3486	0.2816	
% 2	987	0.283	0.0863	0.3753	0.2553	
% 2	988	0.045	0.864	0.037	0.054	
% 2	989	0.1884	0.1454	0.4942	0.1721	
% 2	990	0.4357	0.0887	0.137	0.3387	
% 2	991	0.0453	0.879	0.03	0.0457	
% 2	992	0.365	0.0897	0.0917	0.4537	
% 2	993	0.3061	0.2864	0.133	0.2744	
% 2	994	0.2748	0.2151	0.2931	0.2171	
% 2	995	0.1706	0.6098	0.062	0.1576	
% 2	996	0.3884	0.2498	0.0827	0.2791	
% 2	997	0.0357	0.8753	0.0487	0.0403	
% 2	998	0.2791	0.2221	0.2367	0.2621	
% 2	999	0.104	0.7509	0.0514	0.0937	
% 2	1000	0.2668	0.0676	0.3964	0.2692	


% PARAMETERS
72 500 translate 
1 1 scale
0 rotate
/setrim {3 setlinewidth} def 
/setsep {0.3 setlinewidth} def 
/setind {0.3 setlinewidth} def 
/fh {6} def    	% Font height 
/da {5} def    	% Distance above box at which to print names 
/db {-7} def    	% Distance below box at which to print names 
/bh {50} def    	% Height of the box 
/wi {0.468} def    	% Width of an individual 
/aato {60} def  	% Angle at which to print text atop box 
/abel {60} def  	% Angle at which to print text below box 
/tot {1000} def   	% Total number of individuals 
/Helvetica-Bold findfont fh scalefont setfont 

% ABBREVIATED COMMANDS
/M {moveto} def
/R {rmoveto} def
/L {lineto} def
/V {rlineto} def
/Cfs {closepath fill stroke} def
/rotshow {
  dup dup stringwidth pop abel cos mul neg exch 
  stringwidth pop abel sin mul neg R
  gsave abel rotate show grestore
} def
/bhm {bh mul} def 	% Multiply by height of the box 
/nwi {wi neg} def   	% Negative width of an individual 
/wm {wi mul} def 	% Multiply by width of an individual 
/ru {bhm M wi 0 V 0} def   	% Right-upwards box motion 
/ld {bhm V nwi 0 V Cfs} def	% Left-downwards box closure motion
/bbm {-.3 add 2 div add wm fh 2 div add db M} def       	% Below-box motion
/abm {-.3 add 2 div add wm fh 2 div add bh da add M} def	% Above-box motion
/sc {setrgbcolor} def

% COLORS
/c0 {0.0 0.0 0.0 sc} def    % black 
/c1 {2.1 0.6 0.3 sc} def    % orange 
/c2 {0 0.6 0.9 sc} def      % blue   
/c3 {.9 2.1 0 sc} def       % yellow 
/c4 {1.5 0.6 0.9 sc} def    % pink   
/c5 {.2 .6 .2 sc} def       % green  
/c6 {.5 0 .5 sc} def        % purple 
/c7 {1.2 0.0 0.3 sc} def    % red     
/c8 {0 1 0 sc} def          % light_green 
/c9 {0 0 1 sc} def          % dark_blue 
/c10 {1.2 0 1.8 sc} def     % light_purple 
/c11 {1.5 0.9 0.6 sc} def   % light_yellow 
/c12 {0.7 0.3 0.0 sc} def   % brown 
/c13 {0 1.2 1.8 sc} def     % light_blue 
/c14 {0.5 0.5 0.0 sc} def   % olive_green 
/c15 {1.8 0.6 0.6 sc} def   % peach 
/c16 {0 0.5 0.5 sc} def     % sea_green 
/c17 {.6 .75 .15 sc} def    % yellow_green 
/c18 {0.45 .15 .9 sc} def   % blue_purple  
/c19 {0.15 0.75 0.6 sc} def % blue_green 
/c20 {0.5 setgray} def      % gray 
/c21 {0.05 0.4 0.05 sc} def % dark_green 
/c22 {0.75 setgray} def     % light_gray 
/c23 {1 0 0 sc} def         % red2 
/c24 {0.6 0.9 1.5 sc} def   % light_blue2 
/c25 {1 0.6 0.4 sc} def     % light_orange 
/c26 {0.25 setgray} def     % dark_gray 
/c27 {1.2 0.9 0.9 sc} def   % light_pink 
/c28 {.6 .2 .2 sc} def      % dark_brown 
/c29 {1.6 0.4 0 sc} def     % dark_orange 
/c30 {0.2 0 0.3 sc} def     % dark_purple 
/c31 {1 setgray} def        % white 
/c32 {2.7 .3 0 sc} def      % color32 
/c33 {2.4 .6 0 sc} def      % color33 
/c34 {2.1 .3 .6 sc} def     % color34 
/c35 {1.5 .6 .9 sc} def     % color35 
/c36 {1.2 1.2 .6 sc} def    % color36 
/c37 {1.2 1.2 .9 sc} def    % color37 
/c38 {1.2 .9 .9 sc} def     % color38 
/c39 {.9 1.8 .3 sc} def     % color39 
/c40 {.9 .9 1.2 sc} def     % color40 
/c41 {.9 .6 1.5 sc} def     % color41 
/c42 {.6 2.1 .3 sc} def     % color42 
/c43 {.6 1.8 .6 sc} def     % color43 
/c44 {.6 1.5 .9 sc} def     % color44 
/c45 {.6 1.2 1.2 sc} def    % color45 
/c46 {.6 .9 1.5 sc} def     % color46 
