pop	clust1	clust2	clust3
fall	0.4975	0.1247	0.3778
fall	0.5755	0.2635	0.1610
fall	0.3575	0.1888	0.4537
fall	0.6884	0.1009	0.2107
fall	0.0807	0.8494	0.0699
fall	0.1692	0.4495	0.3813
fall	0.1818	0.4307	0.3875
fall	0.2422	0.0906	0.6672
fall	0.2232	0.5398	0.2369
fall	0.3848	0.4785	0.1368
fall	0.1840	0.1643	0.6517
fall	0.3738	0.3778	0.2484
fall	0.2659	0.1119	0.6222
fall	0.2320	0.3525	0.4155
fall	0.2770	0.5412	0.1817
fall	0.3076	0.2266	0.4658
fall	0.6241	0.2672	0.1087
fall	0.5682	0.0662	0.3656
fall	0.1520	0.1518	0.6962
fall	0.4551	0.4391	0.1058
fall	0.3611	0.4842	0.1547
fall	0.1875	0.1924	0.6201
fall	0.2246	0.5007	0.2747
fall	0.5005	0.1305	0.3690
fall	0.1719	0.5550	0.2731
fall	0.2975	0.2695	0.4329
fall	0.3335	0.1718	0.4946
fall	0.5411	0.1931	0.2659
fall	0.5534	0.2435	0.2031
fall	0.2400	0.5677	0.1923
fall	0.2847	0.2030	0.5122
fall	0.4810	0.3255	0.1935
fall	0.4281	0.2419	0.3300
fall	0.2148	0.5695	0.2157
fall	0.5380	0.2027	0.2593
fall	0.2114	0.1642	0.6244
fall	0.1311	0.3621	0.5068
fall	0.1376	0.6513	0.2112
fall	0.6472	0.2092	0.1437
fall	0.3263	0.5019	0.1718
fall	0.5820	0.1710	0.2470
fall	0.1282	0.7565	0.1153
fall	0.6467	0.1787	0.1746
fall	0.4474	0.1563	0.3964
fall	0.1883	0.4997	0.3120
fall	0.2871	0.2315	0.4813
fall	0.1897	0.1195	0.6908
fall	0.5589	0.1131	0.3280
fall	0.3904	0.1465	0.4632
fall	0.7620	0.1127	0.1253
fall	0.1255	0.7461	0.1285
fall	0.1090	0.7876	0.1034
fall	0.2731	0.1301	0.5968
fall	0.5237	0.2159	0.2604
fall	0.3031	0.2038	0.4930
fall	0.1855	0.3667	0.4478
fall	0.0991	0.0845	0.8164
fall	0.0825	0.6118	0.3057
fall	0.2594	0.1267	0.6139
fall	0.1531	0.2800	0.5669
fall	0.5123	0.2245	0.2632
fall	0.3414	0.2091	0.4495
fall	0.2845	0.3469	0.3687
fall	0.6123	0.2057	0.1821
fall	0.4251	0.1358	0.4392
fall	0.2299	0.4282	0.3419
fall	0.1754	0.1320	0.6925
fall	0.3490	0.3499	0.3012
fall	0.2551	0.3228	0.4220
fall	0.6906	0.1181	0.1913
fall	0.2546	0.1823	0.5631
fall	0.4337	0.1501	0.4162
fall	0.4297	0.3375	0.2329
fall	0.5884	0.2062	0.2053
fall	0.4445	0.3013	0.2543
fall	0.5270	0.1818	0.2912
fall	0.0568	0.8920	0.0512
fall	0.7402	0.1140	0.1459
fall	0.5326	0.2161	0.2513
fall	0.1122	0.7665	0.1213
fall	0.2986	0.4600	0.2415
fall	0.1652	0.0574	0.7774
fall	0.5158	0.1469	0.3373
fall	0.2869	0.2311	0.4820
fall	0.5044	0.1680	0.3276
fall	0.5070	0.2417	0.2513
fall	0.5122	0.1460	0.3418
halfpounder	0.1118	0.8163	0.0719
halfpounder	0.3759	0.1996	0.4246
halfpounder	0.0887	0.8518	0.0594
halfpounder	0.3506	0.0561	0.5933
halfpounder	0.6146	0.1745	0.2110
halfpounder	0.4976	0.1713	0.3311
halfpounder	0.5815	0.2719	0.1466
halfpounder	0.3890	0.3349	0.2762
halfpounder	0.3201	0.3755	0.3044
halfpounder	0.2690	0.4467	0.2843
halfpounder	0.3509	0.1513	0.4978
halfpounder	0.3286	0.1685	0.5028
halfpounder	0.3543	0.1315	0.5142
halfpounder	0.1946	0.5888	0.2166
halfpounder	0.3009	0.2551	0.4439
halfpounder	0.2853	0.4588	0.2558
halfpounder	0.2936	0.1035	0.6029
halfpounder	0.2703	0.4140	0.3157
halfpounder	0.0908	0.8359	0.0733
halfpounder	0.1396	0.3577	0.5027
halfpounder	0.4765	0.2357	0.2878
halfpounder	0.3164	0.3157	0.3679
halfpounder	0.2078	0.5921	0.2002
halfpounder	0.1555	0.1545	0.6900
halfpounder	0.2286	0.3778	0.3936
halfpounder	0.2341	0.5974	0.1684
halfpounder	0.6406	0.1503	0.2091
halfpounder	0.6752	0.1223	0.2025
halfpounder	0.5255	0.2803	0.1943
halfpounder	0.3855	0.2778	0.3368
halfpounder	0.4872	0.0974	0.4155
halfpounder	0.6010	0.1272	0.2718
halfpounder	0.2663	0.0999	0.6338
halfpounder	0.2262	0.1006	0.6732
halfpounder	0.4605	0.1926	0.3469
halfpounder	0.5505	0.0767	0.3728
halfpounder	0.4774	0.3489	0.1736
halfpounder	0.4529	0.2475	0.2996
halfpounder	0.1706	0.7482	0.0812
halfpounder	0.3173	0.1231	0.5596
halfpounder	0.4594	0.1285	0.4121
halfpounder	0.4329	0.4233	0.1439
halfpounder	0.5960	0.2608	0.1432
halfpounder	0.2297	0.1900	0.5803
halfpounder	0.4663	0.2073	0.3263
halfpounder	0.5761	0.0979	0.3260
halfpounder	0.4090	0.1575	0.4336
halfpounder	0.1647	0.1746	0.6607
halfpounder	0.4731	0.2376	0.2892
halfpounder	0.2918	0.3455	0.3628
halfpounder	0.1160	0.6750	0.2090
halfpounder	0.3742	0.1120	0.5138
halfpounder	0.5201	0.2658	0.2141
halfpounder	0.4605	0.3406	0.1988
halfpounder	0.1986	0.5466	0.2548
halfpounder	0.4203	0.3133	0.2665
halfpounder	0.2651	0.0811	0.6538
halfpounder	0.4629	0.1319	0.4052
halfpounder	0.2953	0.2354	0.4693
halfpounder	0.1467	0.3582	0.4951
halfpounder	0.1453	0.1514	0.7033
halfpounder	0.3624	0.1381	0.4995
halfpounder	0.5654	0.2024	0.2322
halfpounder	0.5552	0.2753	0.1695
halfpounder	0.2681	0.1365	0.5954
halfpounder	0.1667	0.2096	0.6237
halfpounder	0.2672	0.2305	0.5023
halfpounder	0.6010	0.1820	0.2170
halfpounder	0.3457	0.2340	0.4203
halfpounder	0.3766	0.3924	0.2310
halfpounder	0.3580	0.0663	0.5757
halfpounder	0.5324	0.1337	0.3339
halfpounder	0.3752	0.2758	0.3489
halfpounder	0.1756	0.0951	0.7292
halfpounder	0.2256	0.4117	0.3627
halfpounder	0.1999	0.2391	0.5611
halfpounder	0.3503	0.0797	0.5700
halfpounder	0.3918	0.1008	0.5074
halfpounder	0.5941	0.1961	0.2098
halfpounder	0.2978	0.2891	0.4132
halfpounder	0.5089	0.2230	0.2681
halfpounder	0.0840	0.8597	0.0563
halfpounder	0.4248	0.2477	0.3275
halfpounder	0.5039	0.1429	0.3532
halfpounder	0.1650	0.4370	0.3981
halfpounder	0.0982	0.8146	0.0872
halfpounder	0.6213	0.1288	0.2499
halfpounder	0.6461	0.1263	0.2276
halfpounder	0.2051	0.3751	0.4198
halfpounder	0.1429	0.0689	0.7882
halfpounder	0.5119	0.1582	0.3299
halfpounder	0.5653	0.1585	0.2762
halfpounder	0.0929	0.8092	0.0978
halfpounder	0.5599	0.2400	0.2001
halfpounder	0.2787	0.2080	0.5133
halfpounder	0.3095	0.1589	0.5316
halfpounder	0.1154	0.7157	0.1689
halfpounder	0.6740	0.0810	0.2450
halfpounder	0.2608	0.4388	0.3005
halfpounder	0.6593	0.1592	0.1814
halfpounder	0.4931	0.1424	0.3646
halfpounder	0.2790	0.4372	0.2837
halfpounder	0.2482	0.2298	0.5220
halfpounder	0.4812	0.1916	0.3272
halfpounder	0.6201	0.1092	0.2707
halfpounder	0.1650	0.3703	0.4648
halfpounder	0.2516	0.0811	0.6673
halfpounder	0.1610	0.7615	0.0775
halfpounder	0.7588	0.1238	0.1174
halfpounder	0.4486	0.1565	0.3950
halfpounder	0.0877	0.7920	0.1203
halfpounder	0.3930	0.0920	0.5150
halfpounder	0.3274	0.3498	0.3229
halfpounder	0.3365	0.0921	0.5714
halfpounder	0.3272	0.0877	0.5851
halfpounder	0.5605	0.1319	0.3076
halfpounder	0.3920	0.2469	0.3612
halfpounder	0.3027	0.3016	0.3958
halfpounder	0.0699	0.8715	0.0586
halfpounder	0.1651	0.5158	0.3191
halfpounder	0.3880	0.1731	0.4389
halfpounder	0.2338	0.4822	0.2840
halfpounder	0.0981	0.8465	0.0554
halfpounder	0.2445	0.2867	0.4688
halfpounder	0.1119	0.3531	0.5350
halfpounder	0.5629	0.2469	0.1902
halfpounder	0.1943	0.3026	0.5031
halfpounder	0.5649	0.0969	0.3382
halfpounder	0.1557	0.5665	0.2778
halfpounder	0.1891	0.6472	0.1638
halfpounder	0.5185	0.1971	0.2844
halfpounder	0.2211	0.4051	0.3738
halfpounder	0.2410	0.0565	0.7025
halfpounder	0.1757	0.3182	0.5061
halfpounder	0.5031	0.1297	0.3672
halfpounder	0.2652	0.2802	0.4546
halfpounder	0.5166	0.2042	0.2792
halfpounder	0.0656	0.7532	0.1812
halfpounder	0.4170	0.4825	0.1005
halfpounder	0.0892	0.8361	0.0747
halfpounder	0.4180	0.1419	0.4401
halfpounder	0.4486	0.1324	0.4190
halfpounder	0.2706	0.3691	0.3603
halfpounder	0.2438	0.2985	0.4578
halfpounder	0.2911	0.2624	0.4464
halfpounder	0.2391	0.3799	0.3810
halfpounder	0.0693	0.8677	0.0630
halfpounder	0.1420	0.7143	0.1437
halfpounder	0.1416	0.1186	0.7398
halfpounder	0.2067	0.2497	0.5436
halfpounder	0.1431	0.1918	0.6651
halfpounder	0.4139	0.1682	0.4179
halfpounder	0.4983	0.2085	0.2932
halfpounder	0.3972	0.4144	0.1884
halfpounder	0.2490	0.0787	0.6723
halfpounder	0.4173	0.1545	0.4281
halfpounder	0.5032	0.1622	0.3346
halfpounder	0.0759	0.8546	0.0695
halfpounder	0.2707	0.3314	0.3979
halfpounder	0.1597	0.7035	0.1368
halfpounder	0.3638	0.4984	0.1378
halfpounder	0.5640	0.2471	0.1889
halfpounder	0.5030	0.2653	0.2317
halfpounder	0.6220	0.1984	0.1796
halfpounder	0.2963	0.2341	0.4696
halfpounder	0.5914	0.2606	0.1480
halfpounder	0.4835	0.2989	0.2176
halfpounder	0.3849	0.1929	0.4223
halfpounder	0.3660	0.3285	0.3056
halfpounder	0.5886	0.2365	0.1749
fall	0.4177	0.2614	0.3210
fall	0.2084	0.5355	0.2561
fall	0.6558	0.1970	0.1471
fall	0.5820	0.2789	0.1391
fall	0.5486	0.2957	0.1557
fall	0.3159	0.2201	0.4641
fall	0.5647	0.2030	0.2322
fall	0.5872	0.1760	0.2368
fall	0.6784	0.1112	0.2103
fall	0.4268	0.4278	0.1454
fall	0.2989	0.3091	0.3920
fall	0.4559	0.3525	0.1917
fall	0.6286	0.1793	0.1922
fall	0.2633	0.5338	0.2029
fall	0.3394	0.3604	0.3001
fall	0.5665	0.1105	0.3229
fall	0.1914	0.6803	0.1283
fall	0.1476	0.2160	0.6364
fall	0.3888	0.2410	0.3701
fall	0.3852	0.3650	0.2497
fall	0.1682	0.4043	0.4274
fall	0.2038	0.3575	0.4387
fall	0.4086	0.3786	0.2128
fall	0.5161	0.1944	0.2896
fall	0.4016	0.3585	0.2399
fall	0.3224	0.2838	0.3939
fall	0.5314	0.1418	0.3268
fall	0.4842	0.1703	0.3455
fall	0.5549	0.1209	0.3242
fall	0.0588	0.9010	0.0402
fall	0.0709	0.6196	0.3095
fall	0.4355	0.2811	0.2834
fall	0.0569	0.8761	0.0670
fall	0.2823	0.5288	0.1889
fall	0.4411	0.3032	0.2556
fall	0.2329	0.1797	0.5874
fall	0.4275	0.4495	0.1230
fall	0.7801	0.1148	0.1051
fall	0.2643	0.1336	0.6021
fall	0.2566	0.6514	0.0920
fall	0.3859	0.1781	0.4361
fall	0.3133	0.3777	0.3091
fall	0.4349	0.2199	0.3452
fall	0.1026	0.8205	0.0769
fall	0.1611	0.6273	0.2115
fall	0.4952	0.2516	0.2532
fall	0.1531	0.4276	0.4193
fall	0.4370	0.1889	0.3741
fall	0.2891	0.5991	0.1118
fall	0.4604	0.1421	0.3975
fall	0.4695	0.3069	0.2236
fall	0.1565	0.7622	0.0813
fall	0.3713	0.4519	0.1767
fall	0.1997	0.6643	0.1360
fall	0.5063	0.2076	0.2861
fall	0.3154	0.2088	0.4758
fall	0.2859	0.2957	0.4185
fall	0.5369	0.3135	0.1496
fall	0.7699	0.1190	0.1111
fall	0.1987	0.1356	0.6657
fall	0.3834	0.0899	0.5267
fall	0.4970	0.0877	0.4153
fall	0.3903	0.0809	0.5288
fall	0.5950	0.1217	0.2833
fall	0.3329	0.5117	0.1554
fall	0.4688	0.2133	0.3179
fall	0.6744	0.1122	0.2134
fall	0.4204	0.3976	0.1820
fall	0.5944	0.1635	0.2421
fall	0.6502	0.1439	0.2059
fall	0.3738	0.1425	0.4838
fall	0.2854	0.3179	0.3967
fall	0.2814	0.3413	0.3774
fall	0.1802	0.6566	0.1633
fall	0.3915	0.3752	0.2333
fall	0.4280	0.4097	0.1622
fall	0.5454	0.2330	0.2217
fall	0.6295	0.1307	0.2398
fall	0.3856	0.3524	0.2619
fall	0.1936	0.5820	0.2244
fall	0.5893	0.2489	0.1618
fall	0.4144	0.2301	0.3555
fall	0.4682	0.2186	0.3132
fall	0.2549	0.1826	0.5625
fall	0.2602	0.3592	0.3805
fall	0.2187	0.1598	0.6215
fall	0.2586	0.4518	0.2895
fall	0.5888	0.3133	0.0979
fall	0.4288	0.4135	0.1577
fall	0.2441	0.4225	0.3334
fall	0.2482	0.3011	0.4507
fall	0.3359	0.1401	0.5240
fall	0.1340	0.1962	0.6698
fall	0.5067	0.2352	0.2581
fall	0.5071	0.1651	0.3277
fall	0.5065	0.2621	0.2314
fall	0.1826	0.4791	0.3383
fall	0.1190	0.2687	0.6123
fall	0.3664	0.4150	0.2186
fall	0.4478	0.1905	0.3618
fall	0.5011	0.1516	0.3473
fall	0.2000	0.5215	0.2785
fall	0.4185	0.3694	0.2120
fall	0.2911	0.1257	0.5832
fall	0.4481	0.2977	0.2542
fall	0.1478	0.5058	0.3464
fall	0.4460	0.1944	0.3596
fall	0.6005	0.1250	0.2744
fall	0.7371	0.0888	0.1741
fall	0.5983	0.2209	0.1808
fall	0.5134	0.1756	0.3110
fall	0.1911	0.4488	0.3600
fall	0.1725	0.7157	0.1118
fall	0.1189	0.7718	0.1093
fall	0.0957	0.8218	0.0825
fall	0.1267	0.6594	0.2139
fall	0.5636	0.1020	0.3344
fall	0.4138	0.2958	0.2905
fall	0.3022	0.3757	0.3221
fall	0.5074	0.1176	0.3750
fall	0.4221	0.1092	0.4687
fall	0.2133	0.5710	0.2157
fall	0.7515	0.1142	0.1343
fall	0.3734	0.3233	0.3034
fall	0.0946	0.8177	0.0877
fall	0.6027	0.2812	0.1161
fall	0.2575	0.5231	0.2194
fall	0.2888	0.3933	0.3179
fall	0.3993	0.4456	0.1551
fall	0.3255	0.5547	0.1198
fall	0.2165	0.5800	0.2034
fall	0.6395	0.1747	0.1858
fall	0.1752	0.0632	0.7616
fall	0.1222	0.6190	0.2588
fall	0.2154	0.5312	0.2534
fall	0.3095	0.2654	0.4252
fall	0.3143	0.3523	0.3333
fall	0.3126	0.2433	0.4441
fall	0.3912	0.2531	0.3557
fall	0.4799	0.3764	0.1438
fall	0.2323	0.6511	0.1166
fall	0.5050	0.3694	0.1256
fall	0.5622	0.2872	0.1506
fall	0.1071	0.7303	0.1626
fall	0.2710	0.0721	0.6569
fall	0.3624	0.3009	0.3367
fall	0.5373	0.0894	0.3733
fall	0.1671	0.5252	0.3077
fall	0.3809	0.1770	0.4421
fall	0.7057	0.1637	0.1305
fall	0.1156	0.2708	0.6136
fall	0.5780	0.1685	0.2534
fall	0.1365	0.8013	0.0622
fall	0.1821	0.6816	0.1363
fall	0.2761	0.4225	0.3013
fall	0.5527	0.2734	0.1739
fall	0.2528	0.5235	0.2237
fall	0.5787	0.1630	0.2583
fall	0.5963	0.1826	0.2211
fall	0.6335	0.1044	0.2621
fall	0.3533	0.3923	0.2544
fall	0.1835	0.5814	0.2351
fall	0.1778	0.1663	0.6559
fall	0.5421	0.2692	0.1888
fall	0.0896	0.8421	0.0683
fall	0.7235	0.1468	0.1298
fall	0.2535	0.1093	0.6372
fall	0.0897	0.8209	0.0894
fall	0.6434	0.1875	0.1691
fall	0.5669	0.2169	0.2162
fall	0.1195	0.7984	0.0820
fall	0.2381	0.1090	0.6529
fall	0.4329	0.2396	0.3275
fall	0.2452	0.6273	0.1275
fall	0.0866	0.8455	0.0679
fall	0.0765	0.7030	0.2205
fall	0.3328	0.5161	0.1511
fall	0.6746	0.1673	0.1581
fall	0.6586	0.2108	0.1306
fall	0.1217	0.6955	0.1828
fall	0.2534	0.5350	0.2116
fall	0.6391	0.2479	0.1130
fall	0.2019	0.6645	0.1336
fall	0.3422	0.1282	0.5296
fall	0.4255	0.2758	0.2986
fall	0.6370	0.1567	0.2064
fall	0.4249	0.4373	0.1378
fall	0.3377	0.3337	0.3286
halfpounder	0.2054	0.4504	0.3442
halfpounder	0.3727	0.2830	0.3442
halfpounder	0.4895	0.2725	0.2381
halfpounder	0.1103	0.6080	0.2817
halfpounder	0.1841	0.6686	0.1473
halfpounder	0.1348	0.7948	0.0704
halfpounder	0.3571	0.4563	0.1865
halfpounder	0.1325	0.0858	0.7817
halfpounder	0.1221	0.7719	0.1060
halfpounder	0.4366	0.2774	0.2859
halfpounder	0.1051	0.8186	0.0763
halfpounder	0.6205	0.2564	0.1231
halfpounder	0.1658	0.2897	0.5445
halfpounder	0.6658	0.0902	0.2440
halfpounder	0.3520	0.3530	0.2950
halfpounder	0.3187	0.5107	0.1706
halfpounder	0.2228	0.4206	0.3565
halfpounder	0.1176	0.7413	0.1411
halfpounder	0.6445	0.0931	0.2623
halfpounder	0.3746	0.2413	0.3840
halfpounder	0.4349	0.3214	0.2438
halfpounder	0.5729	0.2047	0.2224
halfpounder	0.2199	0.2969	0.4833
halfpounder	0.1228	0.8135	0.0637
halfpounder	0.1848	0.5952	0.2201
halfpounder	0.4119	0.3450	0.2431
halfpounder	0.5580	0.2428	0.1991
halfpounder	0.4579	0.1320	0.4102
halfpounder	0.1150	0.1211	0.7639
halfpounder	0.2197	0.5458	0.2345
halfpounder	0.6668	0.1452	0.1879
halfpounder	0.2198	0.3564	0.4239
halfpounder	0.4640	0.1937	0.3423
halfpounder	0.6888	0.1133	0.1979
halfpounder	0.3684	0.2950	0.3366
halfpounder	0.3705	0.2287	0.4008
halfpounder	0.3040	0.0967	0.5993
halfpounder	0.3503	0.1329	0.5168
halfpounder	0.4608	0.1793	0.3600
halfpounder	0.1882	0.5386	0.2732
halfpounder	0.2235	0.5317	0.2448
halfpounder	0.2251	0.2807	0.4941
halfpounder	0.5336	0.1774	0.2890
halfpounder	0.5099	0.1387	0.3514
halfpounder	0.5241	0.2458	0.2301
halfpounder	0.1292	0.1974	0.6734
halfpounder	0.1425	0.0920	0.7655
halfpounder	0.5372	0.2845	0.1783
halfpounder	0.1211	0.7831	0.0958
halfpounder	0.2874	0.4756	0.2370
halfpounder	0.4234	0.2569	0.3198
halfpounder	0.2455	0.0892	0.6653
halfpounder	0.4919	0.2998	0.2083
halfpounder	0.6825	0.1352	0.1823
halfpounder	0.2372	0.1610	0.6018
halfpounder	0.2623	0.5585	0.1792
halfpounder	0.2302	0.3750	0.3948
halfpounder	0.3675	0.1640	0.4685
halfpounder	0.3124	0.4121	0.2756
halfpounder	0.2874	0.4257	0.2869
halfpounder	0.2806	0.1909	0.5285
halfpounder	0.2494	0.3022	0.4484
halfpounder	0.2306	0.3232	0.4462
halfpounder	0.0697	0.8656	0.0647
halfpounder	0.5153	0.2493	0.2353
halfpounder	0.3062	0.3207	0.3731
halfpounder	0.1049	0.7480	0.1471
halfpounder	0.2195	0.4721	0.3085
halfpounder	0.1988	0.4935	0.3078
halfpounder	0.2272	0.2234	0.5494
halfpounder	0.4731	0.3106	0.2163
halfpounder	0.2143	0.5772	0.2085
halfpounder	0.2344	0.2013	0.5643
halfpounder	0.4343	0.1867	0.3789
halfpounder	0.4275	0.3018	0.2706
halfpounder	0.3168	0.2855	0.3977
halfpounder	0.5218	0.2645	0.2137
halfpounder	0.3886	0.2292	0.3822
halfpounder	0.6336	0.2082	0.1582
halfpounder	0.2980	0.1983	0.5038
halfpounder	0.2417	0.2308	0.5275
halfpounder	0.5455	0.1682	0.2863
halfpounder	0.4452	0.1402	0.4145
halfpounder	0.6251	0.1673	0.2076
halfpounder	0.3718	0.1327	0.4955
halfpounder	0.5435	0.3295	0.1270
halfpounder	0.4541	0.1054	0.4405
halfpounder	0.7216	0.0742	0.2042
halfpounder	0.4322	0.2065	0.3613
halfpounder	0.5667	0.1767	0.2566
halfpounder	0.5118	0.1320	0.3562
halfpounder	0.5121	0.0815	0.4064
halfpounder	0.5399	0.1894	0.2707
halfpounder	0.5499	0.1656	0.2845
halfpounder	0.1404	0.1921	0.6675
halfpounder	0.4879	0.2392	0.2728
halfpounder	0.1846	0.4126	0.4027
halfpounder	0.2241	0.2286	0.5473
halfpounder	0.4851	0.1661	0.3488
halfpounder	0.2724	0.5971	0.1305
halfpounder	0.5196	0.1006	0.3798
halfpounder	0.5508	0.2979	0.1513
halfpounder	0.2473	0.3689	0.3837
halfpounder	0.4168	0.2703	0.3130
halfpounder	0.2306	0.6121	0.1573
halfpounder	0.3187	0.1775	0.5037
halfpounder	0.5289	0.2895	0.1817
halfpounder	0.4234	0.1847	0.3919
halfpounder	0.3776	0.1632	0.4592
halfpounder	0.4138	0.1450	0.4413
halfpounder	0.3214	0.2496	0.4289
halfpounder	0.3443	0.3967	0.2589
halfpounder	0.3965	0.4639	0.1397
halfpounder	0.1987	0.1794	0.6219
halfpounder	0.3268	0.3002	0.3729
halfpounder	0.7094	0.0918	0.1988
halfpounder	0.3277	0.2891	0.3832
halfpounder	0.3817	0.2017	0.4167
halfpounder	0.4782	0.2337	0.2880
halfpounder	0.2908	0.3097	0.3996
halfpounder	0.3209	0.3367	0.3425
halfpounder	0.3069	0.1880	0.5051
halfpounder	0.3695	0.3420	0.2886
halfpounder	0.1735	0.1116	0.7149
halfpounder	0.5621	0.1906	0.2472
halfpounder	0.6165	0.2000	0.1836
halfpounder	0.3340	0.1827	0.4833
halfpounder	0.2246	0.5526	0.2228
halfpounder	0.4370	0.3368	0.2262
halfpounder	0.4684	0.1178	0.4138
halfpounder	0.1794	0.2696	0.5510
halfpounder	0.0900	0.8463	0.0637
halfpounder	0.5382	0.1731	0.2887
halfpounder	0.2460	0.6721	0.0819
halfpounder	0.3876	0.1112	0.5013
halfpounder	0.2865	0.1857	0.5278
halfpounder	0.5229	0.1155	0.3616
halfpounder	0.4246	0.1686	0.4068
halfpounder	0.4374	0.1837	0.3789
halfpounder	0.5398	0.2902	0.1700
halfpounder	0.5182	0.0935	0.3883
halfpounder	0.0599	0.8885	0.0516
halfpounder	0.3120	0.3983	0.2898
halfpounder	0.2546	0.2286	0.5168
halfpounder	0.7436	0.0546	0.2018
halfpounder	0.4813	0.1636	0.3551
halfpounder	0.4210	0.1846	0.3944
halfpounder	0.3841	0.3316	0.2844
halfpounder	0.6266	0.1419	0.2315
halfpounder	0.1707	0.3505	0.4787
halfpounder	0.4043	0.2472	0.3485
halfpounder	0.2277	0.2785	0.4937
halfpounder	0.3966	0.1757	0.4277
halfpounder	0.4643	0.3101	0.2256
halfpounder	0.5224	0.2181	0.2595
halfpounder	0.2867	0.0876	0.6257
halfpounder	0.2569	0.3776	0.3654
halfpounder	0.5215	0.1321	0.3464
halfpounder	0.5866	0.1346	0.2788
halfpounder	0.3899	0.1512	0.4589
halfpounder	0.3842	0.2995	0.3162
halfpounder	0.6961	0.1557	0.1482
halfpounder	0.6512	0.1131	0.2357
halfpounder	0.1647	0.1569	0.6784
halfpounder	0.1651	0.7411	0.0938
halfpounder	0.2699	0.4092	0.3209
halfpounder	0.4529	0.3047	0.2425
halfpounder	0.4195	0.2710	0.3095
halfpounder	0.2579	0.4185	0.3237
halfpounder	0.7546	0.0826	0.1628
halfpounder	0.0955	0.1644	0.7401
halfpounder	0.4300	0.2534	0.3166
halfpounder	0.5542	0.3333	0.1125
halfpounder	0.4547	0.1434	0.4019
halfpounder	0.1115	0.4042	0.4844
halfpounder	0.1699	0.1924	0.6376
halfpounder	0.2355	0.2771	0.4874
halfpounder	0.6150	0.2615	0.1235
halfpounder	0.3162	0.2519	0.4320
halfpounder	0.3919	0.4011	0.2070
halfpounder	0.3195	0.1152	0.5653
halfpounder	0.3860	0.3047	0.3093
halfpounder	0.0556	0.8833	0.0611
halfpounder	0.3923	0.3546	0.2530
halfpounder	0.1294	0.0810	0.7896
halfpounder	0.6800	0.0959	0.2241
halfpounder	0.1889	0.1814	0.6296
halfpounder	0.2920	0.1719	0.5361
halfpounder	0.3804	0.4775	0.1421
halfpounder	0.1644	0.0957	0.7399
halfpounder	0.1428	0.3420	0.5152
halfpounder	0.4684	0.3277	0.2039
halfpounder	0.1348	0.1651	0.7001
halfpounder	0.3788	0.2700	0.3512
halfpounder	0.3719	0.5089	0.1192
halfpounder	0.5692	0.2450	0.1858
halfpounder	0.4851	0.3826	0.1323
halfpounder	0.3526	0.1855	0.4619
halfpounder	0.7323	0.0884	0.1793
halfpounder	0.4492	0.3323	0.2185
halfpounder	0.4292	0.1472	0.4237
halfpounder	0.5002	0.3287	0.1711
halfpounder	0.2897	0.0955	0.6148
halfpounder	0.6882	0.1451	0.1666
halfpounder	0.4244	0.1067	0.4689
halfpounder	0.0950	0.7918	0.1132
halfpounder	0.4088	0.3169	0.2744
halfpounder	0.2892	0.1813	0.5295
halfpounder	0.3180	0.2592	0.4227
halfpounder	0.3319	0.4914	0.1768
halfpounder	0.6665	0.1435	0.1899
halfpounder	0.5750	0.1980	0.2269
halfpounder	0.2392	0.1254	0.6353
halfpounder	0.7108	0.0609	0.2282
halfpounder	0.5468	0.2447	0.2085
halfpounder	0.6551	0.0990	0.2459
halfpounder	0.6811	0.1621	0.1569
halfpounder	0.2289	0.4392	0.3318
halfpounder	0.2537	0.0950	0.6513
halfpounder	0.4940	0.2799	0.2261
halfpounder	0.1080	0.7639	0.1282
halfpounder	0.2826	0.5316	0.1858
halfpounder	0.3181	0.3967	0.2852
halfpounder	0.4768	0.3170	0.2061
halfpounder	0.6312	0.1094	0.2594
halfpounder	0.6055	0.1595	0.2350
halfpounder	0.4627	0.0922	0.4451
halfpounder	0.1020	0.1391	0.7590
halfpounder	0.3661	0.2019	0.4319
halfpounder	0.2573	0.0865	0.6562
halfpounder	0.5469	0.1695	0.2836
halfpounder	0.4088	0.4403	0.1509
halfpounder	0.4034	0.3253	0.2712
halfpounder	0.3679	0.3490	0.2831
halfpounder	0.4391	0.2699	0.2909
halfpounder	0.1282	0.4979	0.3738
halfpounder	0.1525	0.6148	0.2327
halfpounder	0.7049	0.1965	0.0986
halfpounder	0.3757	0.2226	0.4016
halfpounder	0.3331	0.2051	0.4618
halfpounder	0.1273	0.0994	0.7733
halfpounder	0.3588	0.1379	0.5032
halfpounder	0.2280	0.5053	0.2667
halfpounder	0.1155	0.5300	0.3545
halfpounder	0.3779	0.4051	0.2169
halfpounder	0.2675	0.3611	0.3715
halfpounder	0.3383	0.3613	0.3004
halfpounder	0.1165	0.0896	0.7939
halfpounder	0.2000	0.0857	0.7143
halfpounder	0.4136	0.3526	0.2338
halfpounder	0.4386	0.1566	0.4049
halfpounder	0.4491	0.1812	0.3697
halfpounder	0.4826	0.0715	0.4459
halfpounder	0.5229	0.3215	0.1556
halfpounder	0.6701	0.1801	0.1498
halfpounder	0.2459	0.1712	0.5829
halfpounder	0.1720	0.5248	0.3032
halfpounder	0.3002	0.4942	0.2056
halfpounder	0.0964	0.5671	0.3365
halfpounder	0.5046	0.2101	0.2853
halfpounder	0.1171	0.3133	0.5696
halfpounder	0.1961	0.2508	0.5531
halfpounder	0.5065	0.2888	0.2048
halfpounder	0.1425	0.3659	0.4916
halfpounder	0.6059	0.2258	0.1683
halfpounder	0.3730	0.3822	0.2448
halfpounder	0.6275	0.1231	0.2494
halfpounder	0.1601	0.2068	0.6330
halfpounder	0.5840	0.2561	0.1599
halfpounder	0.6109	0.1885	0.2006
halfpounder	0.2607	0.5727	0.1666
halfpounder	0.1431	0.1627	0.6942
halfpounder	0.5410	0.1091	0.3499
halfpounder	0.4867	0.0918	0.4215
halfpounder	0.5047	0.2296	0.2658
halfpounder	0.1382	0.1537	0.7082
halfpounder	0.1211	0.1518	0.7271
halfpounder	0.1343	0.1527	0.7130
halfpounder	0.2383	0.5713	0.1904
halfpounder	0.6587	0.1506	0.1908
halfpounder	0.5709	0.2820	0.1471
halfpounder	0.1532	0.3427	0.5041
halfpounder	0.3189	0.5326	0.1485
halfpounder	0.6774	0.1222	0.2004
halfpounder	0.2185	0.3439	0.4375
halfpounder	0.1412	0.7373	0.1215
halfpounder	0.2228	0.3795	0.3976
halfpounder	0.1250	0.1094	0.7656
halfpounder	0.7538	0.1006	0.1456
halfpounder	0.4742	0.1472	0.3786
halfpounder	0.5138	0.2392	0.2470
halfpounder	0.1711	0.3712	0.4577
halfpounder	0.2928	0.4439	0.2632
halfpounder	0.3453	0.4246	0.2302
halfpounder	0.6546	0.0932	0.2522
halfpounder	0.2433	0.3327	0.4241
halfpounder	0.6446	0.1410	0.2143
halfpounder	0.6686	0.1454	0.1860
halfpounder	0.5034	0.1276	0.3690
halfpounder	0.2979	0.1110	0.5911
halfpounder	0.2793	0.5149	0.2058
halfpounder	0.1401	0.7703	0.0896
halfpounder	0.3604	0.3756	0.2640
halfpounder	0.2173	0.2785	0.5042
halfpounder	0.5195	0.2702	0.2103
halfpounder	0.5526	0.3302	0.1172
halfpounder	0.1725	0.0865	0.7410
halfpounder	0.5970	0.0851	0.3179
halfpounder	0.3690	0.1275	0.5035
halfpounder	0.1228	0.0892	0.7879
halfpounder	0.1826	0.3825	0.4349
halfpounder	0.3390	0.2847	0.3763
halfpounder	0.5735	0.2332	0.1932
halfpounder	0.2033	0.3680	0.4287
halfpounder	0.2901	0.4747	0.2352
halfpounder	0.6755	0.0558	0.2687
halfpounder	0.1712	0.0733	0.7555
halfpounder	0.2286	0.4121	0.3593
winter	0.1665	0.1748	0.6587
halfpounder	0.4311	0.2216	0.3472
winter	0.6256	0.0999	0.2745
winter	0.8020	0.0606	0.1374
winter	0.5626	0.2618	0.1756
halfpounder	0.2502	0.1352	0.6146
winter	0.1773	0.1205	0.7022
summer	0.2739	0.3048	0.4213
halfpounder	0.4006	0.1778	0.4215
summer	0.3318	0.3473	0.3210
summer	0.2373	0.1436	0.6191
summer	0.2397	0.1591	0.6011
summer	0.1765	0.2194	0.6041
summer	0.2143	0.1455	0.6402
winter	0.5006	0.2922	0.2071
halfpounder	0.1305	0.1663	0.7032
winter	0.4421	0.1671	0.3908
winter	0.2832	0.1025	0.6143
winter	0.2884	0.1307	0.5809
winter	0.1995	0.2782	0.5224
halfpounder	0.1166	0.6841	0.1993
winter	0.5018	0.1455	0.3526
summer	0.2073	0.3494	0.4434
summer	0.1040	0.0690	0.8270
summer	0.4656	0.1137	0.4206
summer	0.4392	0.2913	0.2695
summer	0.2735	0.3311	0.3955
summer	0.6078	0.1480	0.2442
winter	0.2247	0.0847	0.6906
winter	0.3841	0.1775	0.4384
winter	0.2425	0.0740	0.6835
winter	0.2299	0.1517	0.6185
winter	0.3350	0.2543	0.4108
halfpounder	0.3168	0.4140	0.2693
winter	0.2065	0.2794	0.5141
summer	0.4478	0.2664	0.2857
halfpounder	0.1350	0.2208	0.6442
summer	0.3205	0.1078	0.5717
summer	0.1140	0.3160	0.5700
summer	0.3762	0.1206	0.5031
summer	0.2545	0.1348	0.6108
winter	0.4696	0.2853	0.2452
winter	0.5658	0.1047	0.3295
winter	0.5126	0.2539	0.2335
winter	0.7127	0.1494	0.1378
halfpounder	0.2398	0.3919	0.3682
winter	0.2774	0.2536	0.4689
halfpounder	0.4096	0.2835	0.3069
summer	0.4589	0.1291	0.4120
summer	0.7519	0.0543	0.1938
summer	0.3024	0.2447	0.4528
summer	0.2628	0.2363	0.5009
summer	0.2238	0.1370	0.6392
winter	0.3365	0.2595	0.4041
halfpounder	0.1676	0.3046	0.5278
winter	0.3120	0.1302	0.5578
winter	0.3460	0.1230	0.5310
winter	0.6050	0.1364	0.2585
winter	0.3814	0.2122	0.4064
halfpounder	0.3420	0.1632	0.4949
winter	0.3891	0.2121	0.3988
halfpounder	0.1102	0.8045	0.0853
summer	0.1644	0.0817	0.7540
halfpounder	0.1381	0.7315	0.1304
summer	0.6746	0.1607	0.1647
summer	0.4943	0.2512	0.2544
summer	0.1353	0.2035	0.6612
summer	0.1203	0.0951	0.7846
winter	0.2417	0.3742	0.3841
halfpounder	0.2082	0.1326	0.6592
winter	0.6811	0.1151	0.2038
winter	0.1038	0.1128	0.7834
winter	0.6642	0.1170	0.2188
winter	0.3143	0.2528	0.4330
halfpounder	0.4816	0.3653	0.1531
halfpounder	0.2516	0.1931	0.5553
summer	0.0902	0.1291	0.7807
summer	0.1403	0.0910	0.7687
summer	0.4715	0.0679	0.4606
summer	0.0962	0.0896	0.8142
summer	0.2768	0.1074	0.6158
halfpounder	0.6506	0.1250	0.2244
winter	0.5552	0.0982	0.3466
winter	0.2159	0.0912	0.6928
winter	0.3187	0.1717	0.5096
winter	0.2848	0.2489	0.4663
summer	0.3865	0.2771	0.3364
summer	0.2479	0.1526	0.5995
summer	0.4928	0.1160	0.3913
summer	0.1558	0.1216	0.7226
summer	0.4593	0.0970	0.4437
halfpounder	0.1586	0.4473	0.3941
winter	0.7352	0.0997	0.1651
winter	0.6098	0.1407	0.2495
winter	0.5795	0.1920	0.2286
halfpounder	0.1360	0.5131	0.3509
halfpounder	0.4894	0.2311	0.2795
summer	0.3686	0.1985	0.4329
summer	0.1355	0.2262	0.6383
summer	0.5164	0.0608	0.4228
summer	0.5900	0.1332	0.2768
summer	0.2547	0.1160	0.6293
halfpounder	0.2685	0.5739	0.1576
halfpounder	0.1884	0.6194	0.1923
halfpounder	0.3154	0.2725	0.4121
halfpounder	0.1128	0.7948	0.0924
halfpounder	0.6220	0.1956	0.1824
halfpounder	0.2024	0.1334	0.6641
halfpounder	0.3131	0.0762	0.6107
halfpounder	0.4794	0.2610	0.2595
halfpounder	0.0714	0.8482	0.0804
halfpounder	0.1231	0.7172	0.1596
halfpounder	0.0897	0.7986	0.1117
halfpounder	0.2327	0.1599	0.6073
halfpounder	0.2375	0.1965	0.5660
halfpounder	0.6799	0.1314	0.1888
halfpounder	0.5175	0.3051	0.1774
halfpounder	0.2297	0.5255	0.2448
halfpounder	0.3436	0.4761	0.1803
halfpounder	0.5395	0.2382	0.2224
halfpounder	0.1419	0.4675	0.3905
halfpounder	0.1132	0.0497	0.8371
halfpounder	0.0820	0.8356	0.0824
halfpounder	0.2655	0.1792	0.5553
halfpounder	0.6967	0.1233	0.1800
halfpounder	0.1371	0.1915	0.6714
halfpounder	0.1041	0.1393	0.7566
halfpounder	0.3664	0.2313	0.4022
halfpounder	0.1252	0.2004	0.6744
halfpounder	0.2124	0.2987	0.4890
halfpounder	0.3335	0.0785	0.5880
halfpounder	0.2839	0.0926	0.6235
halfpounder	0.1872	0.1588	0.6540
halfpounder	0.1294	0.7581	0.1125
halfpounder	0.6318	0.1517	0.2165
halfpounder	0.5221	0.1633	0.3146
halfpounder	0.1508	0.0989	0.7503
halfpounder	0.3139	0.3361	0.3500
halfpounder	0.1490	0.3713	0.4797
halfpounder	0.1926	0.5980	0.2094
halfpounder	0.3450	0.1363	0.5187
halfpounder	0.3667	0.2244	0.4090
halfpounder	0.5403	0.1267	0.3330
halfpounder	0.4751	0.1982	0.3268
halfpounder	0.2057	0.3732	0.4211
halfpounder	0.0650	0.8799	0.0551
halfpounder	0.6484	0.1176	0.2340
halfpounder	0.2115	0.1654	0.6231
halfpounder	0.3299	0.3333	0.3369
halfpounder	0.0916	0.8139	0.0946
halfpounder	0.3495	0.4089	0.2416
halfpounder	0.4979	0.2068	0.2953
halfpounder	0.1241	0.2021	0.6738
halfpounder	0.2409	0.6356	0.1236
halfpounder	0.1035	0.2742	0.6223
halfpounder	0.1159	0.7802	0.1039
halfpounder	0.2117	0.1312	0.6571
halfpounder	0.1465	0.0935	0.7600
halfpounder	0.3262	0.0974	0.5764
halfpounder	0.1797	0.2376	0.5827
halfpounder	0.2558	0.2120	0.5322
halfpounder	0.1895	0.5949	0.2156
halfpounder	0.1177	0.7916	0.0907
halfpounder	0.3584	0.5165	0.1251
halfpounder	0.0964	0.7825	0.1211
halfpounder	0.0916	0.7947	0.1137
halfpounder	0.2936	0.2005	0.5059
halfpounder	0.1392	0.7273	0.1335
halfpounder	0.0855	0.7998	0.1147
halfpounder	0.5540	0.2191	0.2268
halfpounder	0.2398	0.4639	0.2963
halfpounder	0.5728	0.2970	0.1302
halfpounder	0.1044	0.7797	0.1159
halfpounder	0.1515	0.4554	0.3931
halfpounder	0.4607	0.3458	0.1935
halfpounder	0.1243	0.7759	0.0998
halfpounder	0.3652	0.3620	0.2729
halfpounder	0.3054	0.4881	0.2065
halfpounder	0.2309	0.6386	0.1305
halfpounder	0.3488	0.0657	0.5855
halfpounder	0.1636	0.7407	0.0957
halfpounder	0.4514	0.2305	0.3182
halfpounder	0.5490	0.1516	0.2994
halfpounder	0.1502	0.3887	0.4611
halfpounder	0.1738	0.0954	0.7308
halfpounder	0.1241	0.7613	0.1146
halfpounder	0.2681	0.1523	0.5796
halfpounder	0.3047	0.1474	0.5479
halfpounder	0.1990	0.2701	0.5309
halfpounder	0.2028	0.5426	0.2545
halfpounder	0.2554	0.6234	0.1212
halfpounder	0.2094	0.5384	0.2522
halfpounder	0.4054	0.2621	0.3325
halfpounder	0.5474	0.1069	0.3457
halfpounder	0.6159	0.1581	0.2260
halfpounder	0.3043	0.5467	0.1490
halfpounder	0.0729	0.8530	0.0741
halfpounder	0.0652	0.8585	0.0763
halfpounder	0.1728	0.4727	0.3545
halfpounder	0.5791	0.2001	0.2208
halfpounder	0.4088	0.3435	0.2476
halfpounder	0.7361	0.1608	0.1031
halfpounder	0.1151	0.8127	0.0722
halfpounder	0.4171	0.1602	0.4226
halfpounder	0.1435	0.1528	0.7037
halfpounder	0.3654	0.1432	0.4914
halfpounder	0.2910	0.5132	0.1958
halfpounder	0.2954	0.5702	0.1344
halfpounder	0.3348	0.3440	0.3211
halfpounder	0.2757	0.2338	0.4905
halfpounder	0.4033	0.4028	0.1939
halfpounder	0.4865	0.1082	0.4054
halfpounder	0.5347	0.1644	0.3009
halfpounder	0.1908	0.5905	0.2186
halfpounder	0.0507	0.9066	0.0427
halfpounder	0.0919	0.8080	0.1001
halfpounder	0.5316	0.3413	0.1271
halfpounder	0.0970	0.8212	0.0818
halfpounder	0.2337	0.6661	0.1002
halfpounder	0.3598	0.2630	0.3772
halfpounder	0.5108	0.3670	0.1222
halfpounder	0.5223	0.1641	0.3136
halfpounder	0.3338	0.1611	0.5051
halfpounder	0.2978	0.1695	0.5327
halfpounder	0.0803	0.8498	0.0699
halfpounder	0.2290	0.2497	0.5212
halfpounder	0.5307	0.1898	0.2795
halfpounder	0.0785	0.8691	0.0524
halfpounder	0.6034	0.2034	0.1931
halfpounder	0.3201	0.4410	0.2388
halfpounder	0.2884	0.3373	0.3744
halfpounder	0.2327	0.6436	0.1236
halfpounder	0.4810	0.3621	0.1569
halfpounder	0.0670	0.8525	0.0805
halfpounder	0.3274	0.3322	0.3403
halfpounder	0.1509	0.7464	0.1027
halfpounder	0.3323	0.1348	0.5329
