pop	clust1	clust2	clust3	clust4
fall	0.2952	0.0542	0.2169	0.4337
fall	0.3914	0.1513	0.0725	0.3848
fall	0.2873	0.0942	0.3105	0.3080
fall	0.7474	0.0396	0.0791	0.1340
fall	0.0334	0.8764	0.0370	0.0531
fall	0.1601	0.3803	0.3466	0.1130
fall	0.1263	0.3254	0.3404	0.2078
fall	0.1136	0.0416	0.6309	0.2139
fall	0.1815	0.4764	0.1689	0.1732
fall	0.1985	0.3998	0.0762	0.3255
fall	0.1783	0.0873	0.6109	0.1236
fall	0.2365	0.2701	0.1427	0.3508
fall	0.1406	0.0497	0.4732	0.3365
fall	0.1273	0.2396	0.3099	0.3232
fall	0.1437	0.4787	0.1197	0.2579
fall	0.2519	0.1175	0.3935	0.2371
fall	0.4056	0.1753	0.0489	0.3702
fall	0.3055	0.0291	0.2090	0.4564
fall	0.0787	0.0762	0.7323	0.1128
fall	0.2722	0.3683	0.0564	0.3030
fall	0.3017	0.3925	0.0891	0.2167
fall	0.1471	0.1071	0.5914	0.1543
fall	0.1367	0.4035	0.2285	0.2314
fall	0.4776	0.0593	0.2281	0.2350
fall	0.0872	0.4999	0.2325	0.1804
fall	0.1453	0.1504	0.3710	0.3333
fall	0.1293	0.0863	0.3788	0.4057
fall	0.5305	0.0891	0.1361	0.2442
fall	0.3818	0.1165	0.0998	0.4018
fall	0.1171	0.5054	0.1538	0.2238
fall	0.3249	0.1027	0.3733	0.1991
fall	0.3730	0.2145	0.1174	0.2951
fall	0.5366	0.1288	0.1533	0.1813
fall	0.1703	0.5133	0.1392	0.1772
fall	0.5369	0.1040	0.1217	0.2375
fall	0.1162	0.0829	0.6171	0.1838
fall	0.0940	0.2513	0.5564	0.0983
fall	0.0890	0.6137	0.1673	0.1300
fall	0.2848	0.1093	0.0710	0.5348
fall	0.2296	0.4361	0.0963	0.2380
fall	0.4051	0.0803	0.1350	0.3796
fall	0.0927	0.7521	0.0713	0.0839
fall	0.2716	0.0832	0.0933	0.5519
fall	0.4907	0.0746	0.2201	0.2146
fall	0.1841	0.4496	0.2311	0.1351
fall	0.4209	0.1267	0.2830	0.1694
fall	0.1550	0.0590	0.6471	0.1389
fall	0.1988	0.0543	0.1998	0.5471
fall	0.2823	0.0686	0.2934	0.3557
fall	0.3547	0.0509	0.0577	0.5368
fall	0.0814	0.7504	0.0807	0.0875
fall	0.0557	0.8015	0.0594	0.0834
fall	0.2027	0.0601	0.4931	0.2441
fall	0.3900	0.1200	0.1548	0.3352
fall	0.1765	0.1034	0.3835	0.3366
fall	0.1695	0.2579	0.4207	0.1518
fall	0.0694	0.0403	0.8340	0.0563
fall	0.0533	0.5801	0.2942	0.0724
fall	0.1586	0.0603	0.5761	0.2050
fall	0.1158	0.1647	0.6005	0.1190
fall	0.1753	0.1046	0.1176	0.6026
fall	0.1491	0.1069	0.3498	0.3941
fall	0.2878	0.2366	0.2359	0.2397
fall	0.5618	0.1070	0.0910	0.2402
fall	0.2706	0.0676	0.3015	0.3603
fall	0.1351	0.3171	0.2576	0.2902
fall	0.1548	0.0617	0.6629	0.1206
fall	0.2196	0.2325	0.2206	0.3273
fall	0.1844	0.2038	0.3787	0.2331
fall	0.4266	0.0603	0.0975	0.4156
fall	0.2370	0.0958	0.4210	0.2462
fall	0.2950	0.0719	0.2842	0.3489
fall	0.2379	0.2182	0.1232	0.4207
fall	0.4511	0.1111	0.0983	0.3395
fall	0.5029	0.1772	0.1247	0.1952
fall	0.4183	0.0889	0.1709	0.3219
fall	0.0311	0.9097	0.0267	0.0324
fall	0.3360	0.0547	0.0686	0.5406
fall	0.3377	0.1147	0.1406	0.4071
fall	0.0662	0.7733	0.0800	0.0806
fall	0.1795	0.3485	0.1791	0.2928
fall	0.1282	0.0264	0.7394	0.1060
fall	0.4779	0.0650	0.1886	0.2685
fall	0.2193	0.1189	0.4358	0.2260
fall	0.4011	0.0816	0.1740	0.3433
fall	0.3254	0.1281	0.1326	0.4139
fall	0.6362	0.0623	0.1590	0.1425
halfpounder	0.0523	0.8242	0.0392	0.0843
halfpounder	0.1356	0.0941	0.3396	0.4307
halfpounder	0.0643	0.8593	0.0314	0.0450
halfpounder	0.1961	0.0244	0.4596	0.3199
halfpounder	0.4026	0.0893	0.1240	0.3841
halfpounder	0.5224	0.0807	0.1655	0.2314
halfpounder	0.3963	0.1627	0.0778	0.3632
halfpounder	0.3777	0.2163	0.1519	0.2540
halfpounder	0.2245	0.2640	0.1943	0.3172
halfpounder	0.2089	0.3539	0.1867	0.2505
halfpounder	0.3777	0.0764	0.3525	0.1934
halfpounder	0.3515	0.0877	0.3540	0.2067
halfpounder	0.1775	0.0617	0.3746	0.3862
halfpounder	0.1393	0.5455	0.1687	0.1464
halfpounder	0.2681	0.1396	0.3308	0.2615
halfpounder	0.2245	0.3621	0.1655	0.2478
halfpounder	0.1595	0.0461	0.4636	0.3308
halfpounder	0.3694	0.3009	0.1974	0.1323
halfpounder	0.0522	0.8565	0.0389	0.0524
halfpounder	0.1352	0.2459	0.5366	0.0823
halfpounder	0.5295	0.1120	0.1212	0.2373
halfpounder	0.1820	0.1991	0.3084	0.3105
halfpounder	0.1638	0.5544	0.1439	0.1379
halfpounder	0.1252	0.0790	0.6695	0.1263
halfpounder	0.1301	0.2559	0.3150	0.2990
halfpounder	0.1090	0.5434	0.1098	0.2378
halfpounder	0.2810	0.0667	0.1191	0.5331
halfpounder	0.6691	0.0549	0.0803	0.1957
halfpounder	0.3080	0.1470	0.1049	0.4401
halfpounder	0.2985	0.1649	0.2290	0.3076
halfpounder	0.4806	0.0447	0.2030	0.2717
halfpounder	0.4849	0.0570	0.1418	0.3162
halfpounder	0.1216	0.0496	0.5929	0.2360
halfpounder	0.1972	0.0460	0.5907	0.1661
halfpounder	0.3741	0.1027	0.2361	0.2871
halfpounder	0.5127	0.0340	0.1879	0.2654
halfpounder	0.3824	0.2547	0.0902	0.2727
halfpounder	0.2206	0.1334	0.1523	0.4938
halfpounder	0.1039	0.7550	0.0441	0.0970
halfpounder	0.2065	0.0563	0.4664	0.2709
halfpounder	0.3107	0.0567	0.2262	0.4064
halfpounder	0.1929	0.3055	0.0840	0.4175
halfpounder	0.1819	0.1567	0.0779	0.5835
halfpounder	0.1915	0.0950	0.5423	0.1711
halfpounder	0.5859	0.0946	0.1730	0.1465
halfpounder	0.6657	0.0406	0.1287	0.1650
halfpounder	0.3285	0.0750	0.2729	0.3236
halfpounder	0.1109	0.0887	0.6765	0.1239
halfpounder	0.4858	0.1362	0.1479	0.2302
halfpounder	0.1723	0.2304	0.2799	0.3174
halfpounder	0.0847	0.6782	0.1580	0.0790
halfpounder	0.1502	0.0476	0.3402	0.4620
halfpounder	0.1664	0.1410	0.1147	0.5779
halfpounder	0.2163	0.1936	0.1187	0.4714
halfpounder	0.1551	0.4906	0.1971	0.1571
halfpounder	0.5109	0.1765	0.1288	0.1839
halfpounder	0.1466	0.0351	0.5450	0.2733
halfpounder	0.2632	0.0567	0.2480	0.4321
halfpounder	0.2018	0.1401	0.3486	0.3095
halfpounder	0.1361	0.2477	0.5091	0.1072
halfpounder	0.1313	0.0781	0.6903	0.1003
halfpounder	0.3684	0.0641	0.3301	0.2373
halfpounder	0.5331	0.1024	0.1136	0.2509
halfpounder	0.2213	0.1533	0.0857	0.5398
halfpounder	0.3737	0.0589	0.4689	0.0986
halfpounder	0.1981	0.1104	0.5777	0.1137
halfpounder	0.1831	0.1298	0.4307	0.2564
halfpounder	0.2362	0.0824	0.1036	0.5778
halfpounder	0.4226	0.1250	0.2829	0.1694
halfpounder	0.2810	0.2850	0.1450	0.2890
halfpounder	0.5016	0.0282	0.3204	0.1499
halfpounder	0.5805	0.0585	0.1592	0.2018
halfpounder	0.2293	0.1442	0.2338	0.3927
halfpounder	0.1340	0.0463	0.6989	0.1207
halfpounder	0.2949	0.2852	0.2908	0.1292
halfpounder	0.1734	0.1344	0.5293	0.1628
halfpounder	0.2293	0.0360	0.4225	0.3122
halfpounder	0.4510	0.0471	0.2860	0.2159
halfpounder	0.4583	0.1016	0.1139	0.3263
halfpounder	0.2697	0.1770	0.3429	0.2104
halfpounder	0.2549	0.1335	0.1768	0.4347
halfpounder	0.0456	0.8794	0.0297	0.0453
halfpounder	0.3867	0.1303	0.1803	0.3026
halfpounder	0.4516	0.0677	0.2295	0.2512
halfpounder	0.1421	0.3239	0.3726	0.1614
halfpounder	0.0601	0.8286	0.0503	0.0610
halfpounder	0.3059	0.0527	0.1297	0.5116
halfpounder	0.5419	0.0566	0.1000	0.3015
halfpounder	0.1255	0.2644	0.3574	0.2528
halfpounder	0.1588	0.0300	0.7388	0.0724
halfpounder	0.2236	0.0756	0.2083	0.4926
halfpounder	0.3606	0.0743	0.1390	0.4262
halfpounder	0.0543	0.8343	0.0564	0.0550
halfpounder	0.4037	0.1223	0.1121	0.3619
halfpounder	0.1315	0.1127	0.4543	0.3015
halfpounder	0.3075	0.0790	0.3694	0.2441
halfpounder	0.0871	0.7274	0.1028	0.0827
halfpounder	0.1374	0.0326	0.1140	0.7161
halfpounder	0.2015	0.3666	0.2102	0.2217
halfpounder	0.6370	0.0709	0.0731	0.2190
halfpounder	0.3783	0.0711	0.2151	0.3355
halfpounder	0.3196	0.3383	0.1767	0.1653
halfpounder	0.1995	0.1277	0.4758	0.1970
halfpounder	0.5843	0.0959	0.1576	0.1623
halfpounder	0.3233	0.0524	0.1608	0.4635
halfpounder	0.1324	0.2636	0.4689	0.1350
halfpounder	0.1673	0.0364	0.5802	0.2161
halfpounder	0.1004	0.7699	0.0413	0.0884
halfpounder	0.5876	0.0574	0.0490	0.3061
halfpounder	0.3014	0.0736	0.2504	0.3746
halfpounder	0.0603	0.8118	0.0742	0.0537
halfpounder	0.2009	0.0417	0.3370	0.4204
halfpounder	0.3041	0.2544	0.2253	0.2163
halfpounder	0.2423	0.0414	0.3953	0.3209
halfpounder	0.3697	0.0407	0.4234	0.1661
halfpounder	0.6720	0.0595	0.1115	0.1569
halfpounder	0.3437	0.1439	0.2229	0.2896
halfpounder	0.2642	0.1936	0.3182	0.2240
halfpounder	0.0326	0.8802	0.0361	0.0511
halfpounder	0.0954	0.4523	0.3023	0.1501
halfpounder	0.2086	0.0774	0.3108	0.4032
halfpounder	0.1320	0.3891	0.2279	0.2510
halfpounder	0.0644	0.8571	0.0291	0.0493
halfpounder	0.1542	0.1710	0.3920	0.2828
halfpounder	0.0996	0.2545	0.5774	0.0686
halfpounder	0.3192	0.1385	0.0943	0.4480
halfpounder	0.1897	0.1919	0.4793	0.1391
halfpounder	0.4841	0.0436	0.1396	0.3328
halfpounder	0.0937	0.5276	0.2278	0.1509
halfpounder	0.1283	0.6084	0.1093	0.1540
halfpounder	0.6084	0.0856	0.1189	0.1872
halfpounder	0.1327	0.2836	0.3380	0.2457
halfpounder	0.1825	0.0252	0.6140	0.1783
halfpounder	0.1652	0.2069	0.5038	0.1242
halfpounder	0.2355	0.0588	0.2350	0.4706
halfpounder	0.2018	0.1657	0.3867	0.2458
halfpounder	0.2607	0.1143	0.1683	0.4566
halfpounder	0.0403	0.7683	0.1479	0.0436
halfpounder	0.2517	0.4111	0.0556	0.2816
halfpounder	0.0653	0.8505	0.0388	0.0454
halfpounder	0.2296	0.0740	0.3087	0.3877
halfpounder	0.5807	0.0593	0.1965	0.1635
halfpounder	0.2607	0.2562	0.2725	0.2106
halfpounder	0.1993	0.1827	0.3902	0.2278
halfpounder	0.2284	0.1517	0.3823	0.2376
halfpounder	0.2168	0.2622	0.3450	0.1761
halfpounder	0.0386	0.8860	0.0353	0.0401
halfpounder	0.0840	0.7126	0.0884	0.1150
halfpounder	0.0747	0.0521	0.7663	0.1068
halfpounder	0.0943	0.1414	0.5447	0.2196
halfpounder	0.0853	0.1004	0.7219	0.0924
halfpounder	0.1213	0.0747	0.3053	0.4987
halfpounder	0.3660	0.1151	0.1809	0.3380
halfpounder	0.2856	0.2824	0.1131	0.3188
halfpounder	0.1260	0.0354	0.6063	0.2323
halfpounder	0.4409	0.0720	0.2127	0.2744
halfpounder	0.5620	0.0744	0.1558	0.2078
halfpounder	0.0522	0.8572	0.0403	0.0503
halfpounder	0.3139	0.2039	0.2959	0.1863
halfpounder	0.1523	0.6830	0.0774	0.0873
halfpounder	0.2135	0.4153	0.0670	0.3042
halfpounder	0.5684	0.1206	0.0897	0.2213
halfpounder	0.4198	0.1441	0.1165	0.3197
halfpounder	0.5311	0.1020	0.0802	0.2868
halfpounder	0.1706	0.1220	0.3908	0.3166
halfpounder	0.2703	0.1493	0.0761	0.5043
halfpounder	0.4250	0.1787	0.1163	0.2800
halfpounder	0.3651	0.0975	0.3107	0.2268
halfpounder	0.3912	0.2018	0.2058	0.2011
halfpounder	0.6252	0.1110	0.0804	0.1834
fall	0.1536	0.1420	0.2003	0.5041
fall	0.1149	0.4309	0.1870	0.2673
fall	0.2129	0.0890	0.0698	0.6282
fall	0.3837	0.1551	0.0748	0.3864
fall	0.1835	0.1740	0.0824	0.5601
fall	0.4013	0.1250	0.3063	0.1673
fall	0.5052	0.1000	0.1098	0.2850
fall	0.6892	0.0744	0.0810	0.1553
fall	0.5383	0.0527	0.1090	0.3000
fall	0.4184	0.3314	0.0661	0.1840
fall	0.2922	0.1840	0.3097	0.2141
fall	0.3496	0.2333	0.0980	0.3191
fall	0.6398	0.0776	0.0753	0.2073
fall	0.2597	0.4505	0.1193	0.1706
fall	0.2437	0.2377	0.2363	0.2823
fall	0.2998	0.0516	0.1880	0.4606
fall	0.1428	0.6479	0.0815	0.1279
fall	0.0764	0.1165	0.6515	0.1556
fall	0.3544	0.1206	0.2343	0.2908
fall	0.2050	0.2295	0.1491	0.4164
fall	0.1693	0.3106	0.4104	0.1097
fall	0.0710	0.2336	0.3742	0.3212
fall	0.2868	0.2525	0.1308	0.3298
fall	0.5269	0.0943	0.1427	0.2361
fall	0.1943	0.2557	0.1696	0.3804
fall	0.4006	0.1579	0.2352	0.2062
fall	0.6768	0.0607	0.1230	0.1395
fall	0.4283	0.0873	0.1988	0.2856
fall	0.4095	0.0594	0.1623	0.3688
fall	0.0284	0.9174	0.0201	0.0340
fall	0.0466	0.5949	0.3094	0.0492
fall	0.4454	0.1751	0.1520	0.2274
fall	0.0320	0.8980	0.0366	0.0334
fall	0.2692	0.4451	0.1103	0.1754
fall	0.2946	0.1816	0.1394	0.3843
fall	0.2248	0.0920	0.5026	0.1805
fall	0.4174	0.3395	0.0614	0.1816
fall	0.3016	0.0545	0.0488	0.5950
fall	0.0942	0.0673	0.5846	0.2539
fall	0.2153	0.6011	0.0516	0.1320
fall	0.3127	0.0831	0.2661	0.3381
fall	0.3246	0.2465	0.1875	0.2415
fall	0.4581	0.1071	0.1909	0.2439
fall	0.0647	0.8360	0.0413	0.0580
fall	0.1444	0.5918	0.1487	0.1150
fall	0.3608	0.1464	0.1459	0.3469
fall	0.1009	0.3511	0.4309	0.1171
fall	0.5759	0.0798	0.1648	0.1795
fall	0.1822	0.5422	0.0676	0.2080
fall	0.4174	0.0687	0.2815	0.2325
fall	0.2984	0.2048	0.1516	0.3452
fall	0.1006	0.7597	0.0434	0.0963
fall	0.2782	0.3528	0.0946	0.2744
fall	0.0719	0.6069	0.0864	0.2349
fall	0.5260	0.0945	0.1435	0.2360
fall	0.3267	0.1051	0.2827	0.2854
fall	0.2482	0.1951	0.3163	0.2404
fall	0.4261	0.1950	0.0817	0.2971
fall	0.6502	0.0600	0.0541	0.2356
fall	0.1197	0.0604	0.6518	0.1680
fall	0.2969	0.0422	0.3607	0.3002
fall	0.4183	0.0420	0.2401	0.2997
fall	0.5005	0.0364	0.2903	0.1728
fall	0.3702	0.0551	0.1775	0.3971
fall	0.0930	0.3564	0.0713	0.4794
fall	0.1808	0.1050	0.1729	0.5414
fall	0.6060	0.0507	0.0811	0.2622
fall	0.3369	0.2937	0.1014	0.2680
fall	0.5805	0.0769	0.1083	0.2343
fall	0.5970	0.0626	0.0875	0.2529
fall	0.3059	0.0720	0.3813	0.2407
fall	0.2947	0.2006	0.2868	0.2179
fall	0.2294	0.2257	0.2888	0.2561
fall	0.1796	0.6139	0.1054	0.1011
fall	0.3572	0.2697	0.1476	0.2255
fall	0.5003	0.2846	0.0736	0.1416
fall	0.5510	0.1160	0.0995	0.2335
fall	0.3538	0.0574	0.1333	0.4555
fall	0.3343	0.2237	0.1731	0.2689
fall	0.1350	0.5270	0.1622	0.1758
fall	0.4268	0.1416	0.0794	0.3522
fall	0.2536	0.1305	0.2486	0.3672
fall	0.4568	0.1050	0.1883	0.2498
fall	0.1416	0.0900	0.5300	0.2384
fall	0.2484	0.2353	0.2670	0.2494
fall	0.1970	0.0734	0.5957	0.1339
fall	0.2580	0.3455	0.2103	0.1862
fall	0.3107	0.1906	0.0510	0.4477
fall	0.4210	0.3004	0.0754	0.2031
fall	0.1758	0.3495	0.2474	0.2273
fall	0.2348	0.1917	0.4199	0.1537
fall	0.3257	0.0616	0.3925	0.2202
fall	0.0915	0.1080	0.7004	0.1001
fall	0.4129	0.1126	0.1220	0.3526
fall	0.2733	0.0810	0.1767	0.4690
fall	0.4602	0.1421	0.1161	0.2816
fall	0.1124	0.3846	0.3122	0.1908
fall	0.1111	0.1678	0.6352	0.0858
fall	0.3332	0.3058	0.1202	0.2409
fall	0.3617	0.0956	0.2465	0.2962
fall	0.3017	0.0735	0.2175	0.4073
fall	0.0863	0.4399	0.2273	0.2466
fall	0.2730	0.2311	0.1323	0.3636
fall	0.1878	0.0574	0.5231	0.2316
fall	0.2793	0.1714	0.1580	0.3913
fall	0.1343	0.4212	0.3410	0.1036
fall	0.3247	0.0990	0.2534	0.3230
fall	0.4286	0.0593	0.1580	0.3542
fall	0.6144	0.0406	0.0751	0.2700
fall	0.2003	0.1063	0.0849	0.6086
fall	0.1731	0.0808	0.2074	0.5386
fall	0.1237	0.3536	0.3263	0.1964
fall	0.0707	0.6884	0.0645	0.1764
fall	0.0770	0.7840	0.0673	0.0717
fall	0.0566	0.8426	0.0443	0.0566
fall	0.0790	0.6543	0.1682	0.0985
fall	0.3018	0.0433	0.1787	0.4762
fall	0.4039	0.1755	0.1678	0.2528
fall	0.2032	0.2717	0.2418	0.2833
fall	0.4906	0.0546	0.1894	0.2654
fall	0.3075	0.0494	0.2862	0.3568
fall	0.1737	0.5065	0.1482	0.1716
fall	0.6397	0.0526	0.0596	0.2481
fall	0.2896	0.1907	0.1693	0.3504
fall	0.0680	0.8154	0.0599	0.0567
fall	0.4823	0.1580	0.0540	0.3057
fall	0.1987	0.4639	0.1444	0.1930
fall	0.1829	0.2823	0.2247	0.3100
fall	0.3044	0.3351	0.0966	0.2640
fall	0.2478	0.5060	0.0723	0.1740
fall	0.1998	0.5136	0.1344	0.1522
fall	0.6819	0.0810	0.0845	0.1525
fall	0.0983	0.0291	0.7545	0.1181
fall	0.0950	0.5876	0.2337	0.0837
fall	0.1615	0.4569	0.1741	0.2075
fall	0.2690	0.1472	0.3585	0.2253
fall	0.1263	0.2007	0.2153	0.4576
fall	0.1990	0.1353	0.3414	0.3243
fall	0.2858	0.1320	0.2796	0.3026
fall	0.2897	0.2594	0.0711	0.3798
fall	0.1749	0.6292	0.0614	0.1344
fall	0.1768	0.2377	0.0608	0.5247
fall	0.4541	0.1611	0.0716	0.3132
fall	0.0540	0.7290	0.1200	0.0970
fall	0.2572	0.0313	0.5174	0.1941
fall	0.1773	0.1780	0.2566	0.3881
fall	0.6483	0.0360	0.1552	0.1605
fall	0.0872	0.4716	0.2445	0.1968
fall	0.2258	0.0854	0.3425	0.3462
fall	0.3456	0.0786	0.0625	0.5133
fall	0.0858	0.1665	0.6646	0.0830
fall	0.6159	0.0711	0.1067	0.2063
fall	0.0861	0.8106	0.0351	0.0681
fall	0.1271	0.6712	0.0890	0.1127
fall	0.3801	0.3120	0.1668	0.1411
fall	0.4768	0.1591	0.0844	0.2797
fall	0.1556	0.4288	0.1447	0.2710
fall	0.2988	0.0771	0.1557	0.4684
fall	0.6062	0.0824	0.0967	0.2146
fall	0.5605	0.0423	0.1378	0.2594
fall	0.3393	0.2622	0.1449	0.2536
fall	0.1173	0.5291	0.1857	0.1679
fall	0.0643	0.0787	0.6298	0.2273
fall	0.4611	0.1559	0.0857	0.2973
fall	0.0519	0.8541	0.0373	0.0567
fall	0.4238	0.0709	0.0613	0.4440
fall	0.1099	0.0517	0.5096	0.3288
fall	0.0532	0.8411	0.0526	0.0532
fall	0.6514	0.0889	0.0650	0.1947
fall	0.4079	0.1091	0.1143	0.3687
fall	0.0702	0.8131	0.0446	0.0722
fall	0.2390	0.0517	0.5422	0.1671
fall	0.2042	0.1273	0.1836	0.4848
fall	0.1590	0.5815	0.0784	0.1811
fall	0.0493	0.8617	0.0401	0.0489
fall	0.0474	0.7149	0.1758	0.0618
fall	0.2123	0.4141	0.0900	0.2836
fall	0.4756	0.0740	0.0858	0.3645
fall	0.4452	0.1137	0.0619	0.3793
fall	0.0941	0.6930	0.1310	0.0819
fall	0.1306	0.4214	0.1316	0.3165
fall	0.1770	0.1193	0.0507	0.6530
fall	0.1757	0.6461	0.0736	0.1046
fall	0.1190	0.0577	0.4088	0.4145
fall	0.1667	0.1462	0.1729	0.5142
fall	0.1560	0.0687	0.0866	0.6888
fall	0.4521	0.3165	0.0657	0.1657
fall	0.1470	0.2123	0.2725	0.3682
halfpounder	0.2072	0.3636	0.2775	0.1517
halfpounder	0.3618	0.1648	0.2350	0.2384
halfpounder	0.2233	0.1614	0.1441	0.4711
halfpounder	0.0580	0.5976	0.2614	0.0830
halfpounder	0.1106	0.6416	0.1009	0.1470
halfpounder	0.0656	0.8101	0.0374	0.0869
halfpounder	0.2022	0.3766	0.1174	0.3038
halfpounder	0.0716	0.0394	0.8033	0.0857
halfpounder	0.0691	0.7890	0.0631	0.0787
halfpounder	0.5006	0.1487	0.1527	0.1980
halfpounder	0.0534	0.8264	0.0464	0.0737
halfpounder	0.5657	0.1424	0.0586	0.2333
halfpounder	0.1302	0.1909	0.5516	0.1273
halfpounder	0.6485	0.0384	0.1010	0.2121
halfpounder	0.1871	0.2144	0.1877	0.4107
halfpounder	0.2091	0.4264	0.1059	0.2586
halfpounder	0.1057	0.2958	0.2968	0.3017
halfpounder	0.0592	0.7221	0.1162	0.1026
halfpounder	0.5889	0.0406	0.1239	0.2467
halfpounder	0.2964	0.1361	0.2341	0.3333
halfpounder	0.1989	0.1789	0.1596	0.4627
halfpounder	0.4713	0.1100	0.1291	0.2896
halfpounder	0.1489	0.1643	0.4949	0.1919
halfpounder	0.0606	0.8262	0.0313	0.0819
halfpounder	0.1467	0.5217	0.1649	0.1667
halfpounder	0.1967	0.2051	0.1297	0.4684
halfpounder	0.2907	0.1300	0.1013	0.4781
halfpounder	0.3467	0.0619	0.2590	0.3324
halfpounder	0.0866	0.0589	0.7788	0.0757
halfpounder	0.1341	0.4723	0.1734	0.2203
halfpounder	0.2273	0.0613	0.0943	0.6172
halfpounder	0.1028	0.2473	0.4114	0.2385
halfpounder	0.4527	0.0990	0.1706	0.2777
halfpounder	0.3711	0.0509	0.1029	0.4752
halfpounder	0.4329	0.1812	0.1839	0.2020
halfpounder	0.1875	0.1221	0.2715	0.4189
halfpounder	0.1512	0.0424	0.5484	0.2580
halfpounder	0.1803	0.0594	0.3656	0.3947
halfpounder	0.2419	0.0750	0.1844	0.4987
halfpounder	0.1891	0.4850	0.1707	0.1551
halfpounder	0.1477	0.4539	0.1759	0.2226
halfpounder	0.2501	0.1624	0.4365	0.1511
halfpounder	0.3858	0.0912	0.1736	0.3495
halfpounder	0.2107	0.0594	0.1700	0.5598
halfpounder	0.1562	0.1226	0.1311	0.5901
halfpounder	0.0765	0.1046	0.7189	0.1000
halfpounder	0.1100	0.0410	0.7545	0.0944
halfpounder	0.3465	0.1636	0.0930	0.3969
halfpounder	0.0772	0.7828	0.0580	0.0820
halfpounder	0.3185	0.3706	0.1521	0.1588
halfpounder	0.3223	0.1508	0.2107	0.3163
halfpounder	0.1334	0.0380	0.6464	0.1821
halfpounder	0.1460	0.1584	0.1066	0.5890
halfpounder	0.3321	0.0639	0.0972	0.5069
halfpounder	0.1647	0.0791	0.5640	0.1921
halfpounder	0.1589	0.4695	0.1177	0.2539
halfpounder	0.1533	0.2670	0.3240	0.2556
halfpounder	0.2199	0.0767	0.3697	0.3337
halfpounder	0.0923	0.2671	0.1785	0.4621
halfpounder	0.2656	0.3337	0.1960	0.2047
halfpounder	0.1872	0.1010	0.4035	0.3083
halfpounder	0.1835	0.1869	0.3627	0.2668
halfpounder	0.1633	0.2216	0.4322	0.1830
halfpounder	0.0393	0.8863	0.0374	0.0370
halfpounder	0.2426	0.1365	0.1517	0.4692
halfpounder	0.2645	0.2188	0.2738	0.2429
halfpounder	0.0612	0.7678	0.0977	0.0733
halfpounder	0.2530	0.3561	0.2471	0.1437
halfpounder	0.1669	0.4422	0.2560	0.1349
halfpounder	0.2423	0.1276	0.4585	0.1716
halfpounder	0.3396	0.2110	0.1422	0.3072
halfpounder	0.1159	0.5379	0.1408	0.2053
halfpounder	0.1301	0.1000	0.5154	0.2545
halfpounder	0.4469	0.0968	0.2439	0.2124
halfpounder	0.1218	0.1400	0.1334	0.6048
halfpounder	0.2175	0.1731	0.2958	0.3136
halfpounder	0.2340	0.1470	0.1030	0.5161
halfpounder	0.3130	0.1198	0.2404	0.3268
halfpounder	0.4508	0.1067	0.0703	0.3722
halfpounder	0.2829	0.1003	0.3773	0.2395
halfpounder	0.2069	0.1207	0.4796	0.1928
halfpounder	0.3141	0.0723	0.1707	0.4429
halfpounder	0.3783	0.0663	0.3198	0.2356
halfpounder	0.4296	0.0810	0.0892	0.4002
halfpounder	0.2679	0.0650	0.3956	0.2715
halfpounder	0.3819	0.2490	0.0703	0.2988
halfpounder	0.3810	0.0461	0.2546	0.3183
halfpounder	0.5297	0.0320	0.0999	0.3384
halfpounder	0.3201	0.1026	0.2034	0.3739
halfpounder	0.2673	0.0823	0.1380	0.5123
halfpounder	0.4213	0.0633	0.1971	0.3183
halfpounder	0.3802	0.0354	0.2641	0.3202
halfpounder	0.4089	0.1064	0.1635	0.3212
halfpounder	0.4003	0.0846	0.1610	0.3541
halfpounder	0.0916	0.0982	0.6872	0.1230
halfpounder	0.5550	0.1296	0.1373	0.1781
halfpounder	0.1747	0.3310	0.3490	0.1453
halfpounder	0.1787	0.1340	0.4882	0.1990
halfpounder	0.4753	0.0779	0.2074	0.2394
halfpounder	0.1274	0.5391	0.0766	0.2569
halfpounder	0.3607	0.0421	0.2454	0.3518
halfpounder	0.4251	0.1785	0.0766	0.3199
halfpounder	0.1716	0.2701	0.3183	0.2400
halfpounder	0.3981	0.1448	0.2225	0.2346
halfpounder	0.2364	0.5701	0.0851	0.1084
halfpounder	0.2870	0.0988	0.3564	0.2578
halfpounder	0.5389	0.1486	0.0852	0.2273
halfpounder	0.3987	0.0867	0.2541	0.2605
halfpounder	0.2535	0.0806	0.3527	0.3132
halfpounder	0.2307	0.0723	0.3635	0.3335
halfpounder	0.3274	0.1476	0.3430	0.1820
halfpounder	0.1467	0.2671	0.1448	0.4414
halfpounder	0.2975	0.3382	0.0687	0.2956
halfpounder	0.1031	0.0887	0.5945	0.2137
halfpounder	0.1674	0.1906	0.3241	0.3179
halfpounder	0.6448	0.0391	0.0740	0.2420
halfpounder	0.3014	0.1777	0.3159	0.2050
halfpounder	0.1573	0.1028	0.2288	0.5111
halfpounder	0.5666	0.1226	0.1421	0.1687
halfpounder	0.2855	0.2003	0.2772	0.2370
halfpounder	0.1456	0.2165	0.2189	0.4190
halfpounder	0.1117	0.0907	0.3521	0.4455
halfpounder	0.3911	0.2168	0.2007	0.1914
halfpounder	0.1022	0.0520	0.6851	0.1607
halfpounder	0.2649	0.0904	0.1157	0.5290
halfpounder	0.2539	0.1023	0.1017	0.5421
halfpounder	0.2364	0.0950	0.3953	0.2733
halfpounder	0.1644	0.4881	0.1446	0.2029
halfpounder	0.2838	0.2289	0.1423	0.3450
halfpounder	0.3328	0.0564	0.2248	0.3860
halfpounder	0.1549	0.1609	0.5511	0.1332
halfpounder	0.0596	0.8593	0.0326	0.0486
halfpounder	0.2234	0.0790	0.1724	0.5253
halfpounder	0.1426	0.6199	0.0426	0.1949
halfpounder	0.2955	0.0520	0.3488	0.3038
halfpounder	0.1675	0.0934	0.5075	0.2316
halfpounder	0.5097	0.0541	0.1754	0.2607
halfpounder	0.5265	0.0795	0.1867	0.2074
halfpounder	0.3423	0.0950	0.2471	0.3156
halfpounder	0.2325	0.1600	0.0941	0.5134
halfpounder	0.2693	0.0391	0.2392	0.4524
halfpounder	0.0373	0.9041	0.0260	0.0326
halfpounder	0.1170	0.2553	0.1846	0.4431
halfpounder	0.3613	0.1237	0.3356	0.1794
halfpounder	0.3971	0.0233	0.0994	0.4802
halfpounder	0.4783	0.0771	0.2178	0.2268
halfpounder	0.1881	0.0853	0.2586	0.4680
halfpounder	0.2725	0.2060	0.1795	0.3419
halfpounder	0.2720	0.0656	0.1204	0.5420
halfpounder	0.1575	0.2615	0.4408	0.1403
halfpounder	0.3209	0.1348	0.2640	0.2804
halfpounder	0.1578	0.1785	0.4461	0.2175
halfpounder	0.2735	0.0872	0.2698	0.3696
halfpounder	0.5486	0.1817	0.1007	0.1689
halfpounder	0.2774	0.1096	0.1577	0.4554
halfpounder	0.2126	0.0426	0.5309	0.2139
halfpounder	0.3591	0.2657	0.2240	0.1511
halfpounder	0.1923	0.0587	0.1597	0.5893
halfpounder	0.6742	0.0593	0.1114	0.1551
halfpounder	0.3064	0.0720	0.3280	0.2936
halfpounder	0.2027	0.1604	0.2089	0.4280
halfpounder	0.6845	0.0686	0.0584	0.1885
halfpounder	0.4947	0.0511	0.1107	0.3435
halfpounder	0.1413	0.0804	0.6547	0.1236
halfpounder	0.1141	0.7400	0.0530	0.0928
halfpounder	0.1791	0.3021	0.2554	0.2635
halfpounder	0.2796	0.1803	0.1285	0.4116
halfpounder	0.3084	0.1646	0.1928	0.3342
halfpounder	0.2095	0.3072	0.2471	0.2361
halfpounder	0.5941	0.0394	0.0760	0.2905
halfpounder	0.0664	0.0838	0.7746	0.0752
halfpounder	0.2863	0.1466	0.1937	0.3734
halfpounder	0.3703	0.2365	0.0590	0.3343
halfpounder	0.3116	0.0700	0.2379	0.3806
halfpounder	0.0956	0.3210	0.4892	0.0943
halfpounder	0.1452	0.0983	0.6507	0.1059
halfpounder	0.2578	0.1654	0.3984	0.1784
halfpounder	0.5418	0.1520	0.0569	0.2493
halfpounder	0.3770	0.1346	0.3097	0.1788
halfpounder	0.2927	0.2930	0.1227	0.2917
halfpounder	0.1695	0.0538	0.4549	0.3217
halfpounder	0.2970	0.1774	0.1603	0.3654
halfpounder	0.0290	0.9037	0.0351	0.0321
halfpounder	0.5717	0.2035	0.1178	0.1070
halfpounder	0.0880	0.0346	0.8058	0.0716
halfpounder	0.3601	0.0431	0.1236	0.4731
halfpounder	0.1115	0.1000	0.6212	0.1673
halfpounder	0.1704	0.0854	0.4437	0.3005
halfpounder	0.3515	0.3862	0.0706	0.1917
halfpounder	0.0991	0.0437	0.7530	0.1042
halfpounder	0.0686	0.2314	0.5471	0.1529
halfpounder	0.2309	0.2101	0.1135	0.4456
halfpounder	0.0784	0.0873	0.7387	0.0956
halfpounder	0.1555	0.1423	0.2838	0.4184
halfpounder	0.2763	0.4239	0.0650	0.2347
halfpounder	0.1771	0.1118	0.0828	0.6282
halfpounder	0.4564	0.2445	0.0677	0.2314
halfpounder	0.1747	0.0883	0.3245	0.4125
halfpounder	0.4608	0.0404	0.0947	0.4041
halfpounder	0.3639	0.2221	0.1198	0.2941
halfpounder	0.5954	0.0641	0.1925	0.1480
halfpounder	0.3319	0.1966	0.1014	0.3701
halfpounder	0.1839	0.0429	0.5831	0.1901
halfpounder	0.5537	0.0707	0.0819	0.2937
halfpounder	0.4381	0.0462	0.2565	0.2592
halfpounder	0.0399	0.8003	0.0758	0.0840
halfpounder	0.3939	0.1947	0.1651	0.2463
halfpounder	0.1374	0.0811	0.4080	0.3735
halfpounder	0.2190	0.1453	0.3226	0.3130
halfpounder	0.2105	0.3904	0.0992	0.2999
halfpounder	0.2499	0.0637	0.0897	0.5967
halfpounder	0.2887	0.1001	0.1453	0.4659
halfpounder	0.1639	0.0594	0.6090	0.1677
halfpounder	0.4313	0.0270	0.1163	0.4254
halfpounder	0.6015	0.1261	0.0907	0.1817
halfpounder	0.7319	0.0446	0.0874	0.1361
halfpounder	0.5430	0.0767	0.0720	0.3083
halfpounder	0.1778	0.3293	0.2902	0.2028
halfpounder	0.2678	0.0446	0.5156	0.1720
halfpounder	0.4416	0.1706	0.1377	0.2501
halfpounder	0.0636	0.7686	0.0928	0.0750
halfpounder	0.2217	0.4541	0.1197	0.2045
halfpounder	0.3580	0.2890	0.1574	0.1956
halfpounder	0.2282	0.1977	0.1210	0.4531
halfpounder	0.5551	0.0469	0.1153	0.2828
halfpounder	0.3277	0.0769	0.1354	0.4600
halfpounder	0.2799	0.0392	0.2809	0.4001
halfpounder	0.0620	0.0730	0.7898	0.0753
halfpounder	0.2287	0.1024	0.3338	0.3351
halfpounder	0.1417	0.0387	0.5771	0.2424
halfpounder	0.3118	0.0868	0.1508	0.4505
halfpounder	0.2862	0.3114	0.0774	0.3250
halfpounder	0.1971	0.2024	0.1614	0.4390
halfpounder	0.1994	0.2399	0.1781	0.3826
halfpounder	0.4303	0.1543	0.1407	0.2747
halfpounder	0.0903	0.4349	0.3195	0.1553
halfpounder	0.1194	0.5468	0.2100	0.1237
halfpounder	0.2868	0.1050	0.0438	0.5644
halfpounder	0.2541	0.1204	0.2759	0.3496
halfpounder	0.2251	0.1086	0.3807	0.2856
halfpounder	0.0769	0.0449	0.7956	0.0827
halfpounder	0.3082	0.0633	0.3600	0.2685
halfpounder	0.1553	0.4066	0.2127	0.2254
halfpounder	0.1028	0.4749	0.3371	0.0851
halfpounder	0.3393	0.2859	0.1189	0.2559
halfpounder	0.1412	0.2341	0.2882	0.3365
halfpounder	0.2406	0.2424	0.1783	0.3387
halfpounder	0.0554	0.0397	0.8317	0.0731
halfpounder	0.2287	0.0404	0.6169	0.1140
halfpounder	0.2602	0.2300	0.1111	0.3987
halfpounder	0.1386	0.0724	0.2330	0.5561
halfpounder	0.3532	0.0812	0.2036	0.3621
halfpounder	0.2086	0.0304	0.2632	0.4978
halfpounder	0.3491	0.2261	0.0830	0.3418
halfpounder	0.5607	0.0861	0.0640	0.2892
halfpounder	0.1881	0.0786	0.4651	0.2681
halfpounder	0.1059	0.4730	0.2543	0.1669
halfpounder	0.2280	0.3822	0.1363	0.2535
halfpounder	0.0649	0.5316	0.3069	0.0967
halfpounder	0.3976	0.1080	0.1826	0.3118
halfpounder	0.1008	0.1879	0.6350	0.0763
halfpounder	0.1192	0.1231	0.6297	0.1279
halfpounder	0.4538	0.1733	0.1136	0.2593
halfpounder	0.0914	0.2707	0.5237	0.1141
halfpounder	0.2350	0.1145	0.0868	0.5636
halfpounder	0.1570	0.2904	0.1771	0.3755
halfpounder	0.3993	0.0564	0.1362	0.4081
halfpounder	0.1020	0.1176	0.6299	0.1505
halfpounder	0.5301	0.1494	0.0844	0.2361
halfpounder	0.1816	0.0959	0.1022	0.6203
halfpounder	0.1506	0.5147	0.1059	0.2288
halfpounder	0.1084	0.0914	0.6744	0.1257
halfpounder	0.3156	0.0493	0.1943	0.4408
halfpounder	0.4807	0.0407	0.2025	0.2761
halfpounder	0.2443	0.1186	0.1754	0.4618
halfpounder	0.1184	0.0804	0.7180	0.0831
halfpounder	0.0676	0.0754	0.7608	0.0962
halfpounder	0.1014	0.0769	0.7436	0.0781
halfpounder	0.1153	0.5282	0.1304	0.2261
halfpounder	0.6207	0.0716	0.0914	0.2163
halfpounder	0.4281	0.1503	0.0634	0.3582
halfpounder	0.1396	0.2322	0.4999	0.1283
halfpounder	0.2785	0.4654	0.0767	0.1794
halfpounder	0.6634	0.0530	0.0798	0.2038
halfpounder	0.1728	0.2362	0.3693	0.2217
halfpounder	0.1171	0.7224	0.0694	0.0910
halfpounder	0.1429	0.2574	0.3337	0.2660
halfpounder	0.1018	0.0516	0.7746	0.0720
halfpounder	0.3920	0.0454	0.0721	0.4904
halfpounder	0.2966	0.0640	0.2456	0.3939
halfpounder	0.2507	0.1171	0.1304	0.5018
halfpounder	0.1092	0.2460	0.4634	0.1815
halfpounder	0.2239	0.3657	0.2130	0.1974
halfpounder	0.3746	0.2981	0.1389	0.1884
halfpounder	0.6250	0.0387	0.1165	0.2198
halfpounder	0.1296	0.2186	0.3448	0.3071
halfpounder	0.2607	0.0651	0.0948	0.5793
halfpounder	0.4184	0.0683	0.0881	0.4251
halfpounder	0.3816	0.0586	0.2186	0.3412
halfpounder	0.1710	0.0531	0.5085	0.2674
halfpounder	0.1376	0.4164	0.1308	0.3152
halfpounder	0.0843	0.7877	0.0467	0.0813
halfpounder	0.1635	0.2324	0.1451	0.4590
halfpounder	0.1521	0.1470	0.4941	0.2067
halfpounder	0.4241	0.1555	0.1353	0.2852
halfpounder	0.1796	0.2175	0.0604	0.5425
halfpounder	0.1191	0.0370	0.7054	0.1384
halfpounder	0.2404	0.0387	0.1551	0.5657
halfpounder	0.2226	0.0593	0.3961	0.3219
halfpounder	0.0742	0.0382	0.8125	0.0752
halfpounder	0.1286	0.2790	0.4006	0.1918
halfpounder	0.2540	0.1646	0.2175	0.3639
halfpounder	0.4981	0.1360	0.1125	0.2534
halfpounder	0.2183	0.2710	0.3088	0.2019
halfpounder	0.3079	0.3536	0.1459	0.1926
halfpounder	0.4062	0.0250	0.1415	0.4273
halfpounder	0.1093	0.0349	0.7560	0.0998
halfpounder	0.2223	0.3290	0.2613	0.1874
winter	0.1098	0.0898	0.6700	0.1303
halfpounder	0.3010	0.1164	0.2301	0.3525
winter	0.2930	0.0411	0.1222	0.5436
winter	0.6412	0.0244	0.0516	0.2828
winter	0.5443	0.1530	0.0757	0.2271
halfpounder	0.3276	0.0602	0.4641	0.1482
winter	0.0681	0.0543	0.6351	0.2425
summer	0.2894	0.1880	0.3154	0.2073
halfpounder	0.2171	0.0849	0.3186	0.3794
summer	0.4202	0.2095	0.2089	0.1614
summer	0.2806	0.0668	0.5404	0.1122
summer	0.2704	0.0793	0.5129	0.1374
summer	0.1807	0.1279	0.5533	0.1381
summer	0.1695	0.0743	0.5932	0.1631
winter	0.2169	0.1403	0.0954	0.5474
halfpounder	0.0547	0.0791	0.7466	0.1196
winter	0.1781	0.0794	0.2517	0.4907
winter	0.1128	0.0461	0.4846	0.3564
winter	0.2613	0.0623	0.4874	0.1890
winter	0.1374	0.1619	0.5118	0.1889
halfpounder	0.0893	0.6671	0.1645	0.0792
winter	0.1929	0.0743	0.2045	0.5284
summer	0.1303	0.2293	0.3801	0.2603
summer	0.0587	0.0309	0.8486	0.0618
summer	0.3300	0.0494	0.2787	0.3419
summer	0.3750	0.1823	0.1880	0.2547
summer	0.3064	0.1944	0.2784	0.2207
summer	0.4859	0.0679	0.1254	0.3209
winter	0.1103	0.0376	0.6328	0.2194
winter	0.2527	0.0860	0.3291	0.3321
winter	0.1765	0.0324	0.6043	0.1868
winter	0.3094	0.0711	0.4990	0.1204
winter	0.3779	0.1460	0.2762	0.1999
halfpounder	0.2187	0.3194	0.2065	0.2554
winter	0.1543	0.1718	0.4898	0.1841
summer	0.3443	0.1511	0.1587	0.3459
halfpounder	0.0684	0.1134	0.7137	0.1044
summer	0.1493	0.0457	0.5254	0.2796
summer	0.0761	0.2043	0.6346	0.0850
summer	0.3633	0.0559	0.3060	0.2748
summer	0.2512	0.0682	0.4869	0.1937
winter	0.3898	0.1592	0.1427	0.3083
winter	0.3917	0.0482	0.1478	0.4124
winter	0.4191	0.1374	0.1331	0.3103
winter	0.6575	0.0699	0.0580	0.2146
halfpounder	0.1603	0.2923	0.2809	0.2665
winter	0.1098	0.1320	0.3140	0.4442
halfpounder	0.3869	0.1665	0.2037	0.2428
summer	0.2429	0.0609	0.2390	0.4573
summer	0.6666	0.0239	0.0612	0.2484
summer	0.2821	0.1376	0.3527	0.2276
summer	0.1923	0.1299	0.4809	0.1970
summer	0.1592	0.0650	0.6121	0.1637
winter	0.3590	0.1469	0.2626	0.2316
halfpounder	0.0982	0.1706	0.5744	0.1569
winter	0.3277	0.0628	0.4184	0.1911
winter	0.4135	0.0583	0.3441	0.1841
winter	0.1780	0.0561	0.1062	0.6597
winter	0.3319	0.1120	0.3037	0.2524
halfpounder	0.2796	0.0795	0.3656	0.2752
winter	0.2023	0.1213	0.2747	0.4017
halfpounder	0.0561	0.8246	0.0530	0.0663
summer	0.1011	0.0363	0.7383	0.1243
halfpounder	0.0843	0.7293	0.0817	0.1047
summer	0.4101	0.0773	0.0761	0.4364
summer	0.2464	0.1357	0.1486	0.4694
summer	0.0864	0.1065	0.7266	0.0805
summer	0.0808	0.0409	0.8098	0.0686
winter	0.1841	0.2459	0.3176	0.2524
halfpounder	0.0829	0.0612	0.6324	0.2236
winter	0.2205	0.0506	0.0983	0.6306
winter	0.0555	0.0500	0.8264	0.0682
winter	0.3463	0.0569	0.1071	0.4897
winter	0.2908	0.1464	0.3241	0.2387
halfpounder	0.2565	0.2492	0.0740	0.4202
halfpounder	0.2656	0.1016	0.4525	0.1803
summer	0.0570	0.0571	0.8376	0.0483
summer	0.0824	0.0417	0.7783	0.0976
summer	0.5552	0.0290	0.1829	0.2330
summer	0.0689	0.0390	0.8456	0.0466
summer	0.2953	0.0499	0.4467	0.2081
halfpounder	0.0973	0.0500	0.0836	0.7691
winter	0.5128	0.0476	0.1985	0.2412
winter	0.0937	0.0419	0.6429	0.2215
winter	0.2474	0.0855	0.3563	0.3108
winter	0.3703	0.1406	0.2916	0.1975
summer	0.2746	0.1553	0.2030	0.3671
summer	0.2433	0.0766	0.5196	0.1605
summer	0.6331	0.0496	0.1741	0.1432
summer	0.1179	0.0560	0.7257	0.1004
summer	0.5631	0.0434	0.1629	0.2306
halfpounder	0.0843	0.3598	0.3668	0.1891
winter	0.5994	0.0454	0.0823	0.2728
winter	0.2304	0.0645	0.1166	0.5886
winter	0.4855	0.0944	0.1160	0.3042
halfpounder	0.0958	0.4341	0.3385	0.1315
halfpounder	0.5443	0.1085	0.1500	0.1972
summer	0.2848	0.1012	0.3155	0.2984
summer	0.0968	0.1344	0.6739	0.0950
summer	0.7453	0.0246	0.1080	0.1221
summer	0.3125	0.0609	0.1533	0.4733
summer	0.1808	0.0567	0.5135	0.2490
halfpounder	0.2255	0.5065	0.0964	0.1715
halfpounder	0.1108	0.5828	0.1371	0.1692
halfpounder	0.2176	0.1606	0.2601	0.3617
halfpounder	0.0581	0.7983	0.0606	0.0830
halfpounder	0.4620	0.0989	0.0807	0.3584
halfpounder	0.1155	0.0637	0.6677	0.1531
halfpounder	0.2517	0.0364	0.4800	0.2319
halfpounder	0.5648	0.1254	0.1086	0.2013
halfpounder	0.0409	0.8684	0.0476	0.0432
halfpounder	0.0950	0.7018	0.1167	0.0866
halfpounder	0.0484	0.8080	0.0752	0.0684
halfpounder	0.1753	0.0819	0.5764	0.1665
halfpounder	0.1495	0.1113	0.5091	0.2301
halfpounder	0.4953	0.0636	0.0972	0.3439
halfpounder	0.4749	0.1939	0.0926	0.2386
halfpounder	0.2042	0.4681	0.1745	0.1533
halfpounder	0.1697	0.3789	0.1050	0.3465
halfpounder	0.5218	0.1210	0.1015	0.2556
halfpounder	0.0871	0.3984	0.3301	0.1844
halfpounder	0.0643	0.0220	0.8417	0.0720
halfpounder	0.0588	0.8406	0.0496	0.0510
halfpounder	0.1202	0.0882	0.4981	0.2935
halfpounder	0.0827	0.0437	0.0679	0.8057
halfpounder	0.0799	0.1014	0.7031	0.1156
halfpounder	0.0600	0.0677	0.8042	0.0681
halfpounder	0.2277	0.1274	0.2533	0.3916
halfpounder	0.0689	0.0991	0.7493	0.0827
halfpounder	0.1001	0.1863	0.4951	0.2184
halfpounder	0.3434	0.0339	0.4425	0.1803
halfpounder	0.1878	0.0457	0.5126	0.2539
halfpounder	0.1463	0.0707	0.6351	0.1479
halfpounder	0.1021	0.7544	0.0698	0.0737
halfpounder	0.7019	0.0664	0.0753	0.1564
halfpounder	0.4085	0.0761	0.1801	0.3353
halfpounder	0.0851	0.0437	0.7424	0.1288
halfpounder	0.1497	0.1949	0.2022	0.4532
halfpounder	0.0750	0.2369	0.5564	0.1317
halfpounder	0.1127	0.5651	0.1627	0.1594
halfpounder	0.1365	0.0637	0.4038	0.3960
halfpounder	0.2436	0.1144	0.3250	0.3170
halfpounder	0.2094	0.0524	0.2065	0.5317
halfpounder	0.6369	0.0898	0.1297	0.1436
halfpounder	0.1396	0.2427	0.3540	0.2637
halfpounder	0.0402	0.8932	0.0307	0.0359
halfpounder	0.1830	0.0503	0.1016	0.6652
halfpounder	0.2600	0.0826	0.5122	0.1452
halfpounder	0.2921	0.2157	0.2551	0.2371
halfpounder	0.0611	0.8276	0.0566	0.0547
halfpounder	0.2199	0.2873	0.1547	0.3381
halfpounder	0.6048	0.0973	0.1158	0.1821
halfpounder	0.0663	0.0986	0.7268	0.1083
halfpounder	0.2366	0.5659	0.0666	0.1309
halfpounder	0.0667	0.1730	0.6951	0.0652
halfpounder	0.0676	0.7980	0.0570	0.0774
halfpounder	0.1749	0.0617	0.5997	0.1636
halfpounder	0.1186	0.0423	0.7355	0.1036
halfpounder	0.2814	0.0469	0.4633	0.2084
halfpounder	0.0805	0.1356	0.6060	0.1779
halfpounder	0.1180	0.1060	0.5015	0.2745
halfpounder	0.0658	0.4901	0.1658	0.2783
halfpounder	0.0814	0.7874	0.0541	0.0770
halfpounder	0.1491	0.4620	0.0724	0.3165
halfpounder	0.0630	0.8072	0.0704	0.0593
halfpounder	0.0660	0.8127	0.0673	0.0540
halfpounder	0.1699	0.1036	0.4873	0.2393
halfpounder	0.1054	0.7282	0.0853	0.0810
halfpounder	0.0596	0.8147	0.0732	0.0526
halfpounder	0.4163	0.1194	0.1127	0.3517
halfpounder	0.2539	0.3793	0.1921	0.1747
halfpounder	0.2368	0.1935	0.0693	0.5005
halfpounder	0.0781	0.7928	0.0694	0.0597
halfpounder	0.1144	0.3666	0.3642	0.1547
halfpounder	0.3227	0.2206	0.1149	0.3419
halfpounder	0.1066	0.7778	0.0544	0.0612
halfpounder	0.3630	0.2612	0.1851	0.1907
halfpounder	0.1826	0.4243	0.1376	0.2556
halfpounder	0.1565	0.6145	0.0765	0.1524
halfpounder	0.2184	0.0304	0.4981	0.2531
halfpounder	0.0974	0.7236	0.0623	0.1168
halfpounder	0.3153	0.1101	0.1983	0.3763
halfpounder	0.5049	0.0670	0.1365	0.2917
halfpounder	0.1501	0.2790	0.4663	0.1046
halfpounder	0.1260	0.0447	0.7078	0.1215
halfpounder	0.0913	0.7665	0.0646	0.0776
halfpounder	0.2041	0.0763	0.5179	0.2017
halfpounder	0.4068	0.0637	0.3932	0.1363
halfpounder	0.1805	0.1688	0.5109	0.1398
halfpounder	0.1727	0.4723	0.1811	0.1739
halfpounder	0.1242	0.5600	0.0700	0.2458
halfpounder	0.1114	0.4784	0.2068	0.2034
halfpounder	0.2948	0.1530	0.2165	0.3357
halfpounder	0.2691	0.0456	0.1841	0.5011
halfpounder	0.3265	0.0793	0.1237	0.4705
halfpounder	0.1304	0.4874	0.0808	0.3014
halfpounder	0.0434	0.8701	0.0401	0.0463
halfpounder	0.0393	0.8781	0.0446	0.0380
halfpounder	0.1233	0.3818	0.3258	0.1691
halfpounder	0.3753	0.0930	0.1003	0.4314
halfpounder	0.3181	0.2081	0.1109	0.3629
halfpounder	0.6432	0.0889	0.0532	0.2147
halfpounder	0.0587	0.8291	0.0426	0.0696
halfpounder	0.4171	0.0744	0.2655	0.2429
halfpounder	0.0909	0.0800	0.7054	0.1236
halfpounder	0.1816	0.0690	0.3943	0.3551
halfpounder	0.3083	0.3941	0.1181	0.1794
halfpounder	0.1199	0.4755	0.0672	0.3375
halfpounder	0.2588	0.2321	0.2255	0.2835
halfpounder	0.2497	0.1289	0.4030	0.2184
halfpounder	0.2480	0.2926	0.1068	0.3527
halfpounder	0.5164	0.0450	0.2294	0.2093
halfpounder	0.3856	0.0872	0.1717	0.3555
halfpounder	0.0991	0.5420	0.1526	0.2063
halfpounder	0.0294	0.9203	0.0229	0.0274
halfpounder	0.0501	0.8331	0.0597	0.0570
halfpounder	0.3463	0.2339	0.0644	0.3554
halfpounder	0.0619	0.8300	0.0506	0.0576
halfpounder	0.0879	0.6262	0.0542	0.2318
halfpounder	0.5191	0.1279	0.2050	0.1480
halfpounder	0.1203	0.2583	0.0652	0.5562
halfpounder	0.2082	0.0780	0.2060	0.5078
halfpounder	0.3018	0.0794	0.3454	0.2734
halfpounder	0.3869	0.0833	0.3569	0.1730
halfpounder	0.0484	0.8627	0.0397	0.0491
halfpounder	0.1298	0.1389	0.5072	0.2241
halfpounder	0.3373	0.0933	0.1421	0.4273
halfpounder	0.0346	0.8910	0.0270	0.0474
halfpounder	0.1857	0.0897	0.0918	0.6328
halfpounder	0.4557	0.2847	0.1196	0.1400
halfpounder	0.3314	0.2130	0.2931	0.1624
halfpounder	0.1444	0.6133	0.0676	0.1747
halfpounder	0.4532	0.2562	0.0847	0.2059
halfpounder	0.0380	0.8746	0.0494	0.0380
halfpounder	0.3654	0.2177	0.2297	0.1873
halfpounder	0.0909	0.7497	0.0531	0.1063
halfpounder	0.2756	0.0652	0.3952	0.2640
