%!PS-Adobe-3.0 EPSF-3.0 
% Graphical display of results from structure
% distruct by Noah Rosenberg, version 1.0 Nov 2002 
%                             version 1.1 Jun 2007 
% Command line arguments: distruct/distruct1.1 -K 4 -M 4 -N 1000 -p 1683599399/pop -i 1683599399/ind -o 1683599399/out.ps -b 1683599399/labels -c 1683599399/perm -d 1683599399/drawparams 
gsave

% Population Q values from the file: 1683599399/pop
% 4 clusters, 4 populations, 0 individuals
% Pop. code, number of individuals, membership coefficients
% 1	275	0.275	0.215	0.248	0.261	
% 2	643	0.25	0.26	0.234	0.256	
% 3	42	0.269	0.428	0.088	0.216	
% 4	40	0.29	0.31	0.088	0.312	


% Individual Q values from the file: 1683599399/ind
% Population code, individual label, membership coefficients
% 1	1	0.2952	0.0542	0.2169	0.4337	
% 1	2	0.3914	0.1513	0.0725	0.3848	
% 1	3	0.2873	0.0942	0.3105	0.308	
% 1	4	0.7474	0.0396	0.0791	0.134	
% 1	5	0.0334	0.8764	0.037	0.0531	
% 1	6	0.1601	0.3803	0.3466	0.113	
% 1	7	0.1263	0.3254	0.3404	0.2078	
% 1	8	0.1136	0.0416	0.6309	0.2139	
% 1	9	0.1815	0.4764	0.1689	0.1732	
% 1	10	0.1985	0.3998	0.0762	0.3255	
% 1	11	0.1783	0.0873	0.6109	0.1236	
% 1	12	0.2365	0.2701	0.1427	0.3508	
% 1	13	0.1406	0.0497	0.4732	0.3365	
% 1	14	0.1273	0.2396	0.3099	0.3232	
% 1	15	0.1437	0.4787	0.1197	0.2579	
% 1	16	0.2519	0.1175	0.3935	0.2371	
% 1	17	0.4056	0.1753	0.0489	0.3702	
% 1	18	0.3055	0.0291	0.209	0.4564	
% 1	19	0.0787	0.0762	0.7323	0.1128	
% 1	20	0.2722	0.3683	0.0564	0.303	
% 1	21	0.3017	0.3925	0.0891	0.2167	
% 1	22	0.1471	0.1071	0.5914	0.1543	
% 1	23	0.1367	0.4035	0.2285	0.2314	
% 1	24	0.4776	0.0593	0.2281	0.235	
% 1	25	0.0872	0.4999	0.2325	0.1804	
% 1	26	0.1453	0.1504	0.371	0.3333	
% 1	27	0.1293	0.0863	0.3788	0.4057	
% 1	28	0.5305	0.0891	0.1361	0.2442	
% 1	29	0.3818	0.1165	0.0998	0.4018	
% 1	30	0.1171	0.5054	0.1538	0.2238	
% 1	31	0.3249	0.1027	0.3733	0.1991	
% 1	32	0.373	0.2145	0.1174	0.2951	
% 1	33	0.5366	0.1288	0.1533	0.1813	
% 1	34	0.1703	0.5133	0.1392	0.1772	
% 1	35	0.5369	0.104	0.1217	0.2375	
% 1	36	0.1162	0.0829	0.6171	0.1838	
% 1	37	0.094	0.2513	0.5564	0.0983	
% 1	38	0.089	0.6137	0.1673	0.13	
% 1	39	0.2848	0.1093	0.071	0.5348	
% 1	40	0.2296	0.4361	0.0963	0.238	
% 1	41	0.4051	0.0803	0.135	0.3796	
% 1	42	0.0927	0.7521	0.0713	0.0839	
% 1	43	0.2716	0.0832	0.0933	0.5519	
% 1	44	0.4907	0.0746	0.2201	0.2146	
% 1	45	0.1841	0.4496	0.2311	0.1351	
% 1	46	0.4209	0.1267	0.283	0.1694	
% 1	47	0.155	0.059	0.6471	0.1389	
% 1	48	0.1988	0.0543	0.1998	0.5471	
% 1	49	0.2823	0.0686	0.2934	0.3557	
% 1	50	0.3547	0.0509	0.0577	0.5368	
% 1	51	0.0814	0.7504	0.0807	0.0875	
% 1	52	0.0557	0.8015	0.0594	0.0834	
% 1	53	0.2027	0.0601	0.4931	0.2441	
% 1	54	0.39	0.12	0.1548	0.3352	
% 1	55	0.1765	0.1034	0.3835	0.3366	
% 1	56	0.1695	0.2579	0.4207	0.1518	
% 1	57	0.0694	0.0403	0.834	0.0563	
% 1	58	0.0533	0.5801	0.2942	0.0724	
% 1	59	0.1586	0.0603	0.5761	0.205	
% 1	60	0.1158	0.1647	0.6005	0.119	
% 1	61	0.1753	0.1046	0.1176	0.6026	
% 1	62	0.1491	0.1069	0.3498	0.3941	
% 1	63	0.2878	0.2366	0.2359	0.2397	
% 1	64	0.5618	0.107	0.091	0.2402	
% 1	65	0.2706	0.0676	0.3015	0.3603	
% 1	66	0.1351	0.3171	0.2576	0.2902	
% 1	67	0.1548	0.0617	0.6629	0.1206	
% 1	68	0.2196	0.2325	0.2206	0.3273	
% 1	69	0.1844	0.2038	0.3787	0.2331	
% 1	70	0.4266	0.0603	0.0975	0.4156	
% 1	71	0.237	0.0958	0.421	0.2462	
% 1	72	0.295	0.0719	0.2842	0.3489	
% 1	73	0.2379	0.2182	0.1232	0.4207	
% 1	74	0.4511	0.1111	0.0983	0.3395	
% 1	75	0.5029	0.1772	0.1247	0.1952	
% 1	76	0.4183	0.0889	0.1709	0.3219	
% 1	77	0.0311	0.9097	0.0267	0.0324	
% 1	78	0.336	0.0547	0.0686	0.5406	
% 1	79	0.3377	0.1147	0.1406	0.4071	
% 1	80	0.0662	0.7733	0.08	0.0806	
% 1	81	0.1795	0.3485	0.1791	0.2928	
% 1	82	0.1282	0.0264	0.7394	0.106	
% 1	83	0.4779	0.065	0.1886	0.2685	
% 1	84	0.2193	0.1189	0.4358	0.226	
% 1	85	0.4011	0.0816	0.174	0.3433	
% 1	86	0.3254	0.1281	0.1326	0.4139	
% 1	87	0.6362	0.0623	0.159	0.1425	
% 2	88	0.0523	0.8242	0.0392	0.0843	
% 2	89	0.1356	0.0941	0.3396	0.4307	
% 2	90	0.0643	0.8593	0.0314	0.045	
% 2	91	0.1961	0.0244	0.4596	0.3199	
% 2	92	0.4026	0.0893	0.124	0.3841	
% 2	93	0.5224	0.0807	0.1655	0.2314	
% 2	94	0.3963	0.1627	0.0778	0.3632	
% 2	95	0.3777	0.2163	0.1519	0.254	
% 2	96	0.2245	0.264	0.1943	0.3172	
% 2	97	0.2089	0.3539	0.1867	0.2505	
% 2	98	0.3777	0.0764	0.3525	0.1934	
% 2	99	0.3515	0.0877	0.354	0.2067	
% 2	100	0.1775	0.0617	0.3746	0.3862	
% 2	101	0.1393	0.5455	0.1687	0.1464	
% 2	102	0.2681	0.1396	0.3308	0.2615	
% 2	103	0.2245	0.3621	0.1655	0.2478	
% 2	104	0.1595	0.0461	0.4636	0.3308	
% 2	105	0.3694	0.3009	0.1974	0.1323	
% 2	106	0.0522	0.8565	0.0389	0.0524	
% 2	107	0.1352	0.2459	0.5366	0.0823	
% 2	108	0.5295	0.112	0.1212	0.2373	
% 2	109	0.182	0.1991	0.3084	0.3105	
% 2	110	0.1638	0.5544	0.1439	0.1379	
% 2	111	0.1252	0.079	0.6695	0.1263	
% 2	112	0.1301	0.2559	0.315	0.299	
% 2	113	0.109	0.5434	0.1098	0.2378	
% 2	114	0.281	0.0667	0.1191	0.5331	
% 2	115	0.6691	0.0549	0.0803	0.1957	
% 2	116	0.308	0.147	0.1049	0.4401	
% 2	117	0.2985	0.1649	0.229	0.3076	
% 2	118	0.4806	0.0447	0.203	0.2717	
% 2	119	0.4849	0.057	0.1418	0.3162	
% 2	120	0.1216	0.0496	0.5929	0.236	
% 2	121	0.1972	0.046	0.5907	0.1661	
% 2	122	0.3741	0.1027	0.2361	0.2871	
% 2	123	0.5127	0.034	0.1879	0.2654	
% 2	124	0.3824	0.2547	0.0902	0.2727	
% 2	125	0.2206	0.1334	0.1523	0.4938	
% 2	126	0.1039	0.755	0.0441	0.097	
% 2	127	0.2065	0.0563	0.4664	0.2709	
% 2	128	0.3107	0.0567	0.2262	0.4064	
% 2	129	0.1929	0.3055	0.084	0.4175	
% 2	130	0.1819	0.1567	0.0779	0.5835	
% 2	131	0.1915	0.095	0.5423	0.1711	
% 2	132	0.5859	0.0946	0.173	0.1465	
% 2	133	0.6657	0.0406	0.1287	0.165	
% 2	134	0.3285	0.075	0.2729	0.3236	
% 2	135	0.1109	0.0887	0.6765	0.1239	
% 2	136	0.4858	0.1362	0.1479	0.2302	
% 2	137	0.1723	0.2304	0.2799	0.3174	
% 2	138	0.0847	0.6782	0.158	0.079	
% 2	139	0.1502	0.0476	0.3402	0.462	
% 2	140	0.1664	0.141	0.1147	0.5779	
% 2	141	0.2163	0.1936	0.1187	0.4714	
% 2	142	0.1551	0.4906	0.1971	0.1571	
% 2	143	0.5109	0.1765	0.1288	0.1839	
% 2	144	0.1466	0.0351	0.545	0.2733	
% 2	145	0.2632	0.0567	0.248	0.4321	
% 2	146	0.2018	0.1401	0.3486	0.3095	
% 2	147	0.1361	0.2477	0.5091	0.1072	
% 2	148	0.1313	0.0781	0.6903	0.1003	
% 2	149	0.3684	0.0641	0.3301	0.2373	
% 2	150	0.5331	0.1024	0.1136	0.2509	
% 2	151	0.2213	0.1533	0.0857	0.5398	
% 2	152	0.3737	0.0589	0.4689	0.0986	
% 2	153	0.1981	0.1104	0.5777	0.1137	
% 2	154	0.1831	0.1298	0.4307	0.2564	
% 2	155	0.2362	0.0824	0.1036	0.5778	
% 2	156	0.4226	0.125	0.2829	0.1694	
% 2	157	0.281	0.285	0.145	0.289	
% 2	158	0.5016	0.0282	0.3204	0.1499	
% 2	159	0.5805	0.0585	0.1592	0.2018	
% 2	160	0.2293	0.1442	0.2338	0.3927	
% 2	161	0.134	0.0463	0.6989	0.1207	
% 2	162	0.2949	0.2852	0.2908	0.1292	
% 2	163	0.1734	0.1344	0.5293	0.1628	
% 2	164	0.2293	0.036	0.4225	0.3122	
% 2	165	0.451	0.0471	0.286	0.2159	
% 2	166	0.4583	0.1016	0.1139	0.3263	
% 2	167	0.2697	0.177	0.3429	0.2104	
% 2	168	0.2549	0.1335	0.1768	0.4347	
% 2	169	0.0456	0.8794	0.0297	0.0453	
% 2	170	0.3867	0.1303	0.1803	0.3026	
% 2	171	0.4516	0.0677	0.2295	0.2512	
% 2	172	0.1421	0.3239	0.3726	0.1614	
% 2	173	0.0601	0.8286	0.0503	0.061	
% 2	174	0.3059	0.0527	0.1297	0.5116	
% 2	175	0.5419	0.0566	0.1	0.3015	
% 2	176	0.1255	0.2644	0.3574	0.2528	
% 2	177	0.1588	0.03	0.7388	0.0724	
% 2	178	0.2236	0.0756	0.2083	0.4926	
% 2	179	0.3606	0.0743	0.139	0.4262	
% 2	180	0.0543	0.8343	0.0564	0.055	
% 2	181	0.4037	0.1223	0.1121	0.3619	
% 2	182	0.1315	0.1127	0.4543	0.3015	
% 2	183	0.3075	0.079	0.3694	0.2441	
% 2	184	0.0871	0.7274	0.1028	0.0827	
% 2	185	0.1374	0.0326	0.114	0.7161	
% 2	186	0.2015	0.3666	0.2102	0.2217	
% 2	187	0.637	0.0709	0.0731	0.219	
% 2	188	0.3783	0.0711	0.2151	0.3355	
% 2	189	0.3196	0.3383	0.1767	0.1653	
% 2	190	0.1995	0.1277	0.4758	0.197	
% 2	191	0.5843	0.0959	0.1576	0.1623	
% 2	192	0.3233	0.0524	0.1608	0.4635	
% 2	193	0.1324	0.2636	0.4689	0.135	
% 2	194	0.1673	0.0364	0.5802	0.2161	
% 2	195	0.1004	0.7699	0.0413	0.0884	
% 2	196	0.5876	0.0574	0.049	0.3061	
% 2	197	0.3014	0.0736	0.2504	0.3746	
% 2	198	0.0603	0.8118	0.0742	0.0537	
% 2	199	0.2009	0.0417	0.337	0.4204	
% 2	200	0.3041	0.2544	0.2253	0.2163	
% 2	201	0.2423	0.0414	0.3953	0.3209	
% 2	202	0.3697	0.0407	0.4234	0.1661	
% 2	203	0.672	0.0595	0.1115	0.1569	
% 2	204	0.3437	0.1439	0.2229	0.2896	
% 2	205	0.2642	0.1936	0.3182	0.224	
% 2	206	0.0326	0.8802	0.0361	0.0511	
% 2	207	0.0954	0.4523	0.3023	0.1501	
% 2	208	0.2086	0.0774	0.3108	0.4032	
% 2	209	0.132	0.3891	0.2279	0.251	
% 2	210	0.0644	0.8571	0.0291	0.0493	
% 2	211	0.1542	0.171	0.392	0.2828	
% 2	212	0.0996	0.2545	0.5774	0.0686	
% 2	213	0.3192	0.1385	0.0943	0.448	
% 2	214	0.1897	0.1919	0.4793	0.1391	
% 2	215	0.4841	0.0436	0.1396	0.3328	
% 2	216	0.0937	0.5276	0.2278	0.1509	
% 2	217	0.1283	0.6084	0.1093	0.154	
% 2	218	0.6084	0.0856	0.1189	0.1872	
% 2	219	0.1327	0.2836	0.338	0.2457	
% 2	220	0.1825	0.0252	0.614	0.1783	
% 2	221	0.1652	0.2069	0.5038	0.1242	
% 2	222	0.2355	0.0588	0.235	0.4706	
% 2	223	0.2018	0.1657	0.3867	0.2458	
% 2	224	0.2607	0.1143	0.1683	0.4566	
% 2	225	0.0403	0.7683	0.1479	0.0436	
% 2	226	0.2517	0.4111	0.0556	0.2816	
% 2	227	0.0653	0.8505	0.0388	0.0454	
% 2	228	0.2296	0.074	0.3087	0.3877	
% 2	229	0.5807	0.0593	0.1965	0.1635	
% 2	230	0.2607	0.2562	0.2725	0.2106	
% 2	231	0.1993	0.1827	0.3902	0.2278	
% 2	232	0.2284	0.1517	0.3823	0.2376	
% 2	233	0.2168	0.2622	0.345	0.1761	
% 2	234	0.0386	0.886	0.0353	0.0401	
% 2	235	0.084	0.7126	0.0884	0.115	
% 2	236	0.0747	0.0521	0.7663	0.1068	
% 2	237	0.0943	0.1414	0.5447	0.2196	
% 2	238	0.0853	0.1004	0.7219	0.0924	
% 2	239	0.1213	0.0747	0.3053	0.4987	
% 2	240	0.366	0.1151	0.1809	0.338	
% 2	241	0.2856	0.2824	0.1131	0.3188	
% 2	242	0.126	0.0354	0.6063	0.2323	
% 2	243	0.4409	0.072	0.2127	0.2744	
% 2	244	0.562	0.0744	0.1558	0.2078	
% 2	245	0.0522	0.8572	0.0403	0.0503	
% 2	246	0.3139	0.2039	0.2959	0.1863	
% 2	247	0.1523	0.683	0.0774	0.0873	
% 2	248	0.2135	0.4153	0.067	0.3042	
% 2	249	0.5684	0.1206	0.0897	0.2213	
% 2	250	0.4198	0.1441	0.1165	0.3197	
% 2	251	0.5311	0.102	0.0802	0.2868	
% 2	252	0.1706	0.122	0.3908	0.3166	
% 2	253	0.2703	0.1493	0.0761	0.5043	
% 2	254	0.425	0.1787	0.1163	0.28	
% 2	255	0.3651	0.0975	0.3107	0.2268	
% 2	256	0.3912	0.2018	0.2058	0.2011	
% 2	257	0.6252	0.111	0.0804	0.1834	
% 1	258	0.1536	0.142	0.2003	0.5041	
% 1	259	0.1149	0.4309	0.187	0.2673	
% 1	260	0.2129	0.089	0.0698	0.6282	
% 1	261	0.3837	0.1551	0.0748	0.3864	
% 1	262	0.1835	0.174	0.0824	0.5601	
% 1	263	0.4013	0.125	0.3063	0.1673	
% 1	264	0.5052	0.1	0.1098	0.285	
% 1	265	0.6892	0.0744	0.081	0.1553	
% 1	266	0.5383	0.0527	0.109	0.3	
% 1	267	0.4184	0.3314	0.0661	0.184	
% 1	268	0.2922	0.184	0.3097	0.2141	
% 1	269	0.3496	0.2333	0.098	0.3191	
% 1	270	0.6398	0.0776	0.0753	0.2073	
% 1	271	0.2597	0.4505	0.1193	0.1706	
% 1	272	0.2437	0.2377	0.2363	0.2823	
% 1	273	0.2998	0.0516	0.188	0.4606	
% 1	274	0.1428	0.6479	0.0815	0.1279	
% 1	275	0.0764	0.1165	0.6515	0.1556	
% 1	276	0.3544	0.1206	0.2343	0.2908	
% 1	277	0.205	0.2295	0.1491	0.4164	
% 1	278	0.1693	0.3106	0.4104	0.1097	
% 1	279	0.071	0.2336	0.3742	0.3212	
% 1	280	0.2868	0.2525	0.1308	0.3298	
% 1	281	0.5269	0.0943	0.1427	0.2361	
% 1	282	0.1943	0.2557	0.1696	0.3804	
% 1	283	0.4006	0.1579	0.2352	0.2062	
% 1	284	0.6768	0.0607	0.123	0.1395	
% 1	285	0.4283	0.0873	0.1988	0.2856	
% 1	286	0.4095	0.0594	0.1623	0.3688	
% 1	287	0.0284	0.9174	0.0201	0.034	
% 1	288	0.0466	0.5949	0.3094	0.0492	
% 1	289	0.4454	0.1751	0.152	0.2274	
% 1	290	0.032	0.898	0.0366	0.0334	
% 1	291	0.2692	0.4451	0.1103	0.1754	
% 1	292	0.2946	0.1816	0.1394	0.3843	
% 1	293	0.2248	0.092	0.5026	0.1805	
% 1	294	0.4174	0.3395	0.0614	0.1816	
% 1	295	0.3016	0.0545	0.0488	0.595	
% 1	296	0.0942	0.0673	0.5846	0.2539	
% 1	297	0.2153	0.6011	0.0516	0.132	
% 1	298	0.3127	0.0831	0.2661	0.3381	
% 1	299	0.3246	0.2465	0.1875	0.2415	
% 1	300	0.4581	0.1071	0.1909	0.2439	
% 1	301	0.0647	0.836	0.0413	0.058	
% 1	302	0.1444	0.5918	0.1487	0.115	
% 1	303	0.3608	0.1464	0.1459	0.3469	
% 1	304	0.1009	0.3511	0.4309	0.1171	
% 1	305	0.5759	0.0798	0.1648	0.1795	
% 1	306	0.1822	0.5422	0.0676	0.208	
% 1	307	0.4174	0.0687	0.2815	0.2325	
% 1	308	0.2984	0.2048	0.1516	0.3452	
% 1	309	0.1006	0.7597	0.0434	0.0963	
% 1	310	0.2782	0.3528	0.0946	0.2744	
% 1	311	0.0719	0.6069	0.0864	0.2349	
% 1	312	0.526	0.0945	0.1435	0.236	
% 1	313	0.3267	0.1051	0.2827	0.2854	
% 1	314	0.2482	0.1951	0.3163	0.2404	
% 1	315	0.4261	0.195	0.0817	0.2971	
% 1	316	0.6502	0.06	0.0541	0.2356	
% 1	317	0.1197	0.0604	0.6518	0.168	
% 1	318	0.2969	0.0422	0.3607	0.3002	
% 1	319	0.4183	0.042	0.2401	0.2997	
% 1	320	0.5005	0.0364	0.2903	0.1728	
% 1	321	0.3702	0.0551	0.1775	0.3971	
% 1	322	0.093	0.3564	0.0713	0.4794	
% 1	323	0.1808	0.105	0.1729	0.5414	
% 1	324	0.606	0.0507	0.0811	0.2622	
% 1	325	0.3369	0.2937	0.1014	0.268	
% 1	326	0.5805	0.0769	0.1083	0.2343	
% 1	327	0.597	0.0626	0.0875	0.2529	
% 1	328	0.3059	0.072	0.3813	0.2407	
% 1	329	0.2947	0.2006	0.2868	0.2179	
% 1	330	0.2294	0.2257	0.2888	0.2561	
% 1	331	0.1796	0.6139	0.1054	0.1011	
% 1	332	0.3572	0.2697	0.1476	0.2255	
% 1	333	0.5003	0.2846	0.0736	0.1416	
% 1	334	0.551	0.116	0.0995	0.2335	
% 1	335	0.3538	0.0574	0.1333	0.4555	
% 1	336	0.3343	0.2237	0.1731	0.2689	
% 1	337	0.135	0.527	0.1622	0.1758	
% 1	338	0.4268	0.1416	0.0794	0.3522	
% 1	339	0.2536	0.1305	0.2486	0.3672	
% 1	340	0.4568	0.105	0.1883	0.2498	
% 1	341	0.1416	0.09	0.53	0.2384	
% 1	342	0.2484	0.2353	0.267	0.2494	
% 1	343	0.197	0.0734	0.5957	0.1339	
% 1	344	0.258	0.3455	0.2103	0.1862	
% 1	345	0.3107	0.1906	0.051	0.4477	
% 1	346	0.421	0.3004	0.0754	0.2031	
% 1	347	0.1758	0.3495	0.2474	0.2273	
% 1	348	0.2348	0.1917	0.4199	0.1537	
% 1	349	0.3257	0.0616	0.3925	0.2202	
% 1	350	0.0915	0.108	0.7004	0.1001	
% 1	351	0.4129	0.1126	0.122	0.3526	
% 1	352	0.2733	0.081	0.1767	0.469	
% 1	353	0.4602	0.1421	0.1161	0.2816	
% 1	354	0.1124	0.3846	0.3122	0.1908	
% 1	355	0.1111	0.1678	0.6352	0.0858	
% 1	356	0.3332	0.3058	0.1202	0.2409	
% 1	357	0.3617	0.0956	0.2465	0.2962	
% 1	358	0.3017	0.0735	0.2175	0.4073	
% 1	359	0.0863	0.4399	0.2273	0.2466	
% 1	360	0.273	0.2311	0.1323	0.3636	
% 1	361	0.1878	0.0574	0.5231	0.2316	
% 1	362	0.2793	0.1714	0.158	0.3913	
% 1	363	0.1343	0.4212	0.341	0.1036	
% 1	364	0.3247	0.099	0.2534	0.323	
% 1	365	0.4286	0.0593	0.158	0.3542	
% 1	366	0.6144	0.0406	0.0751	0.27	
% 1	367	0.2003	0.1063	0.0849	0.6086	
% 1	368	0.1731	0.0808	0.2074	0.5386	
% 1	369	0.1237	0.3536	0.3263	0.1964	
% 1	370	0.0707	0.6884	0.0645	0.1764	
% 1	371	0.077	0.784	0.0673	0.0717	
% 1	372	0.0566	0.8426	0.0443	0.0566	
% 1	373	0.079	0.6543	0.1682	0.0985	
% 1	374	0.3018	0.0433	0.1787	0.4762	
% 1	375	0.4039	0.1755	0.1678	0.2528	
% 1	376	0.2032	0.2717	0.2418	0.2833	
% 1	377	0.4906	0.0546	0.1894	0.2654	
% 1	378	0.3075	0.0494	0.2862	0.3568	
% 1	379	0.1737	0.5065	0.1482	0.1716	
% 1	380	0.6397	0.0526	0.0596	0.2481	
% 1	381	0.2896	0.1907	0.1693	0.3504	
% 1	382	0.068	0.8154	0.0599	0.0567	
% 1	383	0.4823	0.158	0.054	0.3057	
% 1	384	0.1987	0.4639	0.1444	0.193	
% 1	385	0.1829	0.2823	0.2247	0.31	
% 1	386	0.3044	0.3351	0.0966	0.264	
% 1	387	0.2478	0.506	0.0723	0.174	
% 1	388	0.1998	0.5136	0.1344	0.1522	
% 1	389	0.6819	0.081	0.0845	0.1525	
% 1	390	0.0983	0.0291	0.7545	0.1181	
% 1	391	0.095	0.5876	0.2337	0.0837	
% 1	392	0.1615	0.4569	0.1741	0.2075	
% 1	393	0.269	0.1472	0.3585	0.2253	
% 1	394	0.1263	0.2007	0.2153	0.4576	
% 1	395	0.199	0.1353	0.3414	0.3243	
% 1	396	0.2858	0.132	0.2796	0.3026	
% 1	397	0.2897	0.2594	0.0711	0.3798	
% 1	398	0.1749	0.6292	0.0614	0.1344	
% 1	399	0.1768	0.2377	0.0608	0.5247	
% 1	400	0.4541	0.1611	0.0716	0.3132	
% 1	401	0.054	0.729	0.12	0.097	
% 1	402	0.2572	0.0313	0.5174	0.1941	
% 1	403	0.1773	0.178	0.2566	0.3881	
% 1	404	0.6483	0.036	0.1552	0.1605	
% 1	405	0.0872	0.4716	0.2445	0.1968	
% 1	406	0.2258	0.0854	0.3425	0.3462	
% 1	407	0.3456	0.0786	0.0625	0.5133	
% 1	408	0.0858	0.1665	0.6646	0.083	
% 1	409	0.6159	0.0711	0.1067	0.2063	
% 1	410	0.0861	0.8106	0.0351	0.0681	
% 1	411	0.1271	0.6712	0.089	0.1127	
% 1	412	0.3801	0.312	0.1668	0.1411	
% 1	413	0.4768	0.1591	0.0844	0.2797	
% 1	414	0.1556	0.4288	0.1447	0.271	
% 1	415	0.2988	0.0771	0.1557	0.4684	
% 1	416	0.6062	0.0824	0.0967	0.2146	
% 1	417	0.5605	0.0423	0.1378	0.2594	
% 1	418	0.3393	0.2622	0.1449	0.2536	
% 1	419	0.1173	0.5291	0.1857	0.1679	
% 1	420	0.0643	0.0787	0.6298	0.2273	
% 1	421	0.4611	0.1559	0.0857	0.2973	
% 1	422	0.0519	0.8541	0.0373	0.0567	
% 1	423	0.4238	0.0709	0.0613	0.444	
% 1	424	0.1099	0.0517	0.5096	0.3288	
% 1	425	0.0532	0.8411	0.0526	0.0532	
% 1	426	0.6514	0.0889	0.065	0.1947	
% 1	427	0.4079	0.1091	0.1143	0.3687	
% 1	428	0.0702	0.8131	0.0446	0.0722	
% 1	429	0.239	0.0517	0.5422	0.1671	
% 1	430	0.2042	0.1273	0.1836	0.4848	
% 1	431	0.159	0.5815	0.0784	0.1811	
% 1	432	0.0493	0.8617	0.0401	0.0489	
% 1	433	0.0474	0.7149	0.1758	0.0618	
% 1	434	0.2123	0.4141	0.09	0.2836	
% 1	435	0.4756	0.074	0.0858	0.3645	
% 1	436	0.4452	0.1137	0.0619	0.3793	
% 1	437	0.0941	0.693	0.131	0.0819	
% 1	438	0.1306	0.4214	0.1316	0.3165	
% 1	439	0.177	0.1193	0.0507	0.653	
% 1	440	0.1757	0.6461	0.0736	0.1046	
% 1	441	0.119	0.0577	0.4088	0.4145	
% 1	442	0.1667	0.1462	0.1729	0.5142	
% 1	443	0.156	0.0687	0.0866	0.6888	
% 1	444	0.4521	0.3165	0.0657	0.1657	
% 1	445	0.147	0.2123	0.2725	0.3682	
% 2	446	0.2072	0.3636	0.2775	0.1517	
% 2	447	0.3618	0.1648	0.235	0.2384	
% 2	448	0.2233	0.1614	0.1441	0.4711	
% 2	449	0.058	0.5976	0.2614	0.083	
% 2	450	0.1106	0.6416	0.1009	0.147	
% 2	451	0.0656	0.8101	0.0374	0.0869	
% 2	452	0.2022	0.3766	0.1174	0.3038	
% 2	453	0.0716	0.0394	0.8033	0.0857	
% 2	454	0.0691	0.789	0.0631	0.0787	
% 2	455	0.5006	0.1487	0.1527	0.198	
% 2	456	0.0534	0.8264	0.0464	0.0737	
% 2	457	0.5657	0.1424	0.0586	0.2333	
% 2	458	0.1302	0.1909	0.5516	0.1273	
% 2	459	0.6485	0.0384	0.101	0.2121	
% 2	460	0.1871	0.2144	0.1877	0.4107	
% 2	461	0.2091	0.4264	0.1059	0.2586	
% 2	462	0.1057	0.2958	0.2968	0.3017	
% 2	463	0.0592	0.7221	0.1162	0.1026	
% 2	464	0.5889	0.0406	0.1239	0.2467	
% 2	465	0.2964	0.1361	0.2341	0.3333	
% 2	466	0.1989	0.1789	0.1596	0.4627	
% 2	467	0.4713	0.11	0.1291	0.2896	
% 2	468	0.1489	0.1643	0.4949	0.1919	
% 2	469	0.0606	0.8262	0.0313	0.0819	
% 2	470	0.1467	0.5217	0.1649	0.1667	
% 2	471	0.1967	0.2051	0.1297	0.4684	
% 2	472	0.2907	0.13	0.1013	0.4781	
% 2	473	0.3467	0.0619	0.259	0.3324	
% 2	474	0.0866	0.0589	0.7788	0.0757	
% 2	475	0.1341	0.4723	0.1734	0.2203	
% 2	476	0.2273	0.0613	0.0943	0.6172	
% 2	477	0.1028	0.2473	0.4114	0.2385	
% 2	478	0.4527	0.099	0.1706	0.2777	
% 2	479	0.3711	0.0509	0.1029	0.4752	
% 2	480	0.4329	0.1812	0.1839	0.202	
% 2	481	0.1875	0.1221	0.2715	0.4189	
% 2	482	0.1512	0.0424	0.5484	0.258	
% 2	483	0.1803	0.0594	0.3656	0.3947	
% 2	484	0.2419	0.075	0.1844	0.4987	
% 2	485	0.1891	0.485	0.1707	0.1551	
% 2	486	0.1477	0.4539	0.1759	0.2226	
% 2	487	0.2501	0.1624	0.4365	0.1511	
% 2	488	0.3858	0.0912	0.1736	0.3495	
% 2	489	0.2107	0.0594	0.17	0.5598	
% 2	490	0.1562	0.1226	0.1311	0.5901	
% 2	491	0.0765	0.1046	0.7189	0.1	
% 2	492	0.11	0.041	0.7545	0.0944	
% 2	493	0.3465	0.1636	0.093	0.3969	
% 2	494	0.0772	0.7828	0.058	0.082	
% 2	495	0.3185	0.3706	0.1521	0.1588	
% 2	496	0.3223	0.1508	0.2107	0.3163	
% 2	497	0.1334	0.038	0.6464	0.1821	
% 2	498	0.146	0.1584	0.1066	0.589	
% 2	499	0.3321	0.0639	0.0972	0.5069	
% 2	500	0.1647	0.0791	0.564	0.1921	
% 2	501	0.1589	0.4695	0.1177	0.2539	
% 2	502	0.1533	0.267	0.324	0.2556	
% 2	503	0.2199	0.0767	0.3697	0.3337	
% 2	504	0.0923	0.2671	0.1785	0.4621	
% 2	505	0.2656	0.3337	0.196	0.2047	
% 2	506	0.1872	0.101	0.4035	0.3083	
% 2	507	0.1835	0.1869	0.3627	0.2668	
% 2	508	0.1633	0.2216	0.4322	0.183	
% 2	509	0.0393	0.8863	0.0374	0.037	
% 2	510	0.2426	0.1365	0.1517	0.4692	
% 2	511	0.2645	0.2188	0.2738	0.2429	
% 2	512	0.0612	0.7678	0.0977	0.0733	
% 2	513	0.253	0.3561	0.2471	0.1437	
% 2	514	0.1669	0.4422	0.256	0.1349	
% 2	515	0.2423	0.1276	0.4585	0.1716	
% 2	516	0.3396	0.211	0.1422	0.3072	
% 2	517	0.1159	0.5379	0.1408	0.2053	
% 2	518	0.1301	0.1	0.5154	0.2545	
% 2	519	0.4469	0.0968	0.2439	0.2124	
% 2	520	0.1218	0.14	0.1334	0.6048	
% 2	521	0.2175	0.1731	0.2958	0.3136	
% 2	522	0.234	0.147	0.103	0.5161	
% 2	523	0.313	0.1198	0.2404	0.3268	
% 2	524	0.4508	0.1067	0.0703	0.3722	
% 2	525	0.2829	0.1003	0.3773	0.2395	
% 2	526	0.2069	0.1207	0.4796	0.1928	
% 2	527	0.3141	0.0723	0.1707	0.4429	
% 2	528	0.3783	0.0663	0.3198	0.2356	
% 2	529	0.4296	0.081	0.0892	0.4002	
% 2	530	0.2679	0.065	0.3956	0.2715	
% 2	531	0.3819	0.249	0.0703	0.2988	
% 2	532	0.381	0.0461	0.2546	0.3183	
% 2	533	0.5297	0.032	0.0999	0.3384	
% 2	534	0.3201	0.1026	0.2034	0.3739	
% 2	535	0.2673	0.0823	0.138	0.5123	
% 2	536	0.4213	0.0633	0.1971	0.3183	
% 2	537	0.3802	0.0354	0.2641	0.3202	
% 2	538	0.4089	0.1064	0.1635	0.3212	
% 2	539	0.4003	0.0846	0.161	0.3541	
% 2	540	0.0916	0.0982	0.6872	0.123	
% 2	541	0.555	0.1296	0.1373	0.1781	
% 2	542	0.1747	0.331	0.349	0.1453	
% 2	543	0.1787	0.134	0.4882	0.199	
% 2	544	0.4753	0.0779	0.2074	0.2394	
% 2	545	0.1274	0.5391	0.0766	0.2569	
% 2	546	0.3607	0.0421	0.2454	0.3518	
% 2	547	0.4251	0.1785	0.0766	0.3199	
% 2	548	0.1716	0.2701	0.3183	0.24	
% 2	549	0.3981	0.1448	0.2225	0.2346	
% 2	550	0.2364	0.5701	0.0851	0.1084	
% 2	551	0.287	0.0988	0.3564	0.2578	
% 2	552	0.5389	0.1486	0.0852	0.2273	
% 2	553	0.3987	0.0867	0.2541	0.2605	
% 2	554	0.2535	0.0806	0.3527	0.3132	
% 2	555	0.2307	0.0723	0.3635	0.3335	
% 2	556	0.3274	0.1476	0.343	0.182	
% 2	557	0.1467	0.2671	0.1448	0.4414	
% 2	558	0.2975	0.3382	0.0687	0.2956	
% 2	559	0.1031	0.0887	0.5945	0.2137	
% 2	560	0.1674	0.1906	0.3241	0.3179	
% 2	561	0.6448	0.0391	0.074	0.242	
% 2	562	0.3014	0.1777	0.3159	0.205	
% 2	563	0.1573	0.1028	0.2288	0.5111	
% 2	564	0.5666	0.1226	0.1421	0.1687	
% 2	565	0.2855	0.2003	0.2772	0.237	
% 2	566	0.1456	0.2165	0.2189	0.419	
% 2	567	0.1117	0.0907	0.3521	0.4455	
% 2	568	0.3911	0.2168	0.2007	0.1914	
% 2	569	0.1022	0.052	0.6851	0.1607	
% 2	570	0.2649	0.0904	0.1157	0.529	
% 2	571	0.2539	0.1023	0.1017	0.5421	
% 2	572	0.2364	0.095	0.3953	0.2733	
% 2	573	0.1644	0.4881	0.1446	0.2029	
% 2	574	0.2838	0.2289	0.1423	0.345	
% 2	575	0.3328	0.0564	0.2248	0.386	
% 2	576	0.1549	0.1609	0.5511	0.1332	
% 2	577	0.0596	0.8593	0.0326	0.0486	
% 2	578	0.2234	0.079	0.1724	0.5253	
% 2	579	0.1426	0.6199	0.0426	0.1949	
% 2	580	0.2955	0.052	0.3488	0.3038	
% 2	581	0.1675	0.0934	0.5075	0.2316	
% 2	582	0.5097	0.0541	0.1754	0.2607	
% 2	583	0.5265	0.0795	0.1867	0.2074	
% 2	584	0.3423	0.095	0.2471	0.3156	
% 2	585	0.2325	0.16	0.0941	0.5134	
% 2	586	0.2693	0.0391	0.2392	0.4524	
% 2	587	0.0373	0.9041	0.026	0.0326	
% 2	588	0.117	0.2553	0.1846	0.4431	
% 2	589	0.3613	0.1237	0.3356	0.1794	
% 2	590	0.3971	0.0233	0.0994	0.4802	
% 2	591	0.4783	0.0771	0.2178	0.2268	
% 2	592	0.1881	0.0853	0.2586	0.468	
% 2	593	0.2725	0.206	0.1795	0.3419	
% 2	594	0.272	0.0656	0.1204	0.542	
% 2	595	0.1575	0.2615	0.4408	0.1403	
% 2	596	0.3209	0.1348	0.264	0.2804	
% 2	597	0.1578	0.1785	0.4461	0.2175	
% 2	598	0.2735	0.0872	0.2698	0.3696	
% 2	599	0.5486	0.1817	0.1007	0.1689	
% 2	600	0.2774	0.1096	0.1577	0.4554	
% 2	601	0.2126	0.0426	0.5309	0.2139	
% 2	602	0.3591	0.2657	0.224	0.1511	
% 2	603	0.1923	0.0587	0.1597	0.5893	
% 2	604	0.6742	0.0593	0.1114	0.1551	
% 2	605	0.3064	0.072	0.328	0.2936	
% 2	606	0.2027	0.1604	0.2089	0.428	
% 2	607	0.6845	0.0686	0.0584	0.1885	
% 2	608	0.4947	0.0511	0.1107	0.3435	
% 2	609	0.1413	0.0804	0.6547	0.1236	
% 2	610	0.1141	0.74	0.053	0.0928	
% 2	611	0.1791	0.3021	0.2554	0.2635	
% 2	612	0.2796	0.1803	0.1285	0.4116	
% 2	613	0.3084	0.1646	0.1928	0.3342	
% 2	614	0.2095	0.3072	0.2471	0.2361	
% 2	615	0.5941	0.0394	0.076	0.2905	
% 2	616	0.0664	0.0838	0.7746	0.0752	
% 2	617	0.2863	0.1466	0.1937	0.3734	
% 2	618	0.3703	0.2365	0.059	0.3343	
% 2	619	0.3116	0.07	0.2379	0.3806	
% 2	620	0.0956	0.321	0.4892	0.0943	
% 2	621	0.1452	0.0983	0.6507	0.1059	
% 2	622	0.2578	0.1654	0.3984	0.1784	
% 2	623	0.5418	0.152	0.0569	0.2493	
% 2	624	0.377	0.1346	0.3097	0.1788	
% 2	625	0.2927	0.293	0.1227	0.2917	
% 2	626	0.1695	0.0538	0.4549	0.3217	
% 2	627	0.297	0.1774	0.1603	0.3654	
% 2	628	0.029	0.9037	0.0351	0.0321	
% 2	629	0.5717	0.2035	0.1178	0.107	
% 2	630	0.088	0.0346	0.8058	0.0716	
% 2	631	0.3601	0.0431	0.1236	0.4731	
% 2	632	0.1115	0.1	0.6212	0.1673	
% 2	633	0.1704	0.0854	0.4437	0.3005	
% 2	634	0.3515	0.3862	0.0706	0.1917	
% 2	635	0.0991	0.0437	0.753	0.1042	
% 2	636	0.0686	0.2314	0.5471	0.1529	
% 2	637	0.2309	0.2101	0.1135	0.4456	
% 2	638	0.0784	0.0873	0.7387	0.0956	
% 2	639	0.1555	0.1423	0.2838	0.4184	
% 2	640	0.2763	0.4239	0.065	0.2347	
% 2	641	0.1771	0.1118	0.0828	0.6282	
% 2	642	0.4564	0.2445	0.0677	0.2314	
% 2	643	0.1747	0.0883	0.3245	0.4125	
% 2	644	0.4608	0.0404	0.0947	0.4041	
% 2	645	0.3639	0.2221	0.1198	0.2941	
% 2	646	0.5954	0.0641	0.1925	0.148	
% 2	647	0.3319	0.1966	0.1014	0.3701	
% 2	648	0.1839	0.0429	0.5831	0.1901	
% 2	649	0.5537	0.0707	0.0819	0.2937	
% 2	650	0.4381	0.0462	0.2565	0.2592	
% 2	651	0.0399	0.8003	0.0758	0.084	
% 2	652	0.3939	0.1947	0.1651	0.2463	
% 2	653	0.1374	0.0811	0.408	0.3735	
% 2	654	0.219	0.1453	0.3226	0.313	
% 2	655	0.2105	0.3904	0.0992	0.2999	
% 2	656	0.2499	0.0637	0.0897	0.5967	
% 2	657	0.2887	0.1001	0.1453	0.4659	
% 2	658	0.1639	0.0594	0.609	0.1677	
% 2	659	0.4313	0.027	0.1163	0.4254	
% 2	660	0.6015	0.1261	0.0907	0.1817	
% 2	661	0.7319	0.0446	0.0874	0.1361	
% 2	662	0.543	0.0767	0.072	0.3083	
% 2	663	0.1778	0.3293	0.2902	0.2028	
% 2	664	0.2678	0.0446	0.5156	0.172	
% 2	665	0.4416	0.1706	0.1377	0.2501	
% 2	666	0.0636	0.7686	0.0928	0.075	
% 2	667	0.2217	0.4541	0.1197	0.2045	
% 2	668	0.358	0.289	0.1574	0.1956	
% 2	669	0.2282	0.1977	0.121	0.4531	
% 2	670	0.5551	0.0469	0.1153	0.2828	
% 2	671	0.3277	0.0769	0.1354	0.46	
% 2	672	0.2799	0.0392	0.2809	0.4001	
% 2	673	0.062	0.073	0.7898	0.0753	
% 2	674	0.2287	0.1024	0.3338	0.3351	
% 2	675	0.1417	0.0387	0.5771	0.2424	
% 2	676	0.3118	0.0868	0.1508	0.4505	
% 2	677	0.2862	0.3114	0.0774	0.325	
% 2	678	0.1971	0.2024	0.1614	0.439	
% 2	679	0.1994	0.2399	0.1781	0.3826	
% 2	680	0.4303	0.1543	0.1407	0.2747	
% 2	681	0.0903	0.4349	0.3195	0.1553	
% 2	682	0.1194	0.5468	0.21	0.1237	
% 2	683	0.2868	0.105	0.0438	0.5644	
% 2	684	0.2541	0.1204	0.2759	0.3496	
% 2	685	0.2251	0.1086	0.3807	0.2856	
% 2	686	0.0769	0.0449	0.7956	0.0827	
% 2	687	0.3082	0.0633	0.36	0.2685	
% 2	688	0.1553	0.4066	0.2127	0.2254	
% 2	689	0.1028	0.4749	0.3371	0.0851	
% 2	690	0.3393	0.2859	0.1189	0.2559	
% 2	691	0.1412	0.2341	0.2882	0.3365	
% 2	692	0.2406	0.2424	0.1783	0.3387	
% 2	693	0.0554	0.0397	0.8317	0.0731	
% 2	694	0.2287	0.0404	0.6169	0.114	
% 2	695	0.2602	0.23	0.1111	0.3987	
% 2	696	0.1386	0.0724	0.233	0.5561	
% 2	697	0.3532	0.0812	0.2036	0.3621	
% 2	698	0.2086	0.0304	0.2632	0.4978	
% 2	699	0.3491	0.2261	0.083	0.3418	
% 2	700	0.5607	0.0861	0.064	0.2892	
% 2	701	0.1881	0.0786	0.4651	0.2681	
% 2	702	0.1059	0.473	0.2543	0.1669	
% 2	703	0.228	0.3822	0.1363	0.2535	
% 2	704	0.0649	0.5316	0.3069	0.0967	
% 2	705	0.3976	0.108	0.1826	0.3118	
% 2	706	0.1008	0.1879	0.635	0.0763	
% 2	707	0.1192	0.1231	0.6297	0.1279	
% 2	708	0.4538	0.1733	0.1136	0.2593	
% 2	709	0.0914	0.2707	0.5237	0.1141	
% 2	710	0.235	0.1145	0.0868	0.5636	
% 2	711	0.157	0.2904	0.1771	0.3755	
% 2	712	0.3993	0.0564	0.1362	0.4081	
% 2	713	0.102	0.1176	0.6299	0.1505	
% 2	714	0.5301	0.1494	0.0844	0.2361	
% 2	715	0.1816	0.0959	0.1022	0.6203	
% 2	716	0.1506	0.5147	0.1059	0.2288	
% 2	717	0.1084	0.0914	0.6744	0.1257	
% 2	718	0.3156	0.0493	0.1943	0.4408	
% 2	719	0.4807	0.0407	0.2025	0.2761	
% 2	720	0.2443	0.1186	0.1754	0.4618	
% 2	721	0.1184	0.0804	0.718	0.0831	
% 2	722	0.0676	0.0754	0.7608	0.0962	
% 2	723	0.1014	0.0769	0.7436	0.0781	
% 2	724	0.1153	0.5282	0.1304	0.2261	
% 2	725	0.6207	0.0716	0.0914	0.2163	
% 2	726	0.4281	0.1503	0.0634	0.3582	
% 2	727	0.1396	0.2322	0.4999	0.1283	
% 2	728	0.2785	0.4654	0.0767	0.1794	
% 2	729	0.6634	0.053	0.0798	0.2038	
% 2	730	0.1728	0.2362	0.3693	0.2217	
% 2	731	0.1171	0.7224	0.0694	0.091	
% 2	732	0.1429	0.2574	0.3337	0.266	
% 2	733	0.1018	0.0516	0.7746	0.072	
% 2	734	0.392	0.0454	0.0721	0.4904	
% 2	735	0.2966	0.064	0.2456	0.3939	
% 2	736	0.2507	0.1171	0.1304	0.5018	
% 2	737	0.1092	0.246	0.4634	0.1815	
% 2	738	0.2239	0.3657	0.213	0.1974	
% 2	739	0.3746	0.2981	0.1389	0.1884	
% 2	740	0.625	0.0387	0.1165	0.2198	
% 2	741	0.1296	0.2186	0.3448	0.3071	
% 2	742	0.2607	0.0651	0.0948	0.5793	
% 2	743	0.4184	0.0683	0.0881	0.4251	
% 2	744	0.3816	0.0586	0.2186	0.3412	
% 2	745	0.171	0.0531	0.5085	0.2674	
% 2	746	0.1376	0.4164	0.1308	0.3152	
% 2	747	0.0843	0.7877	0.0467	0.0813	
% 2	748	0.1635	0.2324	0.1451	0.459	
% 2	749	0.1521	0.147	0.4941	0.2067	
% 2	750	0.4241	0.1555	0.1353	0.2852	
% 2	751	0.1796	0.2175	0.0604	0.5425	
% 2	752	0.1191	0.037	0.7054	0.1384	
% 2	753	0.2404	0.0387	0.1551	0.5657	
% 2	754	0.2226	0.0593	0.3961	0.3219	
% 2	755	0.0742	0.0382	0.8125	0.0752	
% 2	756	0.1286	0.279	0.4006	0.1918	
% 2	757	0.254	0.1646	0.2175	0.3639	
% 2	758	0.4981	0.136	0.1125	0.2534	
% 2	759	0.2183	0.271	0.3088	0.2019	
% 2	760	0.3079	0.3536	0.1459	0.1926	
% 2	761	0.4062	0.025	0.1415	0.4273	
% 2	762	0.1093	0.0349	0.756	0.0998	
% 2	763	0.2223	0.329	0.2613	0.1874	
% 4	764	0.1098	0.0898	0.67	0.1303	
% 2	765	0.301	0.1164	0.2301	0.3525	
% 4	766	0.293	0.0411	0.1222	0.5436	
% 4	767	0.6412	0.0244	0.0516	0.2828	
% 4	768	0.5443	0.153	0.0757	0.2271	
% 2	769	0.3276	0.0602	0.4641	0.1482	
% 4	770	0.0681	0.0543	0.6351	0.2425	
% 3	771	0.2894	0.188	0.3154	0.2073	
% 2	772	0.2171	0.0849	0.3186	0.3794	
% 3	773	0.4202	0.2095	0.2089	0.1614	
% 3	774	0.2806	0.0668	0.5404	0.1122	
% 3	775	0.2704	0.0793	0.5129	0.1374	
% 3	776	0.1807	0.1279	0.5533	0.1381	
% 3	777	0.1695	0.0743	0.5932	0.1631	
% 4	778	0.2169	0.1403	0.0954	0.5474	
% 2	779	0.0547	0.0791	0.7466	0.1196	
% 4	780	0.1781	0.0794	0.2517	0.4907	
% 4	781	0.1128	0.0461	0.4846	0.3564	
% 4	782	0.2613	0.0623	0.4874	0.189	
% 4	783	0.1374	0.1619	0.5118	0.1889	
% 2	784	0.0893	0.6671	0.1645	0.0792	
% 4	785	0.1929	0.0743	0.2045	0.5284	
% 3	786	0.1303	0.2293	0.3801	0.2603	
% 3	787	0.0587	0.0309	0.8486	0.0618	
% 3	788	0.33	0.0494	0.2787	0.3419	
% 3	789	0.375	0.1823	0.188	0.2547	
% 3	790	0.3064	0.1944	0.2784	0.2207	
% 3	791	0.4859	0.0679	0.1254	0.3209	
% 4	792	0.1103	0.0376	0.6328	0.2194	
% 4	793	0.2527	0.086	0.3291	0.3321	
% 4	794	0.1765	0.0324	0.6043	0.1868	
% 4	795	0.3094	0.0711	0.499	0.1204	
% 4	796	0.3779	0.146	0.2762	0.1999	
% 2	797	0.2187	0.3194	0.2065	0.2554	
% 4	798	0.1543	0.1718	0.4898	0.1841	
% 3	799	0.3443	0.1511	0.1587	0.3459	
% 2	800	0.0684	0.1134	0.7137	0.1044	
% 3	801	0.1493	0.0457	0.5254	0.2796	
% 3	802	0.0761	0.2043	0.6346	0.085	
% 3	803	0.3633	0.0559	0.306	0.2748	
% 3	804	0.2512	0.0682	0.4869	0.1937	
% 4	805	0.3898	0.1592	0.1427	0.3083	
% 4	806	0.3917	0.0482	0.1478	0.4124	
% 4	807	0.4191	0.1374	0.1331	0.3103	
% 4	808	0.6575	0.0699	0.058	0.2146	
% 2	809	0.1603	0.2923	0.2809	0.2665	
% 4	810	0.1098	0.132	0.314	0.4442	
% 2	811	0.3869	0.1665	0.2037	0.2428	
% 3	812	0.2429	0.0609	0.239	0.4573	
% 3	813	0.6666	0.0239	0.0612	0.2484	
% 3	814	0.2821	0.1376	0.3527	0.2276	
% 3	815	0.1923	0.1299	0.4809	0.197	
% 3	816	0.1592	0.065	0.6121	0.1637	
% 4	817	0.359	0.1469	0.2626	0.2316	
% 2	818	0.0982	0.1706	0.5744	0.1569	
% 4	819	0.3277	0.0628	0.4184	0.1911	
% 4	820	0.4135	0.0583	0.3441	0.1841	
% 4	821	0.178	0.0561	0.1062	0.6597	
% 4	822	0.3319	0.112	0.3037	0.2524	
% 2	823	0.2796	0.0795	0.3656	0.2752	
% 4	824	0.2023	0.1213	0.2747	0.4017	
% 2	825	0.0561	0.8246	0.053	0.0663	
% 3	826	0.1011	0.0363	0.7383	0.1243	
% 2	827	0.0843	0.7293	0.0817	0.1047	
% 3	828	0.4101	0.0773	0.0761	0.4364	
% 3	829	0.2464	0.1357	0.1486	0.4694	
% 3	830	0.0864	0.1065	0.7266	0.0805	
% 3	831	0.0808	0.0409	0.8098	0.0686	
% 4	832	0.1841	0.2459	0.3176	0.2524	
% 2	833	0.0829	0.0612	0.6324	0.2236	
% 4	834	0.2205	0.0506	0.0983	0.6306	
% 4	835	0.0555	0.05	0.8264	0.0682	
% 4	836	0.3463	0.0569	0.1071	0.4897	
% 4	837	0.2908	0.1464	0.3241	0.2387	
% 2	838	0.2565	0.2492	0.074	0.4202	
% 2	839	0.2656	0.1016	0.4525	0.1803	
% 3	840	0.057	0.0571	0.8376	0.0483	
% 3	841	0.0824	0.0417	0.7783	0.0976	
% 3	842	0.5552	0.029	0.1829	0.233	
% 3	843	0.0689	0.039	0.8456	0.0466	
% 3	844	0.2953	0.0499	0.4467	0.2081	
% 2	845	0.0973	0.05	0.0836	0.7691	
% 4	846	0.5128	0.0476	0.1985	0.2412	
% 4	847	0.0937	0.0419	0.6429	0.2215	
% 4	848	0.2474	0.0855	0.3563	0.3108	
% 4	849	0.3703	0.1406	0.2916	0.1975	
% 3	850	0.2746	0.1553	0.203	0.3671	
% 3	851	0.2433	0.0766	0.5196	0.1605	
% 3	852	0.6331	0.0496	0.1741	0.1432	
% 3	853	0.1179	0.056	0.7257	0.1004	
% 3	854	0.5631	0.0434	0.1629	0.2306	
% 2	855	0.0843	0.3598	0.3668	0.1891	
% 4	856	0.5994	0.0454	0.0823	0.2728	
% 4	857	0.2304	0.0645	0.1166	0.5886	
% 4	858	0.4855	0.0944	0.116	0.3042	
% 2	859	0.0958	0.4341	0.3385	0.1315	
% 2	860	0.5443	0.1085	0.15	0.1972	
% 3	861	0.2848	0.1012	0.3155	0.2984	
% 3	862	0.0968	0.1344	0.6739	0.095	
% 3	863	0.7453	0.0246	0.108	0.1221	
% 3	864	0.3125	0.0609	0.1533	0.4733	
% 3	865	0.1808	0.0567	0.5135	0.249	
% 2	866	0.2255	0.5065	0.0964	0.1715	
% 2	867	0.1108	0.5828	0.1371	0.1692	
% 2	868	0.2176	0.1606	0.2601	0.3617	
% 2	869	0.0581	0.7983	0.0606	0.083	
% 2	870	0.462	0.0989	0.0807	0.3584	
% 2	871	0.1155	0.0637	0.6677	0.1531	
% 2	872	0.2517	0.0364	0.48	0.2319	
% 2	873	0.5648	0.1254	0.1086	0.2013	
% 2	874	0.0409	0.8684	0.0476	0.0432	
% 2	875	0.095	0.7018	0.1167	0.0866	
% 2	876	0.0484	0.808	0.0752	0.0684	
% 2	877	0.1753	0.0819	0.5764	0.1665	
% 2	878	0.1495	0.1113	0.5091	0.2301	
% 2	879	0.4953	0.0636	0.0972	0.3439	
% 2	880	0.4749	0.1939	0.0926	0.2386	
% 2	881	0.2042	0.4681	0.1745	0.1533	
% 2	882	0.1697	0.3789	0.105	0.3465	
% 2	883	0.5218	0.121	0.1015	0.2556	
% 2	884	0.0871	0.3984	0.3301	0.1844	
% 2	885	0.0643	0.022	0.8417	0.072	
% 2	886	0.0588	0.8406	0.0496	0.051	
% 2	887	0.1202	0.0882	0.4981	0.2935	
% 2	888	0.0827	0.0437	0.0679	0.8057	
% 2	889	0.0799	0.1014	0.7031	0.1156	
% 2	890	0.06	0.0677	0.8042	0.0681	
% 2	891	0.2277	0.1274	0.2533	0.3916	
% 2	892	0.0689	0.0991	0.7493	0.0827	
% 2	893	0.1001	0.1863	0.4951	0.2184	
% 2	894	0.3434	0.0339	0.4425	0.1803	
% 2	895	0.1878	0.0457	0.5126	0.2539	
% 2	896	0.1463	0.0707	0.6351	0.1479	
% 2	897	0.1021	0.7544	0.0698	0.0737	
% 2	898	0.7019	0.0664	0.0753	0.1564	
% 2	899	0.4085	0.0761	0.1801	0.3353	
% 2	900	0.0851	0.0437	0.7424	0.1288	
% 2	901	0.1497	0.1949	0.2022	0.4532	
% 2	902	0.075	0.2369	0.5564	0.1317	
% 2	903	0.1127	0.5651	0.1627	0.1594	
% 2	904	0.1365	0.0637	0.4038	0.396	
% 2	905	0.2436	0.1144	0.325	0.317	
% 2	906	0.2094	0.0524	0.2065	0.5317	
% 2	907	0.6369	0.0898	0.1297	0.1436	
% 2	908	0.1396	0.2427	0.354	0.2637	
% 2	909	0.0402	0.8932	0.0307	0.0359	
% 2	910	0.183	0.0503	0.1016	0.6652	
% 2	911	0.26	0.0826	0.5122	0.1452	
% 2	912	0.2921	0.2157	0.2551	0.2371	
% 2	913	0.0611	0.8276	0.0566	0.0547	
% 2	914	0.2199	0.2873	0.1547	0.3381	
% 2	915	0.6048	0.0973	0.1158	0.1821	
% 2	916	0.0663	0.0986	0.7268	0.1083	
% 2	917	0.2366	0.5659	0.0666	0.1309	
% 2	918	0.0667	0.173	0.6951	0.0652	
% 2	919	0.0676	0.798	0.057	0.0774	
% 2	920	0.1749	0.0617	0.5997	0.1636	
% 2	921	0.1186	0.0423	0.7355	0.1036	
% 2	922	0.2814	0.0469	0.4633	0.2084	
% 2	923	0.0805	0.1356	0.606	0.1779	
% 2	924	0.118	0.106	0.5015	0.2745	
% 2	925	0.0658	0.4901	0.1658	0.2783	
% 2	926	0.0814	0.7874	0.0541	0.077	
% 2	927	0.1491	0.462	0.0724	0.3165	
% 2	928	0.063	0.8072	0.0704	0.0593	
% 2	929	0.066	0.8127	0.0673	0.054	
% 2	930	0.1699	0.1036	0.4873	0.2393	
% 2	931	0.1054	0.7282	0.0853	0.081	
% 2	932	0.0596	0.8147	0.0732	0.0526	
% 2	933	0.4163	0.1194	0.1127	0.3517	
% 2	934	0.2539	0.3793	0.1921	0.1747	
% 2	935	0.2368	0.1935	0.0693	0.5005	
% 2	936	0.0781	0.7928	0.0694	0.0597	
% 2	937	0.1144	0.3666	0.3642	0.1547	
% 2	938	0.3227	0.2206	0.1149	0.3419	
% 2	939	0.1066	0.7778	0.0544	0.0612	
% 2	940	0.363	0.2612	0.1851	0.1907	
% 2	941	0.1826	0.4243	0.1376	0.2556	
% 2	942	0.1565	0.6145	0.0765	0.1524	
% 2	943	0.2184	0.0304	0.4981	0.2531	
% 2	944	0.0974	0.7236	0.0623	0.1168	
% 2	945	0.3153	0.1101	0.1983	0.3763	
% 2	946	0.5049	0.067	0.1365	0.2917	
% 2	947	0.1501	0.279	0.4663	0.1046	
% 2	948	0.126	0.0447	0.7078	0.1215	
% 2	949	0.0913	0.7665	0.0646	0.0776	
% 2	950	0.2041	0.0763	0.5179	0.2017	
% 2	951	0.4068	0.0637	0.3932	0.1363	
% 2	952	0.1805	0.1688	0.5109	0.1398	
% 2	953	0.1727	0.4723	0.1811	0.1739	
% 2	954	0.1242	0.56	0.07	0.2458	
% 2	955	0.1114	0.4784	0.2068	0.2034	
% 2	956	0.2948	0.153	0.2165	0.3357	
% 2	957	0.2691	0.0456	0.1841	0.5011	
% 2	958	0.3265	0.0793	0.1237	0.4705	
% 2	959	0.1304	0.4874	0.0808	0.3014	
% 2	960	0.0434	0.8701	0.0401	0.0463	
% 2	961	0.0393	0.8781	0.0446	0.038	
% 2	962	0.1233	0.3818	0.3258	0.1691	
% 2	963	0.3753	0.093	0.1003	0.4314	
% 2	964	0.3181	0.2081	0.1109	0.3629	
% 2	965	0.6432	0.0889	0.0532	0.2147	
% 2	966	0.0587	0.8291	0.0426	0.0696	
% 2	967	0.4171	0.0744	0.2655	0.2429	
% 2	968	0.0909	0.08	0.7054	0.1236	
% 2	969	0.1816	0.069	0.3943	0.3551	
% 2	970	0.3083	0.3941	0.1181	0.1794	
% 2	971	0.1199	0.4755	0.0672	0.3375	
% 2	972	0.2588	0.2321	0.2255	0.2835	
% 2	973	0.2497	0.1289	0.403	0.2184	
% 2	974	0.248	0.2926	0.1068	0.3527	
% 2	975	0.5164	0.045	0.2294	0.2093	
% 2	976	0.3856	0.0872	0.1717	0.3555	
% 2	977	0.0991	0.542	0.1526	0.2063	
% 2	978	0.0294	0.9203	0.0229	0.0274	
% 2	979	0.0501	0.8331	0.0597	0.057	
% 2	980	0.3463	0.2339	0.0644	0.3554	
% 2	981	0.0619	0.83	0.0506	0.0576	
% 2	982	0.0879	0.6262	0.0542	0.2318	
% 2	983	0.5191	0.1279	0.205	0.148	
% 2	984	0.1203	0.2583	0.0652	0.5562	
% 2	985	0.2082	0.078	0.206	0.5078	
% 2	986	0.3018	0.0794	0.3454	0.2734	
% 2	987	0.3869	0.0833	0.3569	0.173	
% 2	988	0.0484	0.8627	0.0397	0.0491	
% 2	989	0.1298	0.1389	0.5072	0.2241	
% 2	990	0.3373	0.0933	0.1421	0.4273	
% 2	991	0.0346	0.891	0.027	0.0474	
% 2	992	0.1857	0.0897	0.0918	0.6328	
% 2	993	0.4557	0.2847	0.1196	0.14	
% 2	994	0.3314	0.213	0.2931	0.1624	
% 2	995	0.1444	0.6133	0.0676	0.1747	
% 2	996	0.4532	0.2562	0.0847	0.2059	
% 2	997	0.038	0.8746	0.0494	0.038	
% 2	998	0.3654	0.2177	0.2297	0.1873	
% 2	999	0.0909	0.7497	0.0531	0.1063	
% 2	1000	0.2756	0.0652	0.3952	0.264	


% PARAMETERS
72 500 translate 
1 1 scale
0 rotate
/setrim {3 setlinewidth} def 
/setsep {0.3 setlinewidth} def 
/setind {0.3 setlinewidth} def 
/fh {6} def    	% Font height 
/da {5} def    	% Distance above box at which to print names 
/db {-7} def    	% Distance below box at which to print names 
/bh {50} def    	% Height of the box 
/wi {0.468} def    	% Width of an individual 
/aato {60} def  	% Angle at which to print text atop box 
/abel {60} def  	% Angle at which to print text below box 
/tot {1000} def   	% Total number of individuals 
/Helvetica-Bold findfont fh scalefont setfont 

% ABBREVIATED COMMANDS
/M {moveto} def
/R {rmoveto} def
/L {lineto} def
/V {rlineto} def
/Cfs {closepath fill stroke} def
/rotshow {
  dup dup stringwidth pop abel cos mul neg exch 
  stringwidth pop abel sin mul neg R
  gsave abel rotate show grestore
} def
/bhm {bh mul} def 	% Multiply by height of the box 
/nwi {wi neg} def   	% Negative width of an individual 
/wm {wi mul} def 	% Multiply by width of an individual 
/ru {bhm M wi 0 V 0} def   	% Right-upwards box motion 
/ld {bhm V nwi 0 V Cfs} def	% Left-downwards box closure motion
/bbm {-.3 add 2 div add wm fh 2 div add db M} def       	% Below-box motion
/abm {-.3 add 2 div add wm fh 2 div add bh da add M} def	% Above-box motion
/sc {setrgbcolor} def

% COLORS
/c0 {0.0 0.0 0.0 sc} def    % black 
/c1 {2.1 0.6 0.3 sc} def    % orange 
/c2 {0 0.6 0.9 sc} def      % blue   
/c3 {.9 2.1 0 sc} def       % yellow 
/c4 {1.5 0.6 0.9 sc} def    % pink   
/c5 {.2 .6 .2 sc} def       % green  
/c6 {.5 0 .5 sc} def        % purple 
/c7 {1.2 0.0 0.3 sc} def    % red     
/c8 {0 1 0 sc} def          % light_green 
/c9 {0 0 1 sc} def          % dark_blue 
/c10 {1.2 0 1.8 sc} def     % light_purple 
/c11 {1.5 0.9 0.6 sc} def   % light_yellow 
/c12 {0.7 0.3 0.0 sc} def   % brown 
/c13 {0 1.2 1.8 sc} def     % light_blue 
/c14 {0.5 0.5 0.0 sc} def   % olive_green 
/c15 {1.8 0.6 0.6 sc} def   % peach 
/c16 {0 0.5 0.5 sc} def     % sea_green 
/c17 {.6 .75 .15 sc} def    % yellow_green 
/c18 {0.45 .15 .9 sc} def   % blue_purple  
/c19 {0.15 0.75 0.6 sc} def % blue_green 
/c20 {0.5 setgray} def      % gray 
/c21 {0.05 0.4 0.05 sc} def % dark_green 
/c22 {0.75 setgray} def     % light_gray 
/c23 {1 0 0 sc} def         % red2 
/c24 {0.6 0.9 1.5 sc} def   % light_blue2 
/c25 {1 0.6 0.4 sc} def     % light_orange 
/c26 {0.25 setgray} def     % dark_gray 
/c27 {1.2 0.9 0.9 sc} def   % light_pink 
/c28 {.6 .2 .2 sc} def      % dark_brown 
/c29 {1.6 0.4 0 sc} def     % dark_orange 
/c30 {0.2 0 0.3 sc} def     % dark_purple 
/c31 {1 setgray} def        % white 
/c32 {2.7 .3 0 sc} def      % color32 
/c33 {2.4 .6 0 sc} def      % color33 
/c34 {2.1 .3 .6 sc} def     % color34 
/c35 {1.5 .6 .9 sc} def     % color35 
/c36 {1.2 1.2 .6 sc} def    % color36 
/c37 {1.2 1.2 .9 sc} def    % color37 
