

----------------------------------------------------
STRUCTURE by Pritchard, Stephens and Donnelly (2000)
     and Falush, Stephens and Pritchard (2003)
       Code by Pritchard, Falush and Hubisz
             Version 2.3.4 (Jul 2012)
----------------------------------------------------



Command line arguments:   bin/structure -m "/Users/ddayan/FRA/half_pounder_2023/structure/halfpounder_p3/10k_20k_adm_corr_3/mainparams" -e "/Users/ddayan/FRA/half_pounder_2023/structure/halfpounder_p3/10k_20k_adm_corr_3/extraparams" 
Input File:    /Users/ddayan/FRA/half_pounder_2023/structure/halfpounder_p3/project_data

Run parameters:
   1000 individuals
   233 loci
   4 populations assumed
   10000 Burn-in period
   20000 Reps


--------------------------------------------
Proportion of membership of each pre-defined
 population in each of the 4 clusters

Given    Inferred Clusters              Number of
 Pop       1      2      3      4      Individuals

  1:     0.272  0.215  0.252  0.261      275
  2:     0.247  0.260  0.236  0.256      643
  3:     0.280  0.423  0.093  0.204       42
  4:     0.295  0.312  0.092  0.301       40
--------------------------------------------

Allele-freq. divergence among pops (Net nucleotide distance),
computed using point estimates of P.

      1       2       3       4      
 1      -    0.0041  0.0104  0.0013  
 2   0.0041     -    0.0127  0.0035  
 3   0.0104  0.0127     -    0.0093  
 4   0.0013  0.0035  0.0093     -    

Average distances (expected heterozygosity) between individuals in same cluster:
cluster  1  : 0.3110 
cluster  2  : 0.3067 
cluster  3  : 0.2829 
cluster  4  : 0.3153 

--------------------------------------------
Estimated Ln Prob of Data   = -216312.3
Mean value of ln likelihood = -214971.1
Variance of ln likelihood   = 2682.3
Mean value of alpha         = 0.3627

Mean value of Fst_1         = 0.0169
Mean value of Fst_2         = 0.0269
Mean value of Fst_3         = 0.0745
Mean value of Fst_4         = 0.0086


Inferred ancestry of individuals:
        Label (%Miss) Pop:  Inferred clusters
  1 OmyAC19ROGR    (0)    1 :  0.285 0.208 0.055 0.452 
  2 OmyAC19ROGR    (0)    1 :  0.382 0.071 0.145 0.401 
  3 OmyAC19ROGR    (0)    1 :  0.246 0.319 0.099 0.335 
  4 OmyAC19ROGR    (0)    1 :  0.785 0.072 0.039 0.104 
  5 OmyAC19ROGR    (1)    1 :  0.032 0.034 0.880 0.054 
  6 OmyAC19ROGR    (0)    1 :  0.163 0.342 0.388 0.107 
  7 OmyAC19ROGR    (0)    1 :  0.125 0.345 0.336 0.194 
  8 OmyAC19ROGR    (0)    1 :  0.105 0.632 0.040 0.223 
  9 OmyAC19ROGR    (0)    1 :  0.166 0.185 0.479 0.170 
 10 OmyAC19ROGR    (0)    1 :  0.166 0.070 0.391 0.373 
 11 OmyAC19ROGR    (0)    1 :  0.189 0.612 0.091 0.109 
 12 OmyAC19ROGR    (0)    1 :  0.214 0.146 0.272 0.368 
 13 OmyAC19ROGR    (0)    1 :  0.148 0.493 0.048 0.310 
 14 OmyAC19ROGR    (0)    1 :  0.155 0.325 0.234 0.287 
 15 OmyAC19ROGR    (0)    1 :  0.137 0.132 0.486 0.245 
 16 OmyAC19ROGR    (0)    1 :  0.258 0.393 0.125 0.225 
 17 OmyAC19ROGR    (0)    1 :  0.417 0.051 0.172 0.359 
 18 OmyAC19ROGR    (3)    1 :  0.220 0.183 0.026 0.571 
 19 OmyAC19ROGR    (0)    1 :  0.079 0.721 0.077 0.123 
 20 OmyAC19ROGR    (0)    1 :  0.299 0.052 0.389 0.260 
 21 OmyAC19ROGR    (0)    1 :  0.285 0.091 0.379 0.245 
 22 OmyAC19ROGR    (0)    1 :  0.149 0.569 0.117 0.165 
 23 OmyAC19ROGR    (0)    1 :  0.118 0.245 0.400 0.237 
 24 OmyAC19ROGR    (1)    1 :  0.429 0.238 0.062 0.271 
 25 OmyAC19ROGR    (0)    1 :  0.091 0.248 0.495 0.166 
 26 OmyAC19ROGR    (0)    1 :  0.139 0.379 0.150 0.332 
 27 OmyAC19ROGR    (2)    1 :  0.118 0.357 0.086 0.439 
 28 OmyAC19ROGR    (0)    1 :  0.537 0.131 0.097 0.236 
 29 OmyAC19ROGR    (0)    1 :  0.337 0.109 0.118 0.436 
 30 OmyAC19ROGR    (0)    1 :  0.111 0.155 0.499 0.235 
 31 OmyAC19ROGR    (0)    1 :  0.348 0.366 0.101 0.185 
 32 OmyAC19ROGR    (0)    1 :  0.335 0.129 0.232 0.304 
 33 OmyAC19ROGR    (0)    1 :  0.569 0.144 0.126 0.161 
 34 OmyAC19ROGR    (0)    1 :  0.178 0.132 0.520 0.170 
 35 OmyAC19ROGR    (0)    1 :  0.551 0.123 0.113 0.214 
 36 OmyAC19ROGR    (0)    1 :  0.111 0.621 0.082 0.186 
 37 OmyAC19ROGR    (0)    1 :  0.098 0.558 0.250 0.094 
 38 OmyAC19ROGR    (0)    1 :  0.083 0.160 0.622 0.135 
 39 OmyAC19ROGR    (0)    1 :  0.216 0.070 0.113 0.600 
 40 OmyAC19ROGR    (0)    1 :  0.230 0.100 0.423 0.247 
 41 OmyAC19ROGR    (0)    1 :  0.362 0.147 0.083 0.408 
 42 OmyAC19ROGR    (0)    1 :  0.089 0.075 0.763 0.073 
 43 OmyAC19ROGR    (0)    1 :  0.225 0.087 0.073 0.615 
 44 OmyAC19ROGR    (8)    1 :  0.509 0.215 0.077 0.199 
 45 OmyAC19ROGR    (2)    1 :  0.198 0.222 0.457 0.124 
 46 OmyAC19ROGR    (0)    1 :  0.468 0.274 0.125 0.133 
 47 OmyAC19ROGR    (0)    1 :  0.158 0.647 0.060 0.135 
 48 OmyAC19ROGR    (0)    1 :  0.165 0.216 0.054 0.566 
 49 OmyAC19ROGR    (0)    1 :  0.324 0.303 0.064 0.308 
 50 OmyAC19ROGR    (0)    1 :  0.314 0.057 0.047 0.582 
 51 OmyAC19ROGR    (2)    1 :  0.087 0.087 0.743 0.084 
 52 OmyAC19ROGR    (0)    1 :  0.054 0.056 0.799 0.091 
 53 OmyAC19ROGR    (1)    1 :  0.215 0.476 0.056 0.253 
 54 OmyAC19ROGR    (0)    1 :  0.387 0.148 0.126 0.339 
 55 OmyAC19ROGR    (4)    1 :  0.158 0.391 0.099 0.353 
 56 OmyAC19ROGR    (0)    1 :  0.215 0.388 0.261 0.136 
 57 OmyAC19ROGR    (0)    1 :  0.065 0.837 0.046 0.052 
 58 OmyAC19ROGR    (0)    1 :  0.055 0.278 0.583 0.084 
 59 OmyAC19ROGR    (0)    1 :  0.152 0.541 0.064 0.243 
 60 OmyAC19ROGR    (0)    1 :  0.105 0.613 0.158 0.124 
 61 OmyAC19ROGR    (0)    1 :  0.182 0.120 0.120 0.578 
 62 OmyAC19ROGR    (0)    1 :  0.133 0.366 0.110 0.390 
 63 OmyAC19ROGR    (0)    1 :  0.340 0.232 0.245 0.184 
 64 OmyAC19ROGR    (2)    1 :  0.605 0.094 0.109 0.191 
 65 OmyAC19ROGR    (0)    1 :  0.247 0.306 0.076 0.371 
 66 OmyAC19ROGR    (5)    1 :  0.145 0.271 0.324 0.261 
 67 OmyAC19ROGR    (0)    1 :  0.197 0.646 0.063 0.095 
 68 OmyAC19ROGR    (1)    1 :  0.184 0.196 0.229 0.392 
 69 OmyAC19ROGR    (3)    1 :  0.186 0.372 0.213 0.229 
 70 OmyAC19ROGR    (0)    1 :  0.373 0.101 0.058 0.469 
 71 OmyAC19ROGR    (0)    1 :  0.255 0.404 0.104 0.236 
 72 OmyAC19ROGR    (5)    1 :  0.274 0.282 0.074 0.370 
 73 OmyAC19ROGR    (0)    1 :  0.192 0.126 0.221 0.461 
 74 OmyAC19ROGR    (0)    1 :  0.416 0.102 0.116 0.366 
 75 OmyAC19ROGR    (0)    1 :  0.519 0.121 0.176 0.184 
 76 OmyAC19ROGR    (0)    1 :  0.399 0.185 0.092 0.324 
 77 OmyAC19ROGR    (1)    1 :  0.033 0.026 0.907 0.035 
 78 OmyAC19ROGR    (0)    1 :  0.273 0.059 0.054 0.613 
 79 OmyAC19ROGR    (3)    1 :  0.320 0.142 0.124 0.415 
 80 OmyAC19ROGR    (0)    1 :  0.065 0.079 0.782 0.074 
 81 OmyAC19ROGR    (3)    1 :  0.212 0.177 0.353 0.258 
 82 OmyAC19ROGR    (1)    1 :  0.106 0.762 0.031 0.101 
 83 OmyAC19ROGR    (0)    1 :  0.517 0.174 0.069 0.239 
 84 OmyAC19ROGR    (0)    1 :  0.244 0.424 0.123 0.208 
 85 OmyAC19ROGR    (7)    1 :  0.356 0.180 0.086 0.378 
 86 OmyAC19ROGR    (0)    1 :  0.351 0.141 0.132 0.375 
 87 OmyAC19ROGR    (0)    1 :  0.665 0.155 0.057 0.122 
 88 OmyJC19ROGR    (0)    2 :  0.044 0.040 0.810 0.106 
 89 OmyJC19ROGR    (0)    2 :  0.136 0.354 0.101 0.409 
 90 OmyJC19ROGR    (0)    2 :  0.062 0.031 0.870 0.037 
 91 OmyJC19ROGR    (0)    2 :  0.233 0.501 0.027 0.239 
 92 OmyJC19ROGR    (0)    2 :  0.440 0.118 0.095 0.347 
 93 OmyJC19ROGR    (0)    2 :  0.519 0.184 0.080 0.218 
 94 OmyJC19ROGR    (0)    2 :  0.380 0.081 0.155 0.384 
 95 OmyJC19ROGR    (0)    2 :  0.374 0.153 0.215 0.258 
 96 OmyJC19ROGR    (0)    2 :  0.253 0.187 0.266 0.293 
 97 OmyJC19ROGR    (0)    2 :  0.214 0.157 0.353 0.276 
 98 OmyJC19ROGR    (0)    2 :  0.382 0.350 0.077 0.191 
 99 OmyJC19ROGR    (0)    2 :  0.432 0.301 0.089 0.177 
100 OmyJC19ROGR    (0)    2 :  0.139 0.377 0.062 0.423 
101 OmyJC19ROGR    (1)    2 :  0.118 0.167 0.549 0.166 
102 OmyJC19ROGR    (0)    2 :  0.302 0.340 0.139 0.219 
103 OmyJC19ROGR    (0)    2 :  0.232 0.167 0.366 0.235 
104 OmyJC19ROGR    (0)    2 :  0.139 0.451 0.046 0.365 
105 OmyJC19ROGR    (0)    2 :  0.400 0.199 0.288 0.114 
106 OmyJC19ROGR    (0)    2 :  0.055 0.043 0.853 0.050 
107 OmyJC19ROGR    (0)    2 :  0.143 0.534 0.251 0.072 
108 OmyJC19ROGR    (0)    2 :  0.586 0.109 0.116 0.188 
109 OmyJC19ROGR    (0)    2 :  0.167 0.307 0.199 0.326 
110 OmyJC19ROGR    (0)    2 :  0.177 0.140 0.561 0.121 
111 OmyJC19ROGR    (0)    2 :  0.143 0.657 0.081 0.119 
112 OmyJC19ROGR    (2)    2 :  0.115 0.290 0.230 0.366 
113 OmyJC19ROGR    (0)    2 :  0.101 0.105 0.542 0.253 
114 OmyJC19ROGR    (5)    2 :  0.222 0.123 0.067 0.588 
115 OmyJC19ROGR    (0)    2 :  0.674 0.076 0.055 0.195 
116 OmyJC19ROGR    (0)    2 :  0.289 0.110 0.139 0.462 
117 OmyJC19ROGR    (0)    2 :  0.338 0.235 0.168 0.259 
118 OmyJC19ROGR    (0)    2 :  0.528 0.190 0.044 0.238 
119 OmyJC19ROGR    (2)    2 :  0.488 0.146 0.056 0.310 
120 OmyJC19ROGR    (0)    2 :  0.108 0.584 0.045 0.263 
121 OmyJC19ROGR    (0)    2 :  0.204 0.598 0.045 0.153 
122 OmyJC19ROGR    (0)    2 :  0.359 0.251 0.111 0.279 
123 OmyJC19ROGR    (1)    2 :  0.540 0.179 0.030 0.251 
124 OmyJC19ROGR    (0)    2 :  0.349 0.099 0.259 0.292 
125 OmyJC19ROGR    (0)    2 :  0.184 0.147 0.136 0.534 
126 OmyJC19ROGR    (0)    2 :  0.091 0.045 0.775 0.089 
127 OmyJC19ROGR    (0)    2 :  0.200 0.485 0.057 0.258 
128 OmyJC19ROGR    (1)    2 :  0.317 0.228 0.059 0.396 
129 OmyJC19ROGR    (0)    2 :  0.177 0.084 0.306 0.433 
130 OmyJC19ROGR    (2)    2 :  0.183 0.078 0.171 0.568 
131 OmyJC19ROGR    (0)    2 :  0.162 0.555 0.092 0.191 
132 OmyJC19ROGR    (0)    2 :  0.627 0.167 0.089 0.117 
133 OmyJC19ROGR    (0)    2 :  0.701 0.125 0.039 0.135 
134 OmyJC19ROGR    (0)    2 :  0.362 0.263 0.072 0.303 
135 OmyJC19ROGR    (0)    2 :  0.115 0.682 0.091 0.112 
136 OmyJC19ROGR    (4)    2 :  0.499 0.160 0.132 0.209 
137 OmyJC19ROGR    (0)    2 :  0.155 0.283 0.219 0.343 
138 OmyJC19ROGR    (0)    2 :  0.076 0.162 0.688 0.074 
139 OmyJC19ROGR    (3)    2 :  0.128 0.337 0.044 0.492 
140 OmyJC19ROGR    (1)    2 :  0.136 0.129 0.145 0.590 
141 OmyJC19ROGR    (0)    2 :  0.208 0.136 0.189 0.467 
142 OmyJC19ROGR    (0)    2 :  0.148 0.191 0.505 0.156 
143 OmyJC19ROGR    (0)    2 :  0.508 0.133 0.189 0.170 
144 OmyJC19ROGR    (0)    2 :  0.136 0.532 0.038 0.294 
145 OmyJC19ROGR    (0)    2 :  0.201 0.259 0.052 0.487 
146 OmyJC19ROGR    (1)    2 :  0.193 0.352 0.141 0.314 
147 OmyJC19ROGR    (0)    2 :  0.153 0.494 0.250 0.102 
148 OmyJC19ROGR    (0)    2 :  0.158 0.671 0.082 0.090 
149 OmyJC19ROGR    (0)    2 :  0.410 0.333 0.068 0.189 
150 OmyJC19ROGR    (1)    2 :  0.515 0.112 0.113 0.260 
151 OmyJC19ROGR    (0)    2 :  0.202 0.088 0.159 0.552 
152 OmyJC19ROGR    (0)    2 :  0.437 0.427 0.053 0.083 
153 OmyJC19ROGR    (0)    2 :  0.242 0.542 0.111 0.105 
154 OmyJC19ROGR    (0)    2 :  0.177 0.452 0.131 0.239 
155 OmyJC19ROGR    (0)    2 :  0.273 0.110 0.075 0.542 
156 OmyJC19ROGR    (0)    2 :  0.408 0.288 0.128 0.175 
157 OmyJC19ROGR    (0)    2 :  0.268 0.155 0.301 0.275 
158 OmyJC19ROGR    (0)    2 :  0.579 0.287 0.030 0.103 
159 OmyJC19ROGR    (0)    2 :  0.589 0.166 0.060 0.185 
160 OmyJC19ROGR    (0)    2 :  0.205 0.225 0.150 0.419 
161 OmyJC19ROGR    (1)    2 :  0.110 0.699 0.048 0.142 
162 OmyJC19ROGR    (0)    2 :  0.326 0.273 0.292 0.109 
163 OmyJC19ROGR    (0)    2 :  0.172 0.527 0.125 0.176 
164 OmyJC19ROGR    (0)    2 :  0.195 0.416 0.036 0.354 
165 OmyJC19ROGR    (0)    2 :  0.513 0.288 0.048 0.152 
166 OmyJC19ROGR    (0)    2 :  0.474 0.118 0.104 0.304 
167 OmyJC19ROGR    (0)    2 :  0.255 0.350 0.182 0.212 
168 OmyJC19ROGR    (0)    2 :  0.229 0.191 0.133 0.447 
169 OmyJC19ROGR    (0)    2 :  0.042 0.029 0.882 0.046 
170 OmyJC19ROGR    (0)    2 :  0.434 0.178 0.123 0.264 
171 OmyJC19ROGR    (0)    2 :  0.456 0.231 0.068 0.245 
172 OmyJC19ROGR    (0)    2 :  0.155 0.382 0.322 0.141 
173 OmyJC19ROGR    (0)    2 :  0.060 0.055 0.829 0.056 
174 OmyJC19ROGR    (0)    2 :  0.269 0.135 0.050 0.546 
175 OmyJC19ROGR    (0)    2 :  0.532 0.113 0.061 0.293 
176 OmyJC19ROGR    (0)    2 :  0.120 0.351 0.286 0.243 
177 OmyJC19ROGR    (0)    2 :  0.136 0.762 0.032 0.070 
178 OmyJC19ROGR    (0)    2 :  0.204 0.228 0.083 0.485 
179 OmyJC19ROGR    (0)    2 :  0.351 0.150 0.074 0.425 
180 OmyJC19ROGR    (0)    2 :  0.061 0.056 0.828 0.055 
181 OmyJC19ROGR    (0)    2 :  0.356 0.112 0.114 0.418 
182 OmyJC19ROGR    (0)    2 :  0.122 0.475 0.119 0.284 
183 OmyJC19ROGR    (0)    2 :  0.333 0.382 0.075 0.210 
184 OmyJC19ROGR    (0)    2 :  0.102 0.096 0.732 0.071 
185 OmyJC19ROGR    (0)    2 :  0.105 0.099 0.031 0.766 
186 OmyJC19ROGR    (0)    2 :  0.186 0.217 0.368 0.228 
187 OmyJC19ROGR    (0)    2 :  0.691 0.072 0.066 0.171 
188 OmyJC19ROGR    (0)    2 :  0.399 0.211 0.075 0.316 
189 OmyJC19ROGR    (0)    2 :  0.315 0.173 0.343 0.169 
190 OmyJC19ROGR    (0)    2 :  0.235 0.479 0.124 0.162 
191 OmyJC19ROGR    (0)    2 :  0.596 0.154 0.093 0.157 
192 OmyJC19ROGR    (0)    2 :  0.443 0.176 0.050 0.331 
193 OmyJC19ROGR    (0)    2 :  0.128 0.470 0.279 0.123 
194 OmyJC19ROGR    (0)    2 :  0.180 0.618 0.036 0.166 
195 OmyJC19ROGR    (0)    2 :  0.105 0.044 0.754 0.098 
196 OmyJC19ROGR    (0)    2 :  0.455 0.056 0.060 0.430 
197 OmyJC19ROGR    (0)    2 :  0.290 0.248 0.074 0.387 
198 OmyJC19ROGR    (0)    2 :  0.066 0.070 0.809 0.055 
199 OmyJC19ROGR    (0)    2 :  0.189 0.333 0.043 0.435 
200 OmyJC19ROGR    (0)    2 :  0.306 0.225 0.259 0.209 
201 OmyJC19ROGR    (0)    2 :  0.250 0.409 0.038 0.303 
202 OmyJC19ROGR    (0)    2 :  0.378 0.418 0.043 0.161 
203 OmyJC19ROGR    (0)    2 :  0.708 0.109 0.055 0.129 
204 OmyJC19ROGR    (0)    2 :  0.368 0.225 0.151 0.257 
205 OmyJC19ROGR    (0)    2 :  0.234 0.319 0.192 0.255 
206 OmyJC19ROGR    (0)    2 :  0.026 0.036 0.891 0.047 
207 OmyJC19ROGR    (0)    2 :  0.108 0.300 0.450 0.143 
208 OmyJC19ROGR    (0)    2 :  0.203 0.335 0.073 0.389 
209 OmyJC19ROGR    (0)    2 :  0.145 0.215 0.395 0.245 
210 OmyJC19ROGR    (0)    2 :  0.070 0.026 0.862 0.041 
211 OmyJC19ROGR    (0)    2 :  0.162 0.432 0.168 0.238 
212 OmyJC19ROGR    (1)    2 :  0.104 0.572 0.268 0.057 
213 OmyJC19ROGR    (1)    2 :  0.250 0.085 0.131 0.533 
214 OmyJC19ROGR    (0)    2 :  0.191 0.491 0.185 0.133 
215 OmyJC19ROGR    (0)    2 :  0.517 0.127 0.042 0.315 
216 OmyJC19ROGR    (0)    2 :  0.086 0.237 0.529 0.148 
217 OmyJC19ROGR    (0)    2 :  0.131 0.109 0.604 0.156 
218 OmyJC19ROGR    (0)    2 :  0.689 0.108 0.081 0.122 
219 OmyJC19ROGR    (0)    2 :  0.125 0.333 0.294 0.248 
220 OmyJC19ROGR    (0)    2 :  0.193 0.614 0.026 0.167 
221 OmyJC19ROGR    (0)    2 :  0.159 0.509 0.214 0.118 
222 OmyJC19ROGR    (0)    2 :  0.206 0.240 0.056 0.498 
223 OmyJC19ROGR    (0)    2 :  0.220 0.413 0.161 0.205 
224 OmyJC19ROGR    (1)    2 :  0.248 0.168 0.120 0.464 
225 OmyJC19ROGR    (0)    2 :  0.037 0.139 0.777 0.047 
226 OmyJC19ROGR    (0)    2 :  0.227 0.049 0.427 0.297 
227 OmyJC19ROGR    (0)    2 :  0.060 0.044 0.854 0.042 
228 OmyJC19ROGR    (0)    2 :  0.230 0.319 0.066 0.385 
229 OmyJC19ROGR    (0)    2 :  0.606 0.205 0.052 0.137 
230 OmyJC19ROGR    (0)    2 :  0.260 0.269 0.264 0.207 
231 OmyJC19ROGR    (0)    2 :  0.210 0.422 0.183 0.185 
232 OmyJC19ROGR    (2)    2 :  0.223 0.395 0.165 0.217 
233 OmyJC19ROGR    (0)    2 :  0.223 0.334 0.258 0.184 
234 OmyJC19ROGR    (0)    2 :  0.041 0.034 0.883 0.042 
235 OmyJC19ROGR    (0)    2 :  0.075 0.094 0.727 0.105 
236 OmyJC19ROGR    (0)    2 :  0.076 0.769 0.052 0.103 
237 OmyJC19ROGR    (0)    2 :  0.093 0.553 0.137 0.217 
238 OmyJC19ROGR    (0)    2 :  0.084 0.735 0.097 0.084 
239 OmyJC19ROGR    (0)    2 :  0.143 0.352 0.079 0.425 
240 OmyJC19ROGR    (0)    2 :  0.362 0.205 0.123 0.309 
241 OmyJC19ROGR    (0)    2 :  0.240 0.109 0.282 0.369 
242 OmyJC19ROGR    (0)    2 :  0.135 0.618 0.036 0.211 
243 OmyJC19ROGR    (0)    2 :  0.470 0.192 0.074 0.264 
244 OmyJC19ROGR    (0)    2 :  0.596 0.152 0.074 0.178 
245 OmyJC19ROGR    (0)    2 :  0.053 0.037 0.859 0.051 
246 OmyJC19ROGR    (0)    2 :  0.341 0.276 0.205 0.178 
247 OmyJC19ROGR    (0)    2 :  0.175 0.070 0.679 0.076 
248 OmyJC19ROGR    (0)    2 :  0.217 0.063 0.411 0.309 
249 OmyJC19ROGR    (0)    2 :  0.597 0.085 0.121 0.197 
250 OmyJC19ROGR    (0)    2 :  0.478 0.114 0.159 0.249 
251 OmyJC19ROGR    (0)    2 :  0.489 0.081 0.093 0.337 
252 OmyJC19ROGR    (0)    2 :  0.151 0.422 0.121 0.306 
253 OmyJC19ROGR    (0)    2 :  0.278 0.078 0.159 0.485 
254 OmyJC19ROGR    (0)    2 :  0.439 0.128 0.178 0.254 
255 OmyJC19ROGR    (0)    2 :  0.382 0.301 0.095 0.221 
256 OmyJC19ROGR    (0)    2 :  0.356 0.216 0.208 0.219 
257 OmyJC19ROGR    (0)    2 :  0.667 0.069 0.110 0.154 
258 OmyAC19ROGR    (0)    1 :  0.138 0.208 0.141 0.513 
259 OmyAC19ROGR    (0)    1 :  0.115 0.188 0.435 0.261 
260 OmyAC19ROGR    (0)    1 :  0.205 0.077 0.102 0.617 
261 OmyAC19ROGR    (0)    1 :  0.393 0.082 0.151 0.374 
262 OmyAC19ROGR    (0)    1 :  0.133 0.082 0.161 0.624 
263 OmyAC19ROGR    (0)    1 :  0.435 0.308 0.115 0.142 
264 OmyAC19ROGR    (0)    1 :  0.500 0.113 0.100 0.286 
265 OmyAC19ROGR    (0)    1 :  0.752 0.073 0.071 0.104 
266 OmyAC19ROGR    (0)    1 :  0.471 0.126 0.053 0.350 
267 OmyAC19ROGR    (0)    1 :  0.398 0.064 0.350 0.188 
268 OmyAC19ROGR    (0)    1 :  0.282 0.323 0.192 0.203 
269 OmyAC19ROGR    (1)    1 :  0.330 0.097 0.250 0.323 
270 OmyAC19ROGR    (0)    1 :  0.617 0.082 0.084 0.217 
271 OmyAC19ROGR    (0)    1 :  0.304 0.109 0.444 0.144 
272 OmyAC19ROGR    (0)    1 :  0.211 0.238 0.238 0.313 
273 OmyAC19ROGR    (0)    1 :  0.271 0.209 0.051 0.469 
274 OmyAC19ROGR    (0)    1 :  0.124 0.076 0.654 0.146 
275 OmyAC19ROGR    (0)    1 :  0.073 0.646 0.120 0.161 
276 OmyAC19ROGR    (0)    1 :  0.376 0.227 0.124 0.273 
277 OmyAC19ROGR    (0)    1 :  0.174 0.160 0.221 0.445 
278 OmyAC19ROGR    (0)    1 :  0.202 0.374 0.321 0.104 
279 OmyAC19ROGR    (0)    1 :  0.068 0.368 0.230 0.335 
280 OmyAC19ROGR    (0)    1 :  0.272 0.142 0.250 0.335 
281 OmyAC19ROGR    (0)    1 :  0.518 0.136 0.104 0.243 
282 OmyAC19ROGR    (0)    1 :  0.174 0.164 0.255 0.407 
283 OmyAC19ROGR    (0)    1 :  0.426 0.224 0.161 0.189 
284 OmyAC19ROGR    (0)    1 :  0.680 0.128 0.060 0.132 
285 OmyAC19ROGR    (0)    1 :  0.480 0.194 0.082 0.244 
286 OmyAC19ROGR    (0)    1 :  0.481 0.142 0.060 0.317 
287 OmyAC19ROGR    (0)    1 :  0.029 0.020 0.913 0.039 
288 OmyAC19ROGR    (0)    1 :  0.048 0.315 0.596 0.041 
289 OmyAC19ROGR    (0)    1 :  0.452 0.159 0.172 0.217 
290 OmyAC19ROGR    (1)    1 :  0.036 0.039 0.892 0.032 
291 OmyAC19ROGR    (0)    1 :  0.271 0.115 0.446 0.169 
292 OmyAC19ROGR    (0)    1 :  0.247 0.136 0.189 0.427 
293 OmyAC19ROGR    (0)    1 :  0.224 0.501 0.090 0.185 
294 OmyAC19ROGR    (0)    1 :  0.442 0.068 0.333 0.157 
295 OmyAC19ROGR    (0)    1 :  0.232 0.049 0.056 0.664 
296 OmyAC19ROGR    (0)    1 :  0.081 0.590 0.075 0.253 
297 OmyAC19ROGR    (0)    1 :  0.220 0.051 0.597 0.132 
298 OmyAC19ROGR    (0)    1 :  0.384 0.258 0.080 0.278 
299 OmyAC19ROGR    (0)    1 :  0.379 0.187 0.238 0.195 
300 OmyAC19ROGR    (0)    1 :  0.577 0.161 0.106 0.156 
301 OmyAC19ROGR    (0)    1 :  0.069 0.045 0.835 0.051 
302 OmyAC19ROGR    (0)    1 :  0.151 0.143 0.603 0.103 
303 OmyAC19ROGR    (0)    1 :  0.322 0.127 0.153 0.398 
304 OmyAC19ROGR    (0)    1 :  0.102 0.420 0.363 0.114 
305 OmyAC19ROGR    (0)    1 :  0.638 0.156 0.069 0.138 
306 OmyAC19ROGR    (0)    1 :  0.179 0.066 0.563 0.191 
307 OmyAC19ROGR    (1)    1 :  0.423 0.302 0.068 0.207 
308 OmyAC19ROGR    (0)    1 :  0.280 0.160 0.200 0.360 
309 OmyAC19ROGR    (0)    1 :  0.094 0.042 0.760 0.104 
310 OmyAC19ROGR    (0)    1 :  0.267 0.101 0.344 0.289 
311 OmyAC19ROGR    (0)    1 :  0.063 0.081 0.593 0.263 
312 OmyAC19ROGR    (0)    1 :  0.541 0.156 0.096 0.208 
313 OmyAC19ROGR    (0)    1 :  0.367 0.271 0.105 0.258 
314 OmyAC19ROGR    (0)    1 :  0.265 0.319 0.206 0.211 
315 OmyAC19ROGR    (0)    1 :  0.353 0.085 0.204 0.358 
316 OmyAC19ROGR    (0)    1 :  0.660 0.056 0.061 0.223 
317 OmyAC19ROGR    (0)    1 :  0.109 0.666 0.060 0.164 
318 OmyAC19ROGR    (0)    1 :  0.249 0.364 0.043 0.343 
319 OmyAC19ROGR    (0)    1 :  0.436 0.216 0.043 0.305 
320 OmyAC19ROGR    (0)    1 :  0.546 0.286 0.031 0.137 
321 OmyAC19ROGR    (0)    1 :  0.357 0.177 0.060 0.406 
322 OmyAC19ROGR    (0)    1 :  0.083 0.073 0.333 0.511 
323 OmyAC19ROGR    (0)    1 :  0.165 0.167 0.101 0.567 
324 OmyAC19ROGR    (0)    1 :  0.565 0.086 0.046 0.304 
325 OmyAC19ROGR    (0)    1 :  0.311 0.103 0.300 0.285 
326 OmyAC19ROGR    (0)    1 :  0.653 0.099 0.077 0.170 
327 OmyAC19ROGR    (0)    1 :  0.633 0.083 0.062 0.222 
328 OmyAC20ROGR    (0)    1 :  0.340 0.374 0.079 0.206 
329 OmyAC20ROGR    (0)    1 :  0.341 0.280 0.194 0.185 
330 OmyAC20ROGR    (0)    1 :  0.211 0.309 0.217 0.262 
331 OmyAC20ROGR    (0)    1 :  0.201 0.109 0.607 0.083 
332 OmyAC20ROGR    (0)    1 :  0.358 0.138 0.272 0.232 
333 OmyAC20ROGR    (0)    1 :  0.530 0.065 0.292 0.114 
334 OmyAC20ROGR    (0)    1 :  0.567 0.094 0.117 0.222 
335 OmyAC20ROGR    (0)    1 :  0.336 0.127 0.062 0.475 
336 OmyAC20ROGR    (0)    1 :  0.330 0.195 0.230 0.244 
337 OmyAC20ROGR    (0)    1 :  0.133 0.165 0.531 0.172 
338 OmyAC20ROGR    (0)    1 :  0.419 0.075 0.148 0.358 
339 OmyAC20ROGR    (0)    1 :  0.277 0.260 0.139 0.324 
340 OmyAC20ROGR    (0)    1 :  0.458 0.177 0.109 0.255 
341 OmyAC20ROGR    (0)    1 :  0.139 0.552 0.087 0.222 
342 OmyAC20ROGR    (0)    1 :  0.318 0.235 0.234 0.214 
343 OmyAC20ROGR    (0)    1 :  0.181 0.627 0.075 0.117 
344 OmyAC20ROGR    (0)    1 :  0.247 0.195 0.362 0.195 
345 OmyAC20ROGR    (1)    1 :  0.313 0.051 0.192 0.443 
346 OmyAC20ROGR    (0)    1 :  0.484 0.072 0.295 0.149 
347 OmyAC20ROGR    (0)    1 :  0.160 0.257 0.341 0.242 
348 OmyAC20ROGR    (0)    1 :  0.249 0.407 0.198 0.146 
349 OmyAC20ROGR    (0)    1 :  0.337 0.397 0.061 0.204 
350 OmyAC20ROGR    (0)    1 :  0.112 0.675 0.115 0.098 
351 OmyAC20ROGR    (0)    1 :  0.430 0.117 0.111 0.343 
352 OmyAC20ROGR    (0)    1 :  0.290 0.182 0.083 0.446 
353 OmyAC20ROGR    (0)    1 :  0.467 0.121 0.150 0.262 
354 OmyAC20ROGR    (0)    1 :  0.115 0.299 0.408 0.178 
355 OmyAC20ROGR    (0)    1 :  0.112 0.645 0.172 0.071 
356 OmyAC20ROGR    (0)    1 :  0.338 0.116 0.312 0.234 
357 OmyAC20ROGR    (0)    1 :  0.345 0.250 0.099 0.306 
358 OmyAC20ROGR    (0)    1 :  0.295 0.226 0.082 0.398 
359 OmyAC20ROGR    (0)    1 :  0.085 0.242 0.447 0.225 
360 OmyAC20ROGR    (0)    1 :  0.257 0.142 0.235 0.366 
361 OmyAC20ROGR    (0)    1 :  0.180 0.558 0.062 0.200 
362 OmyAC20ROGR    (0)    1 :  0.310 0.156 0.170 0.364 
363 OmyAC20ROGR    (0)    1 :  0.131 0.348 0.429 0.091 
364 OmyAC20ROGR    (1)    1 :  0.357 0.260 0.109 0.275 
365 OmyAC20ROGR    (0)    1 :  0.437 0.155 0.059 0.349 
366 OmyAC20ROGR    (0)    1 :  0.562 0.077 0.043 0.318 
367 OmyAC20ROGR    (0)    1 :  0.162 0.075 0.100 0.663 
368 OmyAC20ROGR    (0)    1 :  0.163 0.241 0.079 0.516 
369 OmyAC20ROGR    (0)    1 :  0.124 0.344 0.346 0.186 
370 OmyAC20ROGR    (0)    1 :  0.073 0.059 0.670 0.197 
371 OmyAC20ROGR    (0)    1 :  0.096 0.063 0.777 0.063 
372 OmyAC20ROGR    (2)    1 :  0.062 0.042 0.837 0.060 
373 OmyAC20ROGR    (0)    1 :  0.086 0.152 0.676 0.085 
374 OmyAC20ROGR    (0)    1 :  0.250 0.200 0.041 0.508 
375 OmyAC20ROGR    (0)    1 :  0.449 0.173 0.173 0.205 
376 OmyAC20ROGR    (0)    1 :  0.188 0.257 0.272 0.283 
377 OmyAC20ROGR    (0)    1 :  0.517 0.167 0.060 0.256 
378 OmyAC20ROGR    (0)    1 :  0.350 0.288 0.048 0.314 
379 OmyAC20ROGR    (0)    1 :  0.172 0.138 0.505 0.185 
380 OmyAC20ROGR    (0)    1 :  0.618 0.063 0.057 0.263 
381 OmyAC20ROGR    (0)    1 :  0.280 0.171 0.194 0.355 
382 OmyAC20ROGR    (0)    1 :  0.069 0.059 0.817 0.055 
383 OmyAC20ROGR    (0)    1 :  0.538 0.053 0.167 0.241 
384 OmyAC20ROGR    (0)    1 :  0.212 0.127 0.468 0.193 
385 OmyAC20ROGR    (0)    1 :  0.166 0.227 0.290 0.317 
386 OmyAC20ROGR    (0)    1 :  0.264 0.108 0.335 0.293 
387 OmyAC20ROGR    (0)    1 :  0.226 0.069 0.510 0.195 
388 OmyAC20ROGR    (0)    1 :  0.197 0.147 0.505 0.152 
389 OmyAC20ROGR    (0)    1 :  0.698 0.079 0.090 0.134 
390 OmyAC20ROGR    (0)    1 :  0.079 0.769 0.030 0.122 
391 OmyAC20ROGR    (0)    1 :  0.088 0.240 0.584 0.088 
392 OmyAC20ROGR    (0)    1 :  0.159 0.178 0.482 0.180 
393 OmyAC20ROGR    (0)    1 :  0.269 0.372 0.153 0.206 
394 OmyAC20ROGR    (0)    1 :  0.119 0.210 0.206 0.464 
395 OmyAC20ROGR    (0)    1 :  0.188 0.333 0.133 0.346 
396 OmyAC20ROGR    (0)    1 :  0.268 0.277 0.132 0.323 
397 OmyAC20ROGR    (0)    1 :  0.283 0.062 0.250 0.406 
398 OmyAC20ROGR    (0)    1 :  0.162 0.065 0.634 0.139 
399 OmyAC20ROGR    (0)    1 :  0.140 0.060 0.204 0.596 
400 OmyAC20ROGR    (0)    1 :  0.444 0.072 0.165 0.319 
401 OmyAC20ROGR    (0)    1 :  0.059 0.128 0.714 0.099 
402 OmyAC20ROGR    (0)    1 :  0.279 0.507 0.031 0.183 
403 OmyAC20ROGR    (0)    1 :  0.164 0.287 0.198 0.351 
404 OmyAC20ROGR    (0)    1 :  0.673 0.141 0.038 0.148 
405 OmyAC20ROGR    (0)    1 :  0.087 0.255 0.468 0.189 
406 OmyAC20ROGR    (0)    1 :  0.200 0.341 0.089 0.370 
407 OmyAC20ROGR    (0)    1 :  0.255 0.060 0.078 0.608 
408 OmyAC20ROGR    (0)    1 :  0.088 0.660 0.168 0.085 
409 OmyAC20ROGR    (0)    1 :  0.649 0.105 0.071 0.175 
410 OmyAC20ROGR    (0)    1 :  0.085 0.029 0.825 0.060 
411 OmyAC20ROGR    (0)    1 :  0.124 0.099 0.671 0.106 
412 OmyAC20ROGR    (0)    1 :  0.398 0.148 0.314 0.139 
413 OmyAC20ROGR    (0)    1 :  0.464 0.086 0.167 0.283 
414 OmyAC20ROGR    (0)    1 :  0.149 0.149 0.422 0.281 
415 OmyAC20ROGR    (0)    1 :  0.282 0.182 0.083 0.453 
416 OmyAC20ROGR    (0)    1 :  0.573 0.105 0.089 0.234 
417 OmyAC20ROGR    (0)    1 :  0.601 0.141 0.041 0.217 
418 OmyAC20ROGR    (0)    1 :  0.319 0.147 0.270 0.264 
419 OmyAC20ROGR    (0)    1 :  0.125 0.175 0.546 0.154 
420 OmyAC20ROGR    (0)    1 :  0.063 0.625 0.083 0.230 
421 OmyAC20ROGR    (0)    1 :  0.509 0.083 0.158 0.250 
422 OmyAC20ROGR    (0)    1 :  0.050 0.036 0.861 0.052 
423 OmyAC20ROGR    (0)    1 :  0.380 0.061 0.073 0.485 
424 OmyAC20ROGR    (0)    1 :  0.104 0.541 0.053 0.302 
425 OmyAC20ROGR    (0)    1 :  0.056 0.050 0.833 0.061 
426 OmyAC20ROGR    (0)    1 :  0.724 0.070 0.079 0.127 
427 OmyAC20ROGR    (0)    1 :  0.373 0.107 0.106 0.414 
428 OmyAC20ROGR    (0)    1 :  0.068 0.041 0.818 0.072 
429 OmyAC20ROGR    (0)    1 :  0.279 0.524 0.053 0.144 
430 OmyAC20ROGR    (0)    1 :  0.208 0.186 0.130 0.476 
431 OmyAC20ROGR    (0)    1 :  0.148 0.074 0.596 0.182 
432 OmyAC20ROGR    (0)    1 :  0.041 0.038 0.871 0.050 
433 OmyAC20ROGR    (0)    1 :  0.050 0.173 0.722 0.055 
434 OmyAC20ROGR    (0)    1 :  0.202 0.093 0.425 0.280 
435 OmyAC20ROGR    (0)    1 :  0.400 0.080 0.080 0.440 
436 OmyAC20ROGR    (0)    1 :  0.398 0.059 0.116 0.428 
437 OmyAC20ROGR    (0)    1 :  0.103 0.129 0.690 0.078 
438 OmyAC20ROGR    (0)    1 :  0.130 0.143 0.420 0.307 
439 OmyAC20ROGR    (0)    1 :  0.114 0.050 0.123 0.713 
440 OmyAC20ROGR    (0)    1 :  0.197 0.073 0.635 0.095 
441 OmyAC20ROGR    (0)    1 :  0.109 0.396 0.054 0.441 
442 OmyAC20ROGR    (0)    1 :  0.155 0.183 0.149 0.513 
443 OmyAC20ROGR    (0)    1 :  0.172 0.090 0.069 0.670 
444 OmyAC20ROGR    (0)    1 :  0.447 0.066 0.318 0.169 
445 OmyAC20ROGR    (0)    1 :  0.108 0.278 0.214 0.400 
446 OmyJC18ROGR    (0)    2 :  0.217 0.278 0.378 0.128 
447 OmyJC18ROGR    (0)    2 :  0.325 0.246 0.173 0.256 
448 OmyJC18ROGR    (0)    2 :  0.179 0.152 0.161 0.508 
449 OmyJC18ROGR    (0)    2 :  0.056 0.262 0.602 0.079 
450 OmyJC18ROGR    (0)    2 :  0.095 0.109 0.638 0.159 
451 OmyJC18ROGR    (0)    2 :  0.064 0.041 0.796 0.099 
452 OmyJC18ROGR    (0)    2 :  0.168 0.116 0.389 0.326 
453 OmyJC18ROGR    (0)    2 :  0.078 0.796 0.037 0.089 
454 OmyJC18ROGR    (0)    2 :  0.075 0.071 0.766 0.088 
455 OmyJC18ROGR    (0)    2 :  0.465 0.169 0.155 0.211 
456 OmyJC18ROGR    (0)    2 :  0.055 0.040 0.828 0.077 
457 OmyJC18ROGR    (0)    2 :  0.504 0.060 0.145 0.290 
458 OmyJC18ROGR    (0)    2 :  0.120 0.568 0.184 0.129 
459 OmyJC18ROGR    (1)    2 :  0.691 0.107 0.039 0.163 
460 OmyJC18ROGR    (2)    2 :  0.182 0.192 0.225 0.400 
461 OmyJC18ROGR    (2)    2 :  0.164 0.104 0.444 0.288 
462 OmyJC18ROGR    (3)    2 :  0.100 0.290 0.304 0.305 
463 OmyJC18ROGR    (0)    2 :  0.055 0.115 0.726 0.104 
464 OmyJC18ROGR    (4)    2 :  0.531 0.131 0.046 0.292 
465 OmyJC18ROGR    (3)    2 :  0.311 0.239 0.141 0.308 
466 OmyJC18ROGR    (0)    2 :  0.144 0.157 0.178 0.521 
467 OmyJC18ROGR    (0)    2 :  0.488 0.134 0.113 0.265 
468 OmyJC18ROGR    (0)    2 :  0.140 0.520 0.163 0.177 
469 OmyJC18ROGR    (0)    2 :  0.059 0.030 0.824 0.088 
470 OmyJC18ROGR    (5)    2 :  0.164 0.166 0.519 0.152 
471 OmyJC18ROGR    (1)    2 :  0.175 0.123 0.206 0.497 
472 OmyJC18ROGR    (2)    2 :  0.241 0.113 0.128 0.518 
473 OmyJC18ROGR    (3)    2 :  0.276 0.245 0.062 0.416 
474 OmyJC18ROGR    (0)    2 :  0.091 0.797 0.056 0.057 
475 OmyJC18ROGR    (2)    2 :  0.115 0.172 0.462 0.251 
476 OmyJC18ROGR    (1)    2 :  0.162 0.088 0.061 0.689 
477 OmyJC18ROGR    (4)    2 :  0.091 0.402 0.261 0.247 
478 OmyJC18ROGR    (0)    2 :  0.528 0.144 0.094 0.234 
479 OmyJC18ROGR    (0)    2 :  0.315 0.111 0.053 0.521 
480 OmyJC18ROGR    (1)    2 :  0.477 0.175 0.186 0.162 
481 OmyJC18ROGR    (3)    2 :  0.168 0.284 0.126 0.422 
482 OmyJC18ROGR    (3)    2 :  0.128 0.559 0.044 0.269 
483 OmyJC18ROGR    (4)    2 :  0.149 0.408 0.065 0.378 
484 OmyJC18ROGR    (4)    2 :  0.297 0.201 0.076 0.426 
485 OmyJC18ROGR    (3)    2 :  0.219 0.152 0.495 0.134 
486 OmyJC18ROGR    (3)    2 :  0.132 0.162 0.453 0.252 
487 OmyJC18ROGR    (1)    2 :  0.245 0.461 0.155 0.138 
488 OmyJC18ROGR    (5)    2 :  0.386 0.180 0.095 0.339 
489 OmyJC18ROGR    (0)    2 :  0.214 0.188 0.064 0.534 
490 OmyJC18ROGR    (3)    2 :  0.117 0.124 0.123 0.636 
491 OmyJC18ROGR    (7)    2 :  0.084 0.716 0.106 0.093 
492 OmyJC18ROGR    (6)    2 :  0.112 0.747 0.045 0.097 
493 OmyJC18ROGR    (3)    2 :  0.343 0.100 0.157 0.400 
494 OmyJC18ROGR    (3)    2 :  0.076 0.059 0.784 0.081 
495 OmyJC18ROGR    (5)    2 :  0.337 0.142 0.369 0.153 
496 OmyJC18ROGR    (0)    2 :  0.307 0.202 0.148 0.342 
497 OmyJC18ROGR    (5)    2 :  0.118 0.646 0.038 0.198 
498 OmyJC18ROGR    (6)    2 :  0.110 0.108 0.156 0.627 
499 OmyJC18ROGR    (0)    2 :  0.281 0.091 0.067 0.561 
500 OmyJC18ROGR    (1)    2 :  0.155 0.563 0.086 0.196 
501 OmyJC18ROGR    (4)    2 :  0.149 0.135 0.471 0.246 
502 OmyJC18ROGR    (2)    2 :  0.167 0.322 0.282 0.228 
503 OmyJC18ROGR    (5)    2 :  0.227 0.401 0.073 0.299 
504 OmyJC18ROGR    (2)    2 :  0.084 0.179 0.245 0.492 
505 OmyJC18ROGR    (0)    2 :  0.274 0.205 0.341 0.180 
506 OmyJC18ROGR    (8)    2 :  0.181 0.386 0.103 0.330 
507 OmyJC18ROGR    (0)    2 :  0.191 0.384 0.184 0.241 
508 OmyJC18ROGR    (0)    2 :  0.156 0.435 0.223 0.186 
509 OmyJC18ROGR    (1)    2 :  0.042 0.040 0.883 0.035 
510 OmyJC18ROGR    (1)    2 :  0.209 0.157 0.140 0.494 
511 OmyJC18ROGR    (5)    2 :  0.267 0.278 0.230 0.224 
512 OmyJC18ROGR    (2)    2 :  0.065 0.103 0.764 0.068 
513 OmyJC18ROGR    (9)    2 :  0.279 0.224 0.367 0.130 
514 OmyJC18ROGR    (4)    2 :  0.160 0.246 0.447 0.148 
515 OmyJC18ROGR    (1)    2 :  0.252 0.474 0.131 0.142 
516 OmyJC18ROGR    (3)    2 :  0.298 0.154 0.216 0.332 
517 OmyJC18ROGR    (3)    2 :  0.109 0.138 0.524 0.229 
518 OmyJC18ROGR    (0)    2 :  0.121 0.538 0.100 0.242 
519 OmyJC18ROGR    (9)    2 :  0.414 0.250 0.099 0.237 
520 OmyJC18ROGR    (6)    2 :  0.096 0.121 0.123 0.661 
521 OmyJC18ROGR    (2)    2 :  0.202 0.292 0.176 0.331 
522 OmyJC18ROGR    (1)    2 :  0.215 0.098 0.143 0.545 
523 OmyJC18ROGR    (4)    2 :  0.351 0.262 0.114 0.272 
524 OmyJC18ROGR    (0)    2 :  0.498 0.077 0.110 0.315 
525 OmyJC18ROGR    (2)    2 :  0.334 0.352 0.100 0.214 
526 OmyJC18ROGR    (3)    2 :  0.234 0.468 0.120 0.178 
527 OmyJC18ROGR    (0)    2 :  0.268 0.187 0.071 0.474 
528 OmyJC18ROGR    (0)    2 :  0.425 0.327 0.066 0.182 
529 OmyJC18ROGR    (1)    2 :  0.412 0.097 0.078 0.414 
530 OmyJC18ROGR    (0)    2 :  0.253 0.408 0.064 0.274 
531 OmyJC18ROGR    (0)    2 :  0.323 0.071 0.254 0.352 
532 OmyJC18ROGR    (2)    2 :  0.435 0.254 0.047 0.264 
533 OmyJC18ROGR    (2)    2 :  0.464 0.101 0.033 0.401 
534 OmyJC18ROGR    (2)    2 :  0.334 0.229 0.104 0.333 
535 OmyJC18ROGR    (0)    2 :  0.202 0.134 0.075 0.590 
536 OmyJC18ROGR    (0)    2 :  0.376 0.216 0.067 0.341 
537 OmyJC18ROGR    (0)    2 :  0.322 0.294 0.037 0.347 
538 OmyJC18ROGR    (0)    2 :  0.333 0.164 0.110 0.393 
539 OmyJC18ROGR    (0)    2 :  0.462 0.140 0.085 0.313 
540 OmyJC18ROGR    (8)    2 :  0.100 0.679 0.105 0.115 
541 OmyJC18ROGR    (1)    2 :  0.562 0.143 0.132 0.164 
542 OmyJC18ROGR    (1)    2 :  0.181 0.346 0.342 0.130 
543 OmyJC18ROGR    (0)    2 :  0.169 0.484 0.135 0.213 
544 OmyJC18ROGR    (2)    2 :  0.482 0.196 0.082 0.240 
545 OmyJC18ROGR    (1)    2 :  0.106 0.078 0.555 0.260 
546 OmyJC18ROGR    (9)    2 :  0.327 0.236 0.039 0.398 
547 OmyJC18ROGR    (0)    2 :  0.422 0.077 0.186 0.315 
548 OmyJC18ROGR    (0)    2 :  0.150 0.305 0.286 0.258 
549 OmyJC18ROGR    (0)    2 :  0.378 0.235 0.143 0.245 
550 OmyJC18ROGR    (1)    2 :  0.273 0.080 0.541 0.105 
551 OmyJC18ROGR    (1)    2 :  0.316 0.338 0.101 0.244 
552 OmyJC18ROGR    (2)    2 :  0.499 0.092 0.157 0.253 
553 OmyJC18ROGR   (10)    2 :  0.398 0.255 0.081 0.266 
554 OmyJC18ROGR    (2)    2 :  0.240 0.339 0.081 0.340 
555 OmyJC18ROGR    (4)    2 :  0.202 0.416 0.076 0.306 
556 OmyJC18ROGR    (0)    2 :  0.301 0.343 0.154 0.202 
557 OmyJC18ROGR    (2)    2 :  0.125 0.149 0.259 0.468 
558 OmyJC18ROGR    (0)    2 :  0.263 0.073 0.338 0.325 
559 OmyJC18ROGR    (0)    2 :  0.117 0.610 0.079 0.194 
560 OmyJC18ROGR    (8)    2 :  0.169 0.345 0.190 0.296 
561 OmyJC18ROGR    (0)    2 :  0.649 0.071 0.039 0.241 
562 OmyJC18ROGR    (8)    2 :  0.293 0.341 0.183 0.183 
563 OmyJC18ROGR    (2)    2 :  0.137 0.222 0.104 0.537 
564 OmyJC18ROGR    (4)    2 :  0.607 0.139 0.122 0.132 
565 OmyJC18ROGR    (3)    2 :  0.336 0.269 0.191 0.204 
566 OmyJC18ROGR    (1)    2 :  0.147 0.226 0.215 0.411 
567 OmyJC18ROGR    (0)    2 :  0.121 0.372 0.090 0.417 
568 OmyJC18ROGR    (5)    2 :  0.361 0.211 0.224 0.203 
569 OmyJC18ROGR    (2)    2 :  0.104 0.685 0.055 0.156 
570 OmyJC18ROGR    (0)    2 :  0.247 0.102 0.092 0.559 
571 OmyJC18ROGR    (2)    2 :  0.250 0.093 0.104 0.554 
572 OmyJC18ROGR    (6)    2 :  0.222 0.400 0.102 0.276 
573 OmyJC18ROGR    (5)    2 :  0.168 0.150 0.483 0.199 
574 OmyJC18ROGR    (8)    2 :  0.247 0.137 0.239 0.377 
575 OmyJC18ROGR    (3)    2 :  0.321 0.234 0.060 0.385 
576 OmyJC18ROGR    (0)    2 :  0.152 0.555 0.159 0.134 
577 OmyJC18ROGR    (0)    2 :  0.067 0.034 0.849 0.051 
578 OmyJC18ROGR    (1)    2 :  0.192 0.156 0.083 0.570 
579 OmyJC18ROGR    (0)    2 :  0.141 0.048 0.617 0.194 
580 OmyJC18ROGR    (0)    2 :  0.241 0.336 0.051 0.372 
581 OmyJC18ROGR    (6)    2 :  0.177 0.498 0.101 0.224 
582 OmyJC18ROGR    (7)    2 :  0.525 0.166 0.054 0.255 
583 OmyJC18ROGR    (3)    2 :  0.554 0.160 0.081 0.205 
584 OmyJC18ROGR    (5)    2 :  0.339 0.257 0.102 0.301 
585 OmyJC18ROGR    (1)    2 :  0.190 0.096 0.154 0.560 
586 OmyJC18ROGR    (2)    2 :  0.261 0.239 0.038 0.461 
587 OmyJC18ROGR    (0)    2 :  0.036 0.027 0.905 0.032 
588 OmyJC18ROGR    (0)    2 :  0.108 0.210 0.257 0.425 
589 OmyJC18ROGR    (1)    2 :  0.434 0.300 0.122 0.143 
590 OmyJC18ROGR    (2)    2 :  0.342 0.110 0.024 0.524 
591 OmyJC18ROGR    (0)    2 :  0.471 0.222 0.079 0.228 
592 OmyJC18ROGR    (4)    2 :  0.163 0.256 0.087 0.494 
593 OmyJC18ROGR    (0)    2 :  0.256 0.160 0.200 0.384 
594 OmyJC18ROGR    (1)    2 :  0.191 0.124 0.064 0.621 
595 OmyJC18ROGR    (0)    2 :  0.161 0.434 0.255 0.150 
596 OmyJC18ROGR    (0)    2 :  0.299 0.271 0.131 0.299 
597 OmyJC18ROGR    (0)    2 :  0.152 0.455 0.181 0.212 
598 OmyJC18ROGR    (0)    2 :  0.290 0.277 0.083 0.350 
599 OmyJC18ROGR    (0)    2 :  0.548 0.102 0.195 0.155 
600 OmyJC18ROGR    (0)    2 :  0.231 0.147 0.106 0.515 
601 OmyJC18ROGR    (0)    2 :  0.228 0.527 0.040 0.205 
602 OmyJC18ROGR    (0)    2 :  0.423 0.192 0.260 0.125 
603 OmyJC18ROGR    (0)    2 :  0.198 0.153 0.059 0.590 
604 OmyJC18ROGR    (0)    2 :  0.726 0.094 0.056 0.124 
605 OmyJC18ROGR    (0)    2 :  0.269 0.345 0.072 0.314 
606 OmyJC18ROGR    (0)    2 :  0.211 0.208 0.172 0.409 
607 OmyJC18ROGR    (0)    2 :  0.703 0.057 0.061 0.179 
608 OmyJC18ROGR    (0)    2 :  0.514 0.113 0.049 0.323 
609 OmyJC18ROGR    (0)    2 :  0.145 0.658 0.080 0.117 
610 OmyJC18ROGR    (6)    2 :  0.093 0.055 0.750 0.102 
611 OmyJC18ROGR    (0)    2 :  0.176 0.260 0.306 0.258 
612 OmyJC18ROGR    (3)    2 :  0.284 0.132 0.186 0.398 
613 OmyJC18ROGR    (0)    2 :  0.270 0.196 0.177 0.357 
614 OmyJC18ROGR    (0)    2 :  0.209 0.255 0.310 0.226 
615 OmyJC18ROGR    (0)    2 :  0.554 0.070 0.040 0.336 
616 OmyJC18ROGR    (0)    2 :  0.071 0.769 0.087 0.073 
617 OmyJC18ROGR    (0)    2 :  0.308 0.203 0.151 0.338 
618 OmyJC18ROGR    (0)    2 :  0.324 0.057 0.237 0.382 
619 OmyJC18ROGR    (0)    2 :  0.316 0.235 0.074 0.375 
620 OmyJC18ROGR    (0)    2 :  0.098 0.486 0.323 0.093 
621 OmyJC18ROGR    (2)    2 :  0.139 0.658 0.108 0.095 
622 OmyJC18ROGR    (3)    2 :  0.254 0.426 0.166 0.154 
623 OmyJC18ROGR    (1)    2 :  0.514 0.058 0.164 0.264 
624 OmyJC18ROGR    (2)    2 :  0.350 0.320 0.144 0.185 
625 OmyJC18ROGR    (1)    2 :  0.271 0.132 0.299 0.298 
626 OmyJC18ROGR    (9)    2 :  0.144 0.454 0.053 0.348 
627 OmyJC18ROGR    (0)    2 :  0.292 0.155 0.174 0.380 
628 OmyJC18ROGR    (0)    2 :  0.027 0.032 0.907 0.034 
629 OmyJC18ROGR    (2)    2 :  0.616 0.109 0.199 0.076 
630 OmyJC18ROGR    (1)    2 :  0.080 0.823 0.033 0.064 
631 OmyJC18ROGR    (4)    2 :  0.321 0.119 0.042 0.519 
632 OmyJC18ROGR    (0)    2 :  0.102 0.630 0.103 0.165 
633 OmyJC18ROGR    (7)    2 :  0.156 0.470 0.092 0.282 
634 OmyJC18ROGR    (2)    2 :  0.362 0.070 0.378 0.190 
635 OmyJC18ROGR    (0)    2 :  0.088 0.770 0.049 0.094 
636 OmyJC18ROGR    (0)    2 :  0.072 0.560 0.229 0.138 
637 OmyJC18ROGR    (0)    2 :  0.157 0.109 0.206 0.527 
638 OmyJC18ROGR    (0)    2 :  0.086 0.721 0.090 0.103 
639 OmyJC18ROGR    (1)    2 :  0.116 0.313 0.149 0.421 
640 OmyJC18ROGR    (2)    2 :  0.248 0.068 0.418 0.267 
641 OmyJC18ROGR    (1)    2 :  0.127 0.080 0.102 0.692 
642 OmyJC18ROGR    (3)    2 :  0.437 0.068 0.235 0.260 
643 OmyJC18ROGR    (1)    2 :  0.139 0.307 0.085 0.469 
644 OmyJC18ROGR   (10)    2 :  0.516 0.091 0.039 0.354 
645 OmyJC18ROGR    (6)    2 :  0.308 0.117 0.217 0.357 
646 OmyJC18ROGR    (0)    2 :  0.625 0.175 0.065 0.135 
647 OmyJC18ROGR    (2)    2 :  0.292 0.109 0.199 0.399 
648 OmyJC18ROGR    (0)    2 :  0.157 0.608 0.040 0.195 
649 OmyJC18ROGR    (0)    2 :  0.554 0.073 0.079 0.293 
650 OmyJC18ROGR    (1)    2 :  0.484 0.257 0.047 0.212 
651 OmyJC18ROGR    (6)    2 :  0.036 0.076 0.804 0.084 
652 OmyJC18ROGR    (1)    2 :  0.405 0.158 0.194 0.243 
653 OmyJC18ROGR    (4)    2 :  0.125 0.392 0.084 0.400 
654 OmyJC18ROGR    (1)    2 :  0.229 0.331 0.142 0.298 
655 OmyJC18ROGR    (4)    2 :  0.191 0.097 0.396 0.316 
656 OmyJC18ROGR    (0)    2 :  0.223 0.098 0.067 0.612 
657 OmyJC18ROGR    (0)    2 :  0.276 0.156 0.092 0.476 
658 OmyJC18ROGR    (0)    2 :  0.168 0.600 0.063 0.169 
659 OmyJC18ROGR    (7)    2 :  0.372 0.110 0.028 0.490 
660 OmyJC18ROGR    (4)    2 :  0.622 0.084 0.130 0.163 
661 OmyJC18ROGR    (3)    2 :  0.734 0.088 0.050 0.129 
662 OmyJC18ROGR    (2)    2 :  0.500 0.075 0.082 0.343 
663 OmyJC18ROGR    (2)    2 :  0.187 0.292 0.336 0.186 
664 OmyJC18ROGR    (0)    2 :  0.294 0.524 0.043 0.140 
665 OmyJC18ROGR    (1)    2 :  0.412 0.151 0.174 0.263 
666 OmyJC18ROGR    (0)    2 :  0.061 0.086 0.774 0.078 
667 OmyJC18ROGR    (0)    2 :  0.253 0.121 0.453 0.173 
668 OmyJC18ROGR    (1)    2 :  0.389 0.155 0.285 0.171 
669 OmyJC18ROGR    (5)    2 :  0.269 0.112 0.202 0.417 
670 OmyJC18ROGR   (10)    2 :  0.538 0.108 0.044 0.310 
671 OmyJC18ROGR    (3)    2 :  0.260 0.151 0.083 0.506 
672 OmyJC18ROGR    (0)    2 :  0.233 0.262 0.038 0.467 
673 OmyJC18ROGR    (6)    2 :  0.062 0.770 0.083 0.085 
674 OmyJC18ROGR    (0)    2 :  0.249 0.346 0.100 0.306 
675 OmyJC18ROGR    (0)    2 :  0.126 0.581 0.039 0.254 
676 OmyJC18ROGR    (1)    2 :  0.313 0.142 0.086 0.459 
677 OmyJC18ROGR    (4)    2 :  0.308 0.084 0.309 0.299 
