

----------------------------------------------------
STRUCTURE by Pritchard, Stephens and Donnelly (2000)
     and Falush, Stephens and Pritchard (2003)
       Code by Pritchard, Falush and Hubisz
             Version 2.3.4 (Jul 2012)
----------------------------------------------------



Command line arguments:   bin/structure -m "/Users/ddayan/FRA/half_pounder_2023/structure/halfpounder_p3/10k_20k_adm_corr_3/mainparams" -e "/Users/ddayan/FRA/half_pounder_2023/structure/halfpounder_p3/10k_20k_adm_corr_3/extraparams" 
Input File:    /Users/ddayan/FRA/half_pounder_2023/structure/halfpounder_p3/project_data

Run parameters:
   1000 individuals
   233 loci
   5 populations assumed
   10000 Burn-in period
   20000 Reps


--------------------------------------------
Proportion of membership of each pre-defined
 population in each of the 5 clusters

Given    Inferred Clusters                     Number of
 Pop       1      2      3      4      5      Individuals

  1:     0.204  0.205  0.208  0.216  0.167      275
  2:     0.200  0.204  0.195  0.192  0.209      643
  3:     0.145  0.181  0.056  0.243  0.374       42
  4:     0.250  0.212  0.055  0.243  0.239       40
--------------------------------------------

Allele-freq. divergence among pops (Net nucleotide distance),
computed using point estimates of P.

      1       2       3       4       5      
 1      -    0.0005  0.0087  0.0014  0.0032  
 2   0.0005     -    0.0091  0.0014  0.0034  
 3   0.0087  0.0091     -    0.0104  0.0125  
 4   0.0014  0.0014  0.0104     -    0.0041  
 5   0.0032  0.0034  0.0125  0.0041     -    

Average distances (expected heterozygosity) between individuals in same cluster:
cluster  1  : 0.3145 
cluster  2  : 0.3126 
cluster  3  : 0.2817 
cluster  4  : 0.3101 
cluster  5  : 0.3058 

--------------------------------------------
Estimated Ln Prob of Data   = -219605.2
Mean value of ln likelihood = -214752.5
Variance of ln likelihood   = 9705.5
Mean value of alpha         = 0.2153

Mean value of Fst_1         = 0.0094
Mean value of Fst_2         = 0.0117
Mean value of Fst_3         = 0.0729
Mean value of Fst_4         = 0.0176
Mean value of Fst_5         = 0.0255


Inferred ancestry of individuals:
        Label (%Miss) Pop:  Inferred clusters
  1 OmyAC19ROGR    (0)    1 :  0.297 0.362 0.028 0.185 0.128 
  2 OmyAC19ROGR    (0)    1 :  0.288 0.276 0.106 0.282 0.048 
  3 OmyAC19ROGR    (0)    1 :  0.296 0.331 0.051 0.154 0.168 
  4 OmyAC19ROGR    (0)    1 :  0.112 0.162 0.028 0.647 0.052 
  5 OmyAC19ROGR    (1)    1 :  0.036 0.027 0.891 0.023 0.023 
  6 OmyAC19ROGR    (0)    1 :  0.100 0.107 0.339 0.120 0.334 
  7 OmyAC19ROGR    (0)    1 :  0.274 0.168 0.240 0.066 0.252 
  8 OmyAC19ROGR    (0)    1 :  0.177 0.120 0.023 0.062 0.619 
  9 OmyAC19ROGR    (0)    1 :  0.139 0.212 0.415 0.127 0.107 
 10 OmyAC19ROGR    (0)    1 :  0.203 0.279 0.354 0.110 0.053 
 11 OmyAC19ROGR    (0)    1 :  0.129 0.107 0.064 0.203 0.499 
 12 OmyAC19ROGR    (0)    1 :  0.214 0.358 0.213 0.125 0.090 
 13 OmyAC19ROGR    (0)    1 :  0.366 0.147 0.034 0.126 0.327 
 14 OmyAC19ROGR    (0)    1 :  0.453 0.131 0.146 0.089 0.181 
 15 OmyAC19ROGR    (0)    1 :  0.270 0.142 0.402 0.108 0.078 
 16 OmyAC19ROGR    (0)    1 :  0.186 0.130 0.069 0.246 0.369 
 17 OmyAC19ROGR    (0)    1 :  0.341 0.162 0.139 0.330 0.028 
 18 OmyAC19ROGR    (3)    1 :  0.192 0.483 0.019 0.155 0.150 
 19 OmyAC19ROGR    (0)    1 :  0.063 0.077 0.046 0.052 0.763 
 20 OmyAC19ROGR    (0)    1 :  0.194 0.256 0.337 0.180 0.033 
 21 OmyAC19ROGR    (0)    1 :  0.189 0.217 0.321 0.199 0.074 
 22 OmyAC19ROGR    (0)    1 :  0.170 0.164 0.068 0.103 0.496 
 23 OmyAC19ROGR    (0)    1 :  0.294 0.187 0.301 0.076 0.142 
 24 OmyAC19ROGR    (1)    1 :  0.120 0.396 0.033 0.289 0.162 
 25 OmyAC19ROGR    (0)    1 :  0.223 0.104 0.439 0.052 0.183 
 26 OmyAC19ROGR    (0)    1 :  0.227 0.276 0.089 0.111 0.298 
 27 OmyAC19ROGR    (2)    1 :  0.338 0.297 0.052 0.056 0.257 
 28 OmyAC19ROGR    (0)    1 :  0.168 0.200 0.051 0.497 0.084 
 29 OmyAC19ROGR    (0)    1 :  0.265 0.345 0.068 0.255 0.066 
 30 OmyAC19ROGR    (0)    1 :  0.138 0.269 0.423 0.056 0.113 
 31 OmyAC19ROGR    (0)    1 :  0.155 0.233 0.063 0.277 0.272 
 32 OmyAC19ROGR    (0)    1 :  0.236 0.320 0.123 0.258 0.063 
 33 OmyAC19ROGR    (0)    1 :  0.101 0.173 0.096 0.539 0.091 
 34 OmyAC19ROGR    (0)    1 :  0.161 0.119 0.485 0.118 0.117 
 35 OmyAC19ROGR    (0)    1 :  0.152 0.328 0.069 0.376 0.074 
 36 OmyAC19ROGR    (0)    1 :  0.161 0.157 0.044 0.072 0.565 
 37 OmyAC19ROGR    (0)    1 :  0.073 0.064 0.172 0.070 0.621 
 38 OmyAC19ROGR    (0)    1 :  0.122 0.123 0.555 0.043 0.158 
 39 OmyAC19ROGR    (0)    1 :  0.262 0.476 0.067 0.155 0.040 
 40 OmyAC19ROGR    (0)    1 :  0.153 0.186 0.398 0.198 0.065 
 41 OmyAC19ROGR    (0)    1 :  0.232 0.353 0.052 0.270 0.093 
 42 OmyAC19ROGR    (0)    1 :  0.069 0.061 0.754 0.065 0.052 
 43 OmyAC19ROGR    (0)    1 :  0.286 0.539 0.041 0.081 0.054 
 44 OmyAC19ROGR    (8)    1 :  0.156 0.191 0.047 0.467 0.139 
 45 OmyAC19ROGR    (2)    1 :  0.117 0.116 0.430 0.151 0.185 
 46 OmyAC19ROGR    (0)    1 :  0.118 0.081 0.088 0.518 0.194 
 47 OmyAC19ROGR    (0)    1 :  0.106 0.158 0.035 0.129 0.572 
 48 OmyAC19ROGR    (0)    1 :  0.352 0.253 0.033 0.189 0.173 
 49 OmyAC19ROGR    (0)    1 :  0.319 0.127 0.048 0.292 0.215 
 50 OmyAC19ROGR    (0)    1 :  0.427 0.358 0.027 0.153 0.034 
 51 OmyAC19ROGR    (2)    1 :  0.057 0.083 0.725 0.069 0.065 
 52 OmyAC19ROGR    (0)    1 :  0.048 0.057 0.817 0.035 0.043 
 53 OmyAC19ROGR    (1)    1 :  0.188 0.161 0.028 0.145 0.478 
 54 OmyAC19ROGR    (0)    1 :  0.242 0.288 0.076 0.296 0.100 
 55 OmyAC19ROGR    (4)    1 :  0.218 0.297 0.066 0.101 0.319 
 56 OmyAC19ROGR    (0)    1 :  0.132 0.091 0.177 0.198 0.401 
 57 OmyAC19ROGR    (0)    1 :  0.049 0.037 0.020 0.048 0.846 
 58 OmyAC19ROGR    (0)    1 :  0.081 0.053 0.536 0.036 0.294 
 59 OmyAC19ROGR    (0)    1 :  0.126 0.201 0.032 0.065 0.576 
 60 OmyAC19ROGR    (0)    1 :  0.151 0.110 0.113 0.086 0.538 
 61 OmyAC19ROGR    (0)    1 :  0.505 0.234 0.064 0.137 0.061 
 62 OmyAC19ROGR    (0)    1 :  0.340 0.254 0.067 0.085 0.253 
 63 OmyAC19ROGR    (0)    1 :  0.261 0.104 0.166 0.300 0.170 
 64 OmyAC19ROGR    (2)    1 :  0.140 0.151 0.080 0.570 0.058 
 65 OmyAC19ROGR    (0)    1 :  0.281 0.327 0.037 0.145 0.210 
 66 OmyAC19ROGR    (5)    1 :  0.405 0.137 0.214 0.084 0.160 
 67 OmyAC19ROGR    (0)    1 :  0.092 0.064 0.035 0.175 0.633 
 68 OmyAC19ROGR    (1)    1 :  0.180 0.313 0.169 0.134 0.204 
 69 OmyAC19ROGR    (3)    1 :  0.232 0.179 0.137 0.152 0.301 
 70 OmyAC19ROGR    (0)    1 :  0.252 0.446 0.035 0.211 0.056 
 71 OmyAC19ROGR    (0)    1 :  0.354 0.151 0.058 0.153 0.284 
 72 OmyAC19ROGR    (5)    1 :  0.318 0.246 0.035 0.222 0.179 
 73 OmyAC19ROGR    (0)    1 :  0.299 0.380 0.139 0.119 0.063 
 74 OmyAC19ROGR    (0)    1 :  0.250 0.305 0.074 0.308 0.063 
 75 OmyAC19ROGR    (0)    1 :  0.154 0.140 0.124 0.508 0.074 
 76 OmyAC19ROGR    (0)    1 :  0.171 0.407 0.047 0.259 0.117 
 77 OmyAC19ROGR    (1)    1 :  0.020 0.022 0.922 0.019 0.017 
 78 OmyAC19ROGR    (0)    1 :  0.315 0.383 0.037 0.221 0.044 
 79 OmyAC19ROGR    (3)    1 :  0.199 0.427 0.066 0.223 0.086 
 80 OmyAC19ROGR    (0)    1 :  0.071 0.047 0.788 0.048 0.047 
 81 OmyAC19ROGR    (3)    1 :  0.242 0.199 0.277 0.144 0.137 
 82 OmyAC19ROGR    (1)    1 :  0.077 0.081 0.016 0.091 0.735 
 83 OmyAC19ROGR    (0)    1 :  0.185 0.219 0.037 0.443 0.115 
 84 OmyAC19ROGR    (0)    1 :  0.143 0.258 0.071 0.184 0.344 
 85 OmyAC19ROGR    (7)    1 :  0.287 0.356 0.050 0.216 0.091 
 86 OmyAC19ROGR    (0)    1 :  0.335 0.165 0.080 0.341 0.079 
 87 OmyAC19ROGR    (0)    1 :  0.067 0.135 0.035 0.670 0.092 
 88 OmyJC19ROGR    (0)    2 :  0.054 0.042 0.846 0.034 0.025 
 89 OmyJC19ROGR    (0)    2 :  0.226 0.255 0.056 0.078 0.385 
 90 OmyJC19ROGR    (0)    2 :  0.033 0.027 0.876 0.045 0.019 
 91 OmyJC19ROGR    (0)    2 :  0.266 0.123 0.016 0.231 0.364 
 92 OmyJC19ROGR    (0)    2 :  0.220 0.258 0.052 0.380 0.090 
 93 OmyJC19ROGR    (0)    2 :  0.127 0.389 0.046 0.332 0.107 
 94 OmyJC19ROGR    (0)    2 :  0.236 0.407 0.097 0.212 0.049 
 95 OmyJC19ROGR    (0)    2 :  0.137 0.290 0.165 0.308 0.100 
 96 OmyJC19ROGR    (0)    2 :  0.401 0.193 0.156 0.146 0.104 
 97 OmyJC19ROGR    (0)    2 :  0.161 0.251 0.289 0.151 0.148 
 98 OmyJC19ROGR    (0)    2 :  0.154 0.231 0.050 0.280 0.286 
 99 OmyJC19ROGR    (0)    2 :  0.119 0.174 0.057 0.387 0.264 
100 OmyJC19ROGR    (0)    2 :  0.185 0.544 0.033 0.056 0.182 
101 OmyJC19ROGR    (1)    2 :  0.118 0.125 0.516 0.092 0.149 
102 OmyJC19ROGR    (0)    2 :  0.196 0.147 0.097 0.266 0.293 
103 OmyJC19ROGR    (0)    2 :  0.249 0.235 0.271 0.141 0.104 
104 OmyJC19ROGR    (0)    2 :  0.184 0.286 0.026 0.088 0.416 
105 OmyJC19ROGR    (0)    2 :  0.110 0.107 0.225 0.416 0.142 
106 OmyJC19ROGR    (0)    2 :  0.034 0.032 0.875 0.032 0.027 
107 OmyJC19ROGR    (0)    2 :  0.048 0.077 0.195 0.089 0.592 
108 OmyJC19ROGR    (0)    2 :  0.295 0.146 0.062 0.432 0.065 
109 OmyJC19ROGR    (0)    2 :  0.349 0.211 0.113 0.086 0.241 
110 OmyJC19ROGR    (0)    2 :  0.086 0.109 0.556 0.136 0.113 
111 OmyJC19ROGR    (0)    2 :  0.086 0.063 0.043 0.127 0.681 
112 OmyJC19ROGR    (2)    2 :  0.210 0.340 0.166 0.065 0.219 
113 OmyJC19ROGR    (0)    2 :  0.169 0.192 0.489 0.057 0.092 
114 OmyJC19ROGR    (5)    2 :  0.172 0.626 0.039 0.092 0.072 
115 OmyJC19ROGR    (0)    2 :  0.154 0.193 0.036 0.567 0.050 
116 OmyJC19ROGR    (0)    2 :  0.243 0.420 0.084 0.170 0.083 
117 OmyJC19ROGR    (0)    2 :  0.355 0.174 0.095 0.214 0.162 
118 OmyJC19ROGR    (0)    2 :  0.171 0.166 0.025 0.500 0.138 
119 OmyJC19ROGR    (2)    2 :  0.185 0.289 0.033 0.411 0.083 
120 OmyJC19ROGR    (0)    2 :  0.110 0.154 0.029 0.086 0.621 
121 OmyJC19ROGR    (0)    2 :  0.190 0.144 0.025 0.145 0.495 
122 OmyJC19ROGR    (0)    2 :  0.265 0.256 0.068 0.255 0.157 
123 OmyJC19ROGR    (1)    2 :  0.136 0.251 0.025 0.472 0.117 
124 OmyJC19ROGR    (0)    2 :  0.182 0.294 0.196 0.269 0.059 
125 OmyJC19ROGR    (0)    2 :  0.309 0.431 0.078 0.104 0.078 
126 OmyJC19ROGR    (0)    2 :  0.064 0.080 0.755 0.072 0.029 
127 OmyJC19ROGR    (0)    2 :  0.303 0.185 0.031 0.149 0.332 
128 OmyJC19ROGR    (1)    2 :  0.234 0.302 0.033 0.264 0.166 
129 OmyJC19ROGR    (0)    2 :  0.360 0.257 0.200 0.127 0.055 
130 OmyJC19ROGR    (2)    2 :  0.426 0.310 0.108 0.096 0.059 
131 OmyJC19ROGR    (0)    2 :  0.159 0.218 0.059 0.124 0.440 
132 OmyJC19ROGR    (0)    2 :  0.082 0.158 0.057 0.582 0.121 
133 OmyJC19ROGR    (0)    2 :  0.132 0.192 0.027 0.562 0.087 
134 OmyJC19ROGR    (0)    2 :  0.278 0.154 0.041 0.348 0.179 
135 OmyJC19ROGR    (0)    2 :  0.089 0.191 0.052 0.071 0.597 
136 OmyJC19ROGR    (4)    2 :  0.155 0.174 0.097 0.465 0.109 
137 OmyJC19ROGR    (0)    2 :  0.298 0.198 0.156 0.105 0.243 
138 OmyJC19ROGR    (0)    2 :  0.083 0.078 0.649 0.048 0.142 
139 OmyJC19ROGR    (3)    2 :  0.332 0.356 0.025 0.061 0.226 
140 OmyJC19ROGR    (1)    2 :  0.418 0.341 0.088 0.087 0.066 
141 OmyJC19ROGR    (0)    2 :  0.357 0.334 0.122 0.104 0.083 
142 OmyJC19ROGR    (0)    2 :  0.116 0.147 0.464 0.106 0.166 
143 OmyJC19ROGR    (0)    2 :  0.142 0.155 0.112 0.515 0.075 
144 OmyJC19ROGR    (0)    2 :  0.366 0.184 0.022 0.072 0.357 
145 OmyJC19ROGR    (0)    2 :  0.286 0.358 0.034 0.169 0.152 
146 OmyJC19ROGR    (1)    2 :  0.304 0.180 0.100 0.148 0.267 
147 OmyJC19ROGR    (0)    2 :  0.093 0.075 0.201 0.111 0.520 
148 OmyJC19ROGR    (0)    2 :  0.095 0.067 0.047 0.118 0.672 
149 OmyJC19ROGR    (0)    2 :  0.178 0.095 0.040 0.473 0.215 
150 OmyJC19ROGR    (1)    2 :  0.122 0.286 0.063 0.449 0.080 
151 OmyJC19ROGR    (0)    2 :  0.448 0.278 0.101 0.121 0.053 
152 OmyJC19ROGR    (0)    2 :  0.056 0.061 0.031 0.497 0.356 
153 OmyJC19ROGR    (0)    2 :  0.101 0.091 0.064 0.284 0.460 
154 OmyJC19ROGR    (0)    2 :  0.208 0.189 0.082 0.150 0.371 
155 OmyJC19ROGR    (0)    2 :  0.541 0.178 0.047 0.182 0.051 
156 OmyJC19ROGR    (0)    2 :  0.106 0.235 0.080 0.349 0.230 
157 OmyJC19ROGR    (0)    2 :  0.241 0.254 0.214 0.183 0.107 
158 OmyJC19ROGR    (0)    2 :  0.086 0.074 0.015 0.636 0.189 
159 OmyJC19ROGR    (0)    2 :  0.137 0.267 0.032 0.437 0.127 
160 OmyJC19ROGR    (0)    2 :  0.236 0.428 0.084 0.111 0.141 
161 OmyJC19ROGR    (1)    2 :  0.090 0.116 0.028 0.088 0.678 
162 OmyJC19ROGR    (0)    2 :  0.102 0.108 0.210 0.314 0.266 
163 OmyJC19ROGR    (0)    2 :  0.132 0.191 0.084 0.112 0.481 
164 OmyJC19ROGR    (0)    2 :  0.330 0.223 0.021 0.155 0.271 
165 OmyJC19ROGR    (0)    2 :  0.195 0.112 0.024 0.525 0.143 
166 OmyJC19ROGR    (0)    2 :  0.337 0.205 0.060 0.318 0.080 
167 OmyJC19ROGR    (0)    2 :  0.135 0.337 0.111 0.173 0.245 
168 OmyJC19ROGR    (0)    2 :  0.234 0.365 0.090 0.184 0.127 
169 OmyJC19ROGR    (0)    2 :  0.036 0.031 0.887 0.028 0.018 
170 OmyJC19ROGR    (0)    2 :  0.335 0.171 0.070 0.329 0.095 
171 OmyJC19ROGR    (0)    2 :  0.189 0.277 0.039 0.313 0.183 
172 OmyJC19ROGR    (0)    2 :  0.199 0.139 0.246 0.105 0.311 
173 OmyJC19ROGR    (0)    2 :  0.040 0.048 0.822 0.047 0.043 
174 OmyJC19ROGR    (0)    2 :  0.311 0.410 0.031 0.167 0.081 
175 OmyJC19ROGR    (0)    2 :  0.241 0.205 0.031 0.467 0.056 
176 OmyJC19ROGR    (0)    2 :  0.250 0.160 0.173 0.119 0.298 
177 OmyJC19ROGR    (0)    2 :  0.042 0.080 0.020 0.123 0.735 
178 OmyJC19ROGR    (0)    2 :  0.379 0.291 0.045 0.127 0.158 
179 OmyJC19ROGR    (0)    2 :  0.313 0.334 0.039 0.226 0.089 
180 OmyJC19ROGR    (0)    2 :  0.035 0.039 0.842 0.047 0.037 
181 OmyJC19ROGR    (0)    2 :  0.178 0.507 0.066 0.171 0.078 
182 OmyJC19ROGR    (0)    2 :  0.309 0.188 0.071 0.077 0.355 
183 OmyJC19ROGR    (0)    2 :  0.222 0.209 0.046 0.272 0.250 
184 OmyJC19ROGR    (0)    2 :  0.063 0.039 0.712 0.111 0.075 
185 OmyJC19ROGR    (0)    2 :  0.487 0.362 0.018 0.049 0.084 
186 OmyJC19ROGR    (0)    2 :  0.179 0.217 0.323 0.121 0.160 
187 OmyJC19ROGR    (0)    2 :  0.172 0.145 0.049 0.584 0.050 
188 OmyJC19ROGR    (0)    2 :  0.363 0.208 0.042 0.237 0.150 
189 OmyJC19ROGR    (0)    2 :  0.124 0.278 0.256 0.224 0.119 
190 OmyJC19ROGR    (0)    2 :  0.115 0.131 0.071 0.262 0.420 
191 OmyJC19ROGR    (0)    2 :  0.090 0.235 0.066 0.499 0.110 
192 OmyJC19ROGR    (0)    2 :  0.444 0.124 0.028 0.315 0.088 
193 OmyJC19ROGR    (0)    2 :  0.111 0.140 0.195 0.098 0.455 
194 OmyJC19ROGR    (0)    2 :  0.188 0.083 0.021 0.145 0.564 
195 OmyJC19ROGR    (0)    2 :  0.058 0.050 0.793 0.073 0.025 
196 OmyJC19ROGR    (0)    2 :  0.129 0.513 0.043 0.287 0.029 
197 OmyJC19ROGR    (0)    2 :  0.327 0.240 0.043 0.200 0.190 
198 OmyJC19ROGR    (0)    2 :  0.040 0.039 0.833 0.037 0.051 
199 OmyJC19ROGR    (0)    2 :  0.418 0.262 0.024 0.104 0.193 
200 OmyJC19ROGR    (0)    2 :  0.204 0.194 0.201 0.231 0.169 
201 OmyJC19ROGR    (0)    2 :  0.243 0.238 0.022 0.209 0.287 
202 OmyJC19ROGR    (0)    2 :  0.124 0.156 0.024 0.303 0.393 
203 OmyJC19ROGR    (0)    2 :  0.119 0.167 0.030 0.616 0.068 
204 OmyJC19ROGR    (0)    2 :  0.260 0.156 0.096 0.335 0.153 
205 OmyJC19ROGR    (0)    2 :  0.143 0.352 0.127 0.153 0.225 
206 OmyJC19ROGR    (0)    2 :  0.035 0.037 0.889 0.019 0.020 
207 OmyJC19ROGR    (0)    2 :  0.133 0.098 0.404 0.074 0.292 
208 OmyJC19ROGR    (0)    2 :  0.357 0.244 0.041 0.142 0.217 
209 OmyJC19ROGR    (0)    2 :  0.333 0.124 0.283 0.105 0.156 
210 OmyJC19ROGR    (0)    2 :  0.036 0.036 0.864 0.046 0.018 
211 OmyJC19ROGR    (0)    2 :  0.376 0.152 0.115 0.089 0.269 
212 OmyJC19ROGR    (1)    2 :  0.052 0.051 0.190 0.086 0.622 
213 OmyJC19ROGR    (1)    2 :  0.270 0.465 0.096 0.125 0.045 
214 OmyJC19ROGR    (0)    2 :  0.150 0.125 0.139 0.163 0.423 
215 OmyJC19ROGR    (0)    2 :  0.249 0.113 0.031 0.519 0.088 
216 OmyJC19ROGR    (0)    2 :  0.182 0.107 0.475 0.051 0.186 
217 OmyJC19ROGR    (0)    2 :  0.117 0.100 0.615 0.092 0.076 
218 OmyJC19ROGR    (0)    2 :  0.161 0.099 0.052 0.625 0.063 
219 OmyJC19ROGR    (0)    2 :  0.219 0.254 0.208 0.083 0.236 
220 OmyJC19ROGR    (0)    2 :  0.147 0.156 0.017 0.164 0.516 
221 OmyJC19ROGR    (0)    2 :  0.120 0.137 0.153 0.130 0.461 
222 OmyJC19ROGR    (0)    2 :  0.295 0.410 0.033 0.105 0.157 
223 OmyJC19ROGR    (0)    2 :  0.201 0.161 0.119 0.223 0.296 
224 OmyJC19ROGR    (1)    2 :  0.292 0.317 0.067 0.203 0.121 
225 OmyJC19ROGR    (0)    2 :  0.037 0.034 0.774 0.033 0.123 
226 OmyJC19ROGR    (0)    2 :  0.237 0.242 0.359 0.123 0.039 
227 OmyJC19ROGR    (0)    2 :  0.033 0.043 0.853 0.044 0.028 
228 OmyJC19ROGR    (0)    2 :  0.388 0.164 0.046 0.157 0.245 
229 OmyJC19ROGR    (0)    2 :  0.147 0.147 0.033 0.565 0.108 
230 OmyJC19ROGR    (0)    2 :  0.201 0.181 0.193 0.234 0.191 
231 OmyJC19ROGR    (0)    2 :  0.224 0.139 0.118 0.149 0.370 
232 OmyJC19ROGR    (2)    2 :  0.196 0.175 0.106 0.188 0.334 
233 OmyJC19ROGR    (0)    2 :  0.167 0.146 0.196 0.160 0.332 
234 OmyJC19ROGR    (0)    2 :  0.038 0.024 0.890 0.027 0.021 
235 OmyJC19ROGR    (0)    2 :  0.087 0.061 0.708 0.080 0.065 
236 OmyJC19ROGR    (0)    2 :  0.108 0.066 0.030 0.060 0.736 
237 OmyJC19ROGR    (0)    2 :  0.258 0.136 0.093 0.053 0.460 
238 OmyJC19ROGR    (0)    2 :  0.076 0.095 0.061 0.062 0.705 
239 OmyJC19ROGR    (0)    2 :  0.306 0.275 0.046 0.078 0.295 
240 OmyJC19ROGR    (0)    2 :  0.344 0.182 0.066 0.292 0.116 
241 OmyJC19ROGR    (0)    2 :  0.190 0.435 0.184 0.115 0.077 
242 OmyJC19ROGR    (0)    2 :  0.233 0.152 0.022 0.111 0.482 
243 OmyJC19ROGR    (0)    2 :  0.225 0.182 0.040 0.416 0.136 
244 OmyJC19ROGR    (0)    2 :  0.141 0.167 0.047 0.535 0.109 
245 OmyJC19ROGR    (0)    2 :  0.033 0.043 0.851 0.042 0.031 
246 OmyJC19ROGR    (0)    2 :  0.157 0.219 0.146 0.251 0.228 
247 OmyJC19ROGR    (0)    2 :  0.059 0.055 0.664 0.166 0.057 
248 OmyJC19ROGR    (0)    2 :  0.314 0.179 0.340 0.127 0.040 
249 OmyJC19ROGR    (0)    2 :  0.153 0.161 0.079 0.544 0.063 
250 OmyJC19ROGR    (0)    2 :  0.248 0.192 0.108 0.371 0.081 
251 OmyJC19ROGR    (0)    2 :  0.135 0.438 0.059 0.322 0.046 
252 OmyJC19ROGR    (0)    2 :  0.248 0.291 0.070 0.093 0.299 
253 OmyJC19ROGR    (0)    2 :  0.378 0.285 0.100 0.188 0.049 
254 OmyJC19ROGR    (0)    2 :  0.210 0.244 0.110 0.366 0.070 
255 OmyJC19ROGR    (0)    2 :  0.158 0.259 0.065 0.307 0.212 
256 OmyJC19ROGR    (0)    2 :  0.120 0.322 0.142 0.274 0.142 
257 OmyJC19ROGR    (0)    2 :  0.134 0.153 0.076 0.583 0.054 
258 OmyAC19ROGR    (0)    1 :  0.484 0.230 0.089 0.082 0.116 
259 OmyAC19ROGR    (0)    1 :  0.297 0.157 0.327 0.077 0.143 
260 OmyAC19ROGR    (0)    1 :  0.561 0.230 0.052 0.118 0.039 
261 OmyAC19ROGR    (0)    1 :  0.380 0.191 0.118 0.261 0.049 
262 OmyAC19ROGR    (0)    1 :  0.220 0.591 0.096 0.055 0.038 
263 OmyAC19ROGR    (0)    1 :  0.106 0.118 0.074 0.503 0.198 
264 OmyAC19ROGR    (0)    1 :  0.183 0.268 0.054 0.431 0.065 
265 OmyAC19ROGR    (0)    1 :  0.065 0.061 0.041 0.799 0.034 
266 OmyAC19ROGR    (0)    1 :  0.241 0.361 0.032 0.290 0.076 
267 OmyAC19ROGR    (0)    1 :  0.093 0.265 0.252 0.352 0.039 
268 OmyAC19ROGR    (0)    1 :  0.219 0.231 0.124 0.192 0.234 
269 OmyAC19ROGR    (1)    1 :  0.217 0.368 0.158 0.191 0.067 
270 OmyAC19ROGR    (0)    1 :  0.124 0.363 0.049 0.418 0.046 
271 OmyAC19ROGR    (0)    1 :  0.140 0.134 0.369 0.281 0.076 
272 OmyAC19ROGR    (0)    1 :  0.173 0.466 0.141 0.082 0.139 
273 OmyAC19ROGR    (0)    1 :  0.421 0.290 0.026 0.167 0.097 
274 OmyAC19ROGR    (0)    1 :  0.114 0.165 0.599 0.068 0.055 
275 OmyAC19ROGR    (0)    1 :  0.139 0.093 0.068 0.052 0.647 
276 OmyAC19ROGR    (0)    1 :  0.365 0.151 0.073 0.228 0.184 
277 OmyAC19ROGR    (0)    1 :  0.388 0.288 0.138 0.103 0.083 
278 OmyAC19ROGR    (0)    1 :  0.106 0.106 0.243 0.151 0.393 
279 OmyAC19ROGR    (0)    1 :  0.394 0.137 0.146 0.037 0.286 
280 OmyAC19ROGR    (0)    1 :  0.303 0.207 0.173 0.227 0.090 
281 OmyAC19ROGR    (0)    1 :  0.197 0.139 0.053 0.516 0.094 
282 OmyAC19ROGR    (0)    1 :  0.216 0.340 0.179 0.135 0.130 
283 OmyAC19ROGR    (0)    1 :  0.150 0.156 0.106 0.445 0.142 
284 OmyAC19ROGR    (0)    1 :  0.076 0.137 0.037 0.686 0.064 
285 OmyAC19ROGR    (0)    1 :  0.197 0.139 0.056 0.479 0.129 
286 OmyAC19ROGR    (0)    1 :  0.251 0.190 0.037 0.426 0.095 
287 OmyAC19ROGR    (0)    1 :  0.018 0.019 0.933 0.015 0.015 
288 OmyAC19ROGR    (0)    1 :  0.046 0.040 0.601 0.049 0.265 
289 OmyAC19ROGR    (0)    1 :  0.199 0.198 0.120 0.382 0.102 
290 OmyAC19ROGR    (1)    1 :  0.030 0.017 0.907 0.024 0.022 
291 OmyAC19ROGR    (0)    1 :  0.148 0.225 0.369 0.188 0.071 
292 OmyAC19ROGR    (0)    1 :  0.314 0.338 0.132 0.126 0.090 
293 OmyAC19ROGR    (0)    1 :  0.166 0.159 0.054 0.163 0.457 
294 OmyAC19ROGR    (0)    1 :  0.206 0.114 0.268 0.374 0.038 
295 OmyAC19ROGR    (0)    1 :  0.478 0.295 0.031 0.167 0.029 
296 OmyAC19ROGR    (0)    1 :  0.158 0.131 0.043 0.059 0.609 
297 OmyAC19ROGR    (0)    1 :  0.081 0.093 0.608 0.189 0.030 
298 OmyAC19ROGR    (0)    1 :  0.389 0.090 0.043 0.340 0.138 
299 OmyAC19ROGR    (0)    1 :  0.160 0.139 0.204 0.382 0.114 
300 OmyAC19ROGR    (0)    1 :  0.258 0.113 0.052 0.474 0.103 
301 OmyAC19ROGR    (0)    1 :  0.051 0.031 0.848 0.044 0.025 
302 OmyAC19ROGR    (0)    1 :  0.120 0.112 0.570 0.106 0.093 
303 OmyAC19ROGR    (0)    1 :  0.316 0.266 0.097 0.201 0.120 
304 OmyAC19ROGR    (0)    1 :  0.094 0.083 0.289 0.072 0.462 
305 OmyAC19ROGR    (0)    1 :  0.138 0.094 0.045 0.605 0.119 
306 OmyAC19ROGR    (0)    1 :  0.199 0.116 0.513 0.125 0.047 
307 OmyAC19ROGR    (1)    1 :  0.192 0.185 0.044 0.345 0.234 
308 OmyAC19ROGR    (0)    1 :  0.153 0.435 0.127 0.172 0.113 
309 OmyAC19ROGR    (0)    1 :  0.087 0.057 0.753 0.072 0.030 
310 OmyAC19ROGR    (0)    1 :  0.173 0.278 0.284 0.202 0.063 
311 OmyAC19ROGR    (0)    1 :  0.157 0.158 0.575 0.047 0.063 
312 OmyAC19ROGR    (0)    1 :  0.193 0.179 0.050 0.486 0.092 
313 OmyAC19ROGR    (0)    1 :  0.201 0.220 0.063 0.332 0.184 
314 OmyAC19ROGR    (0)    1 :  0.173 0.203 0.142 0.235 0.248 
315 OmyAC19ROGR    (0)    1 :  0.214 0.345 0.124 0.264 0.053 
316 OmyAC19ROGR    (0)    1 :  0.168 0.197 0.036 0.565 0.034 
317 OmyAC19ROGR    (0)    1 :  0.132 0.110 0.038 0.074 0.646 
318 OmyAC19ROGR    (0)    1 :  0.180 0.377 0.024 0.179 0.240 
319 OmyAC19ROGR    (0)    1 :  0.216 0.188 0.024 0.424 0.148 
320 OmyAC19ROGR    (0)    1 :  0.081 0.066 0.020 0.663 0.170 
321 OmyAC19ROGR    (0)    1 :  0.320 0.298 0.026 0.248 0.108 
322 OmyAC19ROGR    (0)    1 :  0.395 0.235 0.289 0.045 0.036 
323 OmyAC19ROGR    (0)    1 :  0.528 0.259 0.052 0.079 0.081 
324 OmyAC19ROGR    (0)    1 :  0.183 0.277 0.031 0.458 0.051 
325 OmyAC19ROGR    (0)    1 :  0.188 0.328 0.223 0.195 0.066 
326 OmyAC19ROGR    (0)    1 :  0.188 0.244 0.046 0.447 0.075 
327 OmyAC19ROGR    (0)    1 :  0.166 0.135 0.039 0.605 0.054 
328 OmyAC20ROGR    (0)    1 :  0.136 0.236 0.039 0.288 0.302 
329 OmyAC20ROGR    (0)    1 :  0.182 0.147 0.132 0.340 0.199 
330 OmyAC20ROGR    (0)    1 :  0.256 0.274 0.152 0.128 0.189 
331 OmyAC20ROGR    (0)    1 :  0.098 0.090 0.564 0.153 0.095 
332 OmyAC20ROGR    (0)    1 :  0.150 0.259 0.230 0.263 0.097 
333 OmyAC20ROGR    (0)    1 :  0.096 0.103 0.226 0.531 0.044 
334 OmyAC20ROGR    (0)    1 :  0.178 0.201 0.073 0.484 0.065 
335 OmyAC20ROGR    (0)    1 :  0.278 0.398 0.033 0.195 0.095 
336 OmyAC20ROGR    (0)    1 :  0.180 0.364 0.143 0.218 0.095 
337 OmyAC20ROGR    (0)    1 :  0.136 0.139 0.494 0.119 0.112 
338 OmyAC20ROGR    (0)    1 :  0.192 0.392 0.078 0.279 0.059 
339 OmyAC20ROGR    (0)    1 :  0.402 0.153 0.087 0.202 0.156 
340 OmyAC20ROGR    (0)    1 :  0.202 0.300 0.066 0.294 0.138 
341 OmyAC20ROGR    (0)    1 :  0.133 0.174 0.060 0.109 0.523 
342 OmyAC20ROGR    (0)    1 :  0.275 0.134 0.156 0.258 0.178 
343 OmyAC20ROGR    (0)    1 :  0.085 0.138 0.049 0.138 0.590 
344 OmyAC20ROGR    (0)    1 :  0.155 0.170 0.274 0.217 0.184 
345 OmyAC20ROGR    (1)    1 :  0.258 0.301 0.129 0.283 0.029 
346 OmyAC20ROGR    (0)    1 :  0.109 0.119 0.219 0.517 0.036 
347 OmyAC20ROGR    (0)    1 :  0.179 0.242 0.307 0.096 0.177 
348 OmyAC20ROGR    (0)    1 :  0.092 0.121 0.134 0.259 0.395 
349 OmyAC20ROGR    (0)    1 :  0.126 0.176 0.037 0.355 0.305 
350 OmyAC20ROGR    (0)    1 :  0.099 0.070 0.061 0.079 0.691 
351 OmyAC20ROGR    (0)    1 :  0.237 0.283 0.070 0.332 0.078 
352 OmyAC20ROGR    (0)    1 :  0.453 0.229 0.043 0.173 0.102 
353 OmyAC20ROGR    (0)    1 :  0.141 0.440 0.082 0.264 0.073 
354 OmyAC20ROGR    (0)    1 :  0.193 0.127 0.313 0.084 0.284 
355 OmyAC20ROGR    (0)    1 :  0.067 0.052 0.106 0.112 0.663 
356 OmyAC20ROGR    (0)    1 :  0.191 0.198 0.229 0.308 0.075 
357 OmyAC20ROGR    (0)    1 :  0.229 0.332 0.056 0.199 0.184 
358 OmyAC20ROGR    (0)    1 :  0.406 0.241 0.042 0.169 0.143 
359 OmyAC20ROGR    (0)    1 :  0.300 0.112 0.362 0.054 0.172 
360 OmyAC20ROGR    (0)    1 :  0.355 0.235 0.138 0.188 0.084 
361 OmyAC20ROGR    (0)    1 :  0.396 0.145 0.028 0.099 0.333 
362 OmyAC20ROGR    (0)    1 :  0.419 0.204 0.100 0.189 0.088 
363 OmyAC20ROGR    (0)    1 :  0.076 0.104 0.365 0.116 0.340 
364 OmyAC20ROGR    (1)    1 :  0.236 0.151 0.060 0.332 0.220 
365 OmyAC20ROGR    (0)    1 :  0.183 0.315 0.030 0.384 0.087 
366 OmyAC20ROGR    (0)    1 :  0.164 0.295 0.025 0.472 0.043 
367 OmyAC20ROGR    (0)    1 :  0.437 0.355 0.061 0.099 0.048 
368 OmyAC20ROGR    (0)    1 :  0.276 0.427 0.042 0.087 0.166 
369 OmyAC20ROGR    (0)    1 :  0.223 0.128 0.272 0.093 0.284 
370 OmyAC20ROGR    (0)    1 :  0.156 0.102 0.652 0.045 0.045 
371 OmyAC20ROGR    (0)    1 :  0.058 0.058 0.792 0.046 0.045 
372 OmyAC20ROGR    (2)    1 :  0.033 0.039 0.857 0.043 0.027 
373 OmyAC20ROGR    (0)    1 :  0.077 0.073 0.647 0.055 0.147 
374 OmyAC20ROGR    (0)    1 :  0.326 0.368 0.024 0.175 0.107 
375 OmyAC20ROGR    (0)    1 :  0.246 0.191 0.114 0.363 0.086 
376 OmyAC20ROGR    (0)    1 :  0.189 0.218 0.198 0.193 0.202 
377 OmyAC20ROGR    (0)    1 :  0.181 0.181 0.026 0.511 0.101 
378 OmyAC20ROGR    (0)    1 :  0.242 0.213 0.027 0.319 0.200 
379 OmyAC20ROGR    (0)    1 :  0.109 0.166 0.463 0.140 0.122 
380 OmyAC20ROGR    (0)    1 :  0.181 0.397 0.031 0.357 0.035 
381 OmyAC20ROGR    (0)    1 :  0.318 0.318 0.113 0.160 0.091 
382 OmyAC20ROGR    (0)    1 :  0.043 0.045 0.827 0.040 0.044 
383 OmyAC20ROGR    (0)    1 :  0.179 0.189 0.115 0.479 0.037 
384 OmyAC20ROGR    (0)    1 :  0.145 0.162 0.404 0.173 0.115 
385 OmyAC20ROGR    (0)    1 :  0.305 0.236 0.195 0.121 0.144 
386 OmyAC20ROGR    (0)    1 :  0.130 0.423 0.241 0.147 0.060 
387 OmyAC20ROGR    (0)    1 :  0.094 0.223 0.463 0.171 0.048 
388 OmyAC20ROGR    (0)    1 :  0.120 0.136 0.487 0.149 0.108 
389 OmyAC20ROGR    (0)    1 :  0.106 0.172 0.044 0.613 0.064 
390 OmyAC20ROGR    (0)    1 :  0.110 0.070 0.016 0.052 0.752 
391 OmyAC20ROGR    (0)    1 :  0.072 0.072 0.572 0.080 0.204 
392 OmyAC20ROGR    (0)    1 :  0.228 0.150 0.378 0.103 0.140 
393 OmyAC20ROGR    (0)    1 :  0.189 0.154 0.103 0.280 0.274 
394 OmyAC20ROGR    (0)    1 :  0.375 0.265 0.144 0.069 0.146 
395 OmyAC20ROGR    (0)    1 :  0.275 0.226 0.100 0.132 0.267 
396 OmyAC20ROGR    (0)    1 :  0.333 0.259 0.078 0.136 0.193 
397 OmyAC20ROGR    (0)    1 :  0.232 0.245 0.210 0.263 0.050 
398 OmyAC20ROGR    (0)    1 :  0.092 0.098 0.611 0.159 0.040 
399 OmyAC20ROGR    (0)    1 :  0.292 0.439 0.165 0.073 0.032 
400 OmyAC20ROGR    (0)    1 :  0.283 0.231 0.115 0.331 0.040 
401 OmyAC20ROGR    (0)    1 :  0.100 0.046 0.718 0.041 0.095 
402 OmyAC20ROGR    (0)    1 :  0.170 0.131 0.017 0.304 0.378 
403 OmyAC20ROGR    (0)    1 :  0.175 0.546 0.086 0.070 0.122 
404 OmyAC20ROGR    (0)    1 :  0.106 0.102 0.019 0.697 0.075 
405 OmyAC20ROGR    (0)    1 :  0.218 0.123 0.418 0.069 0.172 
406 OmyAC20ROGR    (0)    1 :  0.334 0.207 0.051 0.147 0.262 
407 OmyAC20ROGR    (0)    1 :  0.256 0.542 0.043 0.116 0.043 
408 OmyAC20ROGR    (0)    1 :  0.052 0.067 0.107 0.073 0.701 
409 OmyAC20ROGR    (0)    1 :  0.138 0.153 0.038 0.610 0.062 
410 OmyAC20ROGR    (0)    1 :  0.057 0.056 0.816 0.049 0.023 
411 OmyAC20ROGR    (0)    1 :  0.093 0.099 0.661 0.089 0.058 
412 OmyAC20ROGR    (0)    1 :  0.107 0.150 0.264 0.342 0.137 
413 OmyAC20ROGR    (0)    1 :  0.233 0.193 0.100 0.416 0.058 
414 OmyAC20ROGR    (0)    1 :  0.253 0.196 0.354 0.096 0.102 
415 OmyAC20ROGR    (0)    1 :  0.438 0.227 0.043 0.186 0.106 
416 OmyAC20ROGR    (0)    1 :  0.123 0.224 0.049 0.539 0.064 
417 OmyAC20ROGR    (0)    1 :  0.141 0.123 0.026 0.636 0.073 
418 OmyAC20ROGR    (0)    1 :  0.186 0.325 0.175 0.234 0.081 
419 OmyAC20ROGR    (0)    1 :  0.179 0.119 0.472 0.080 0.149 
420 OmyAC20ROGR    (0)    1 :  0.205 0.118 0.047 0.043 0.586 
421 OmyAC20ROGR    (0)    1 :  0.375 0.137 0.096 0.347 0.045 
422 OmyAC20ROGR    (0)    1 :  0.043 0.040 0.851 0.043 0.023 
423 OmyAC20ROGR    (0)    1 :  0.281 0.388 0.044 0.241 0.047 
424 OmyAC20ROGR    (0)    1 :  0.251 0.232 0.030 0.061 0.427 
425 OmyAC20ROGR    (0)    1 :  0.030 0.041 0.860 0.037 0.032 
426 OmyAC20ROGR    (0)    1 :  0.108 0.093 0.055 0.707 0.037 
427 OmyAC20ROGR    (0)    1 :  0.250 0.387 0.065 0.238 0.061 
428 OmyAC20ROGR    (0)    1 :  0.038 0.053 0.820 0.053 0.035 
429 OmyAC20ROGR    (0)    1 :  0.102 0.117 0.027 0.331 0.423 
430 OmyAC20ROGR    (0)    1 :  0.441 0.202 0.080 0.169 0.108 
431 OmyAC20ROGR    (0)    1 :  0.098 0.215 0.556 0.082 0.048 
432 OmyAC20ROGR    (0)    1 :  0.028 0.039 0.881 0.028 0.024 
433 OmyAC20ROGR    (0)    1 :  0.056 0.045 0.713 0.039 0.147 
434 OmyAC20ROGR    (0)    1 :  0.166 0.278 0.346 0.149 0.062 
435 OmyAC20ROGR    (0)    1 :  0.139 0.617 0.036 0.159 0.049 
436 OmyAC20ROGR    (0)    1 :  0.291 0.361 0.070 0.243 0.035 
437 OmyAC20ROGR    (0)    1 :  0.064 0.055 0.691 0.092 0.098 
438 OmyAC20ROGR    (0)    1 :  0.363 0.176 0.314 0.072 0.075 
439 OmyAC20ROGR    (0)    1 :  0.460 0.334 0.073 0.101 0.032 
440 OmyAC20ROGR    (0)    1 :  0.104 0.068 0.613 0.170 0.045 
441 OmyAC20ROGR    (0)    1 :  0.447 0.171 0.038 0.075 0.269 
442 OmyAC20ROGR    (0)    1 :  0.454 0.254 0.093 0.095 0.104 
443 OmyAC20ROGR    (0)    1 :  0.530 0.284 0.035 0.093 0.058 
444 OmyAC20ROGR    (0)    1 :  0.093 0.169 0.223 0.470 0.046 
445 OmyAC20ROGR    (0)    1 :  0.338 0.280 0.141 0.063 0.179 
446 OmyJC18ROGR    (0)    2 :  0.152 0.126 0.288 0.223 0.211 
447 OmyJC18ROGR    (0)    2 :  0.159 0.314 0.106 0.232 0.189 
448 OmyJC18ROGR    (0)    2 :  0.425 0.293 0.101 0.101 0.079 
449 OmyJC18ROGR    (0)    2 :  0.080 0.074 0.586 0.039 0.221 
450 OmyJC18ROGR    (0)    2 :  0.078 0.156 0.603 0.074 0.089 
451 OmyJC18ROGR    (0)    2 :  0.070 0.043 0.818 0.046 0.022 
452 OmyJC18ROGR    (0)    2 :  0.247 0.227 0.309 0.140 0.077 
453 OmyJC18ROGR    (0)    2 :  0.056 0.071 0.020 0.045 0.808 
454 OmyJC18ROGR    (0)    2 :  0.065 0.055 0.786 0.051 0.044 
455 OmyJC18ROGR    (0)    2 :  0.197 0.311 0.092 0.291 0.109 
456 OmyJC18ROGR    (0)    2 :  0.049 0.068 0.809 0.034 0.040 
457 OmyJC18ROGR    (0)    2 :  0.195 0.344 0.093 0.328 0.040 
458 OmyJC18ROGR    (0)    2 :  0.077 0.092 0.142 0.098 0.591 
459 OmyJC18ROGR    (1)    2 :  0.120 0.083 0.022 0.707 0.067 
460 OmyJC18ROGR    (2)    2 :  0.253 0.370 0.135 0.125 0.116 
461 OmyJC18ROGR    (2)    2 :  0.133 0.383 0.328 0.089 0.066 
462 OmyJC18ROGR    (3)    2 :  0.208 0.241 0.213 0.069 0.269 
463 OmyJC18ROGR    (0)    2 :  0.072 0.083 0.718 0.038 0.089 
464 OmyJC18ROGR    (4)    2 :  0.195 0.277 0.027 0.416 0.085 
465 OmyJC18ROGR    (3)    2 :  0.258 0.220 0.095 0.256 0.170 
466 OmyJC18ROGR    (0)    2 :  0.237 0.505 0.102 0.065 0.091 
467 OmyJC18ROGR    (0)    2 :  0.198 0.216 0.067 0.434 0.086 
468 OmyJC18ROGR    (0)    2 :  0.262 0.194 0.102 0.086 0.356 
469 OmyJC18ROGR    (0)    2 :  0.058 0.039 0.835 0.048 0.020 
470 OmyJC18ROGR    (5)    2 :  0.168 0.093 0.483 0.130 0.126 
471 OmyJC18ROGR    (1)    2 :  0.311 0.351 0.131 0.131 0.076 
472 OmyJC18ROGR    (2)    2 :  0.458 0.253 0.088 0.130 0.071 
473 OmyJC18ROGR    (3)    2 :  0.129 0.547 0.034 0.117 0.173 
474 OmyJC18ROGR    (0)    2 :  0.055 0.052 0.037 0.087 0.768 
475 OmyJC18ROGR    (2)    2 :  0.122 0.314 0.375 0.063 0.125 
476 OmyJC18ROGR    (1)    2 :  0.257 0.521 0.036 0.124 0.062 
477 OmyJC18ROGR    (4)    2 :  0.188 0.179 0.189 0.071 0.373 
478 OmyJC18ROGR    (0)    2 :  0.235 0.118 0.051 0.509 0.087 
479 OmyJC18ROGR    (0)    2 :  0.293 0.422 0.032 0.181 0.072 
480 OmyJC18ROGR    (1)    2 :  0.155 0.126 0.121 0.469 0.128 
481 OmyJC18ROGR    (3)    2 :  0.473 0.195 0.070 0.089 0.173 
482 OmyJC18ROGR    (3)    2 :  0.173 0.198 0.022 0.076 0.531 
483 OmyJC18ROGR    (4)    2 :  0.414 0.237 0.030 0.118 0.200 
484 OmyJC18ROGR    (4)    2 :  0.318 0.198 0.046 0.318 0.120 
485 OmyJC18ROGR    (3)    2 :  0.127 0.093 0.453 0.199 0.129 
486 OmyJC18ROGR    (3)    2 :  0.165 0.150 0.416 0.117 0.152 
487 OmyJC18ROGR    (1)    2 :  0.118 0.189 0.117 0.219 0.357 
488 OmyJC18ROGR    (5)    2 :  0.236 0.325 0.054 0.270 0.115 
489 OmyJC18ROGR    (0)    2 :  0.552 0.183 0.031 0.146 0.088 
490 OmyJC18ROGR    (3)    2 :  0.348 0.430 0.080 0.058 0.083 
491 OmyJC18ROGR    (7)    2 :  0.092 0.071 0.055 0.046 0.736 
492 OmyJC18ROGR    (6)    2 :  0.062 0.051 0.022 0.077 0.789 
493 OmyJC18ROGR    (3)    2 :  0.302 0.273 0.106 0.246 0.073 
494 OmyJC18ROGR    (3)    2 :  0.065 0.047 0.785 0.069 0.034 
495 OmyJC18ROGR    (5)    2 :  0.156 0.147 0.309 0.282 0.107 
496 OmyJC18ROGR    (0)    2 :  0.304 0.238 0.097 0.218 0.143 
497 OmyJC18ROGR    (5)    2 :  0.104 0.184 0.022 0.085 0.604 
498 OmyJC18ROGR    (6)    2 :  0.335 0.435 0.096 0.064 0.071 
499 OmyJC18ROGR    (0)    2 :  0.327 0.388 0.036 0.188 0.061 
500 OmyJC18ROGR    (1)    2 :  0.157 0.228 0.048 0.100 0.467 
501 OmyJC18ROGR    (4)    2 :  0.375 0.133 0.343 0.082 0.068 
502 OmyJC18ROGR    (2)    2 :  0.359 0.142 0.182 0.129 0.188 
503 OmyJC18ROGR    (5)    2 :  0.353 0.192 0.044 0.160 0.250 
504 OmyJC18ROGR    (2)    2 :  0.497 0.238 0.135 0.040 0.090 
505 OmyJC18ROGR    (0)    2 :  0.169 0.151 0.286 0.229 0.166 
506 OmyJC18ROGR    (8)    2 :  0.222 0.270 0.057 0.150 0.301 
507 OmyJC18ROGR    (0)    2 :  0.296 0.232 0.116 0.116 0.240 
508 OmyJC18ROGR    (0)    2 :  0.193 0.129 0.171 0.099 0.408 
509 OmyJC18ROGR    (1)    2 :  0.027 0.023 0.897 0.029 0.024 
510 OmyJC18ROGR    (1)    2 :  0.243 0.461 0.084 0.128 0.084 
511 OmyJC18ROGR    (5)    2 :  0.185 0.185 0.167 0.288 0.176 
512 OmyJC18ROGR    (2)    2 :  0.066 0.057 0.762 0.043 0.072 
513 OmyJC18ROGR    (9)    2 :  0.141 0.130 0.273 0.229 0.227 
514 OmyJC18ROGR    (4)    2 :  0.106 0.142 0.420 0.139 0.193 
515 OmyJC18ROGR    (1)    2 :  0.106 0.143 0.091 0.280 0.381 
516 OmyJC18ROGR    (3)    2 :  0.197 0.374 0.123 0.184 0.122 
517 OmyJC18ROGR    (3)    2 :  0.131 0.198 0.497 0.072 0.102 
518 OmyJC18ROGR    (0)    2 :  0.283 0.208 0.052 0.067 0.389 
519 OmyJC18ROGR    (9)    2 :  0.161 0.246 0.055 0.344 0.194 
520 OmyJC18ROGR    (6)    2 :  0.530 0.282 0.075 0.046 0.066 
521 OmyJC18ROGR    (2)    2 :  0.215 0.356 0.101 0.124 0.203 
522 OmyJC18ROGR    (1)    2 :  0.469 0.202 0.090 0.178 0.062 
523 OmyJC18ROGR    (4)    2 :  0.271 0.229 0.062 0.303 0.135 
524 OmyJC18ROGR    (0)    2 :  0.342 0.177 0.065 0.378 0.038 
525 OmyJC18ROGR    (2)    2 :  0.161 0.125 0.059 0.316 0.339 
526 OmyJC18ROGR    (3)    2 :  0.139 0.151 0.073 0.171 0.466 
527 OmyJC18ROGR    (0)    2 :  0.247 0.463 0.041 0.149 0.100 
528 OmyJC18ROGR    (0)    2 :  0.194 0.193 0.041 0.341 0.231 
529 OmyJC18ROGR    (1)    2 :  0.295 0.346 0.040 0.266 0.053 
530 OmyJC18ROGR    (0)    2 :  0.207 0.220 0.041 0.177 0.356 
531 OmyJC18ROGR    (0)    2 :  0.197 0.419 0.175 0.171 0.038 
532 OmyJC18ROGR    (2)    2 :  0.299 0.105 0.025 0.425 0.145 
533 OmyJC18ROGR    (2)    2 :  0.228 0.431 0.018 0.269 0.054 
534 OmyJC18ROGR    (2)    2 :  0.434 0.175 0.061 0.218 0.111 
535 OmyJC18ROGR    (0)    2 :  0.247 0.522 0.045 0.101 0.086 
536 OmyJC18ROGR    (0)    2 :  0.180 0.344 0.034 0.315 0.127 
537 OmyJC18ROGR    (0)    2 :  0.178 0.480 0.018 0.189 0.136 
538 OmyJC18ROGR    (0)    2 :  0.166 0.529 0.060 0.160 0.085 
539 OmyJC18ROGR    (0)    2 :  0.327 0.174 0.054 0.320 0.125 
540 OmyJC18ROGR    (8)    2 :  0.166 0.135 0.061 0.061 0.577 
541 OmyJC18ROGR    (1)    2 :  0.131 0.168 0.095 0.501 0.104 
542 OmyJC18ROGR    (1)    2 :  0.152 0.119 0.262 0.184 0.283 
543 OmyJC18ROGR    (0)    2 :  0.186 0.271 0.085 0.118 0.340 
544 OmyJC18ROGR    (2)    2 :  0.145 0.257 0.049 0.398 0.151 
545 OmyJC18ROGR    (1)    2 :  0.274 0.136 0.470 0.066 0.054 
546 OmyJC18ROGR    (9)    2 :  0.178 0.500 0.021 0.149 0.152 
547 OmyJC18ROGR    (0)    2 :  0.331 0.178 0.112 0.337 0.041 
548 OmyJC18ROGR    (0)    2 :  0.204 0.232 0.225 0.109 0.230 
549 OmyJC18ROGR    (0)    2 :  0.165 0.329 0.098 0.194 0.213 
550 OmyJC18ROGR    (1)    2 :  0.065 0.094 0.529 0.263 0.048 
551 OmyJC18ROGR    (1)    2 :  0.156 0.190 0.056 0.337 0.260 
552 OmyJC18ROGR    (2)    2 :  0.179 0.342 0.095 0.335 0.049 
553 OmyJC18ROGR   (10)    2 :  0.193 0.230 0.055 0.284 0.238 
554 OmyJC18ROGR    (2)    2 :  0.181 0.400 0.042 0.156 0.221 
555 OmyJC18ROGR    (4)    2 :  0.277 0.163 0.042 0.176 0.343 
556 OmyJC18ROGR    (0)    2 :  0.106 0.386 0.082 0.178 0.248 
557 OmyJC18ROGR    (2)    2 :  0.417 0.265 0.161 0.071 0.085 
558 OmyJC18ROGR    (0)    2 :  0.203 0.254 0.258 0.235 0.049 
559 OmyJC18ROGR    (0)    2 :  0.156 0.108 0.059 0.078 0.599 
560 OmyJC18ROGR    (8)    2 :  0.189 0.214 0.118 0.134 0.345 
561 OmyJC18ROGR    (0)    2 :  0.158 0.119 0.026 0.645 0.052 
562 OmyJC18ROGR    (8)    2 :  0.169 0.269 0.121 0.200 0.241 
563 OmyJC18ROGR    (2)    2 :  0.287 0.400 0.060 0.113 0.140 
564 OmyJC18ROGR    (4)    2 :  0.108 0.132 0.080 0.579 0.102 
565 OmyJC18ROGR    (3)    2 :  0.150 0.099 0.132 0.427 0.192 
566 OmyJC18ROGR    (1)    2 :  0.442 0.196 0.155 0.096 0.111 
567 OmyJC18ROGR    (0)    2 :  0.466 0.133 0.050 0.076 0.275 
568 OmyJC18ROGR    (5)    2 :  0.094 0.341 0.128 0.270 0.166 
569 OmyJC18ROGR    (2)    2 :  0.210 0.095 0.032 0.087 0.575 
570 OmyJC18ROGR    (0)    2 :  0.327 0.359 0.062 0.166 0.085 
571 OmyJC18ROGR    (2)    2 :  0.257 0.486 0.061 0.139 0.057 
572 OmyJC18ROGR    (6)    2 :  0.235 0.266 0.058 0.194 0.247 
573 OmyJC18ROGR    (5)    2 :  0.203 0.122 0.421 0.160 0.094 
574 OmyJC18ROGR    (8)    2 :  0.313 0.295 0.160 0.146 0.085 
575 OmyJC18ROGR    (3)    2 :  0.247 0.386 0.034 0.194 0.139 
576 OmyJC18ROGR    (0)    2 :  0.097 0.139 0.115 0.133 0.516 
577 OmyJC18ROGR    (0)    2 :  0.034 0.030 0.865 0.048 0.023 
578 OmyJC18ROGR    (1)    2 :  0.230 0.513 0.038 0.100 0.118 
579 OmyJC18ROGR    (0)    2 :  0.232 0.094 0.549 0.095 0.030 
580 OmyJC18ROGR    (0)    2 :  0.175 0.447 0.028 0.133 0.217 
581 OmyJC18ROGR    (6)    2 :  0.237 0.132 0.061 0.101 0.469 
582 OmyJC18ROGR    (7)    2 :  0.160 0.141 0.032 0.543 0.124 
583 OmyJC18ROGR    (3)    2 :  0.128 0.237 0.048 0.480 0.107 
584 OmyJC18ROGR    (5)    2 :  0.219 0.315 0.055 0.225 0.186 
585 OmyJC18ROGR    (1)    2 :  0.328 0.420 0.098 0.098 0.056 
586 OmyJC18ROGR    (2)    2 :  0.341 0.417 0.024 0.100 0.117 
587 OmyJC18ROGR    (0)    2 :  0.023 0.019 0.922 0.022 0.014 
588 OmyJC18ROGR    (0)    2 :  0.375 0.205 0.201 0.081 0.139 
589 OmyJC18ROGR    (1)    2 :  0.188 0.096 0.080 0.424 0.213 
590 OmyJC18ROGR    (2)    2 :  0.429 0.323 0.014 0.174 0.059 
591 OmyJC18ROGR    (0)    2 :  0.178 0.336 0.052 0.265 0.169 
592 OmyJC18ROGR    (4)    2 :  0.413 0.301 0.048 0.100 0.137 
593 OmyJC18ROGR    (0)    2 :  0.215 0.384 0.134 0.146 0.121 
594 OmyJC18ROGR    (1)    2 :  0.269 0.527 0.039 0.104 0.061 
595 OmyJC18ROGR    (0)    2 :  0.145 0.119 0.199 0.137 0.399 
596 OmyJC18ROGR    (0)    2 :  0.225 0.284 0.092 0.200 0.199 
597 OmyJC18ROGR    (0)    2 :  0.169 0.225 0.137 0.103 0.367 
598 OmyJC18ROGR    (0)    2 :  0.329 0.263 0.053 0.210 0.145 
599 OmyJC18ROGR    (0)    2 :  0.098 0.120 0.124 0.596 0.061 
600 OmyJC18ROGR    (0)    2 :  0.165 0.560 0.061 0.128 0.085 
601 OmyJC18ROGR    (0)    2 :  0.128 0.144 0.026 0.198 0.505 
602 OmyJC18ROGR    (0)    2 :  0.125 0.087 0.201 0.414 0.173 
603 OmyJC18ROGR    (0)    2 :  0.478 0.229 0.037 0.175 0.081 
604 OmyJC18ROGR    (0)    2 :  0.077 0.078 0.038 0.736 0.070 
605 OmyJC18ROGR    (0)    2 :  0.168 0.352 0.039 0.196 0.245 
606 OmyJC18ROGR    (0)    2 :  0.326 0.326 0.096 0.108 0.144 
607 OmyJC18ROGR    (0)    2 :  0.150 0.130 0.036 0.642 0.042 
608 OmyJC18ROGR    (0)    2 :  0.236 0.170 0.034 0.494 0.065 
