

----------------------------------------------------
STRUCTURE by Pritchard, Stephens and Donnelly (2000)
     and Falush, Stephens and Pritchard (2003)
       Code by Pritchard, Falush and Hubisz
             Version 2.3.4 (Jul 2012)
----------------------------------------------------



Command line arguments:   bin/structure -m "/Users/ddayan/FRA/half_pounder_2023/structure/halfpounder_p3/10k_20k_adm_corr_3/mainparams" -e "/Users/ddayan/FRA/half_pounder_2023/structure/halfpounder_p3/10k_20k_adm_corr_3/extraparams" 
Input File:    /Users/ddayan/FRA/half_pounder_2023/structure/halfpounder_p3/project_data

Run parameters:
   1000 individuals
   233 loci
   4 populations assumed
   10000 Burn-in period
   20000 Reps


--------------------------------------------
Proportion of membership of each pre-defined
 population in each of the 4 clusters

Given    Inferred Clusters              Number of
 Pop       1      2      3      4      Individuals

  1:     0.274  0.214  0.251  0.261      275
  2:     0.247  0.258  0.237  0.258      643
  3:     0.281  0.420  0.093  0.207       42
  4:     0.290  0.308  0.092  0.310       40
--------------------------------------------

Allele-freq. divergence among pops (Net nucleotide distance),
computed using point estimates of P.

      1       2       3       4      
 1      -    0.0044  0.0107  0.0011  
 2   0.0044     -    0.0129  0.0033  
 3   0.0107  0.0129     -    0.0091  
 4   0.0011  0.0033  0.0091     -    

Average distances (expected heterozygosity) between individuals in same cluster:
cluster  1  : 0.3108 
cluster  2  : 0.3065 
cluster  3  : 0.2826 
cluster  4  : 0.3159 

--------------------------------------------
Estimated Ln Prob of Data   = -216587.1
Mean value of ln likelihood = -214994.2
Variance of ln likelihood   = 3185.7
Mean value of alpha         = 0.3700

Mean value of Fst_1         = 0.0188
Mean value of Fst_2         = 0.0285
Mean value of Fst_3         = 0.0767
Mean value of Fst_4         = 0.0051


Inferred ancestry of individuals:
        Label (%Miss) Pop:  Inferred clusters
  1 OmyAC19ROGR    (0)    1 :  0.288 0.192 0.053 0.468 
  2 OmyAC19ROGR    (0)    1 :  0.403 0.075 0.153 0.368 
  3 OmyAC19ROGR    (0)    1 :  0.273 0.337 0.102 0.287 
  4 OmyAC19ROGR    (0)    1 :  0.778 0.069 0.037 0.116 
  5 OmyAC19ROGR    (1)    1 :  0.030 0.036 0.874 0.060 
  6 OmyAC19ROGR    (0)    1 :  0.149 0.356 0.385 0.110 
  7 OmyAC19ROGR    (0)    1 :  0.115 0.381 0.322 0.182 
  8 OmyAC19ROGR    (0)    1 :  0.113 0.648 0.040 0.198 
  9 OmyAC19ROGR    (0)    1 :  0.179 0.165 0.474 0.183 
 10 OmyAC19ROGR    (0)    1 :  0.192 0.080 0.395 0.333 
 11 OmyAC19ROGR    (0)    1 :  0.179 0.602 0.092 0.127 
 12 OmyAC19ROGR    (0)    1 :  0.204 0.142 0.277 0.377 
 13 OmyAC19ROGR    (0)    1 :  0.156 0.477 0.059 0.308 
 14 OmyAC19ROGR    (0)    1 :  0.141 0.342 0.258 0.259 
 15 OmyAC19ROGR    (0)    1 :  0.146 0.117 0.477 0.260 
 16 OmyAC19ROGR    (0)    1 :  0.270 0.380 0.116 0.235 
 17 OmyAC19ROGR    (0)    1 :  0.431 0.045 0.175 0.348 
 18 OmyAC19ROGR    (3)    1 :  0.283 0.239 0.029 0.449 
 19 OmyAC19ROGR    (0)    1 :  0.082 0.737 0.076 0.105 
 20 OmyAC19ROGR    (0)    1 :  0.301 0.065 0.362 0.272 
 21 OmyAC19ROGR    (0)    1 :  0.322 0.083 0.373 0.221 
 22 OmyAC19ROGR    (0)    1 :  0.130 0.601 0.105 0.164 
 23 OmyAC19ROGR    (0)    1 :  0.143 0.235 0.393 0.229 
 24 OmyAC19ROGR    (1)    1 :  0.483 0.216 0.060 0.242 
 25 OmyAC19ROGR    (0)    1 :  0.082 0.253 0.485 0.180 
 26 OmyAC19ROGR    (0)    1 :  0.148 0.351 0.158 0.343 
 27 OmyAC19ROGR    (2)    1 :  0.125 0.425 0.083 0.367 
 28 OmyAC19ROGR    (0)    1 :  0.557 0.134 0.092 0.217 
 29 OmyAC19ROGR    (0)    1 :  0.382 0.112 0.112 0.394 
 30 OmyAC19ROGR    (0)    1 :  0.103 0.147 0.463 0.287 
 31 OmyAC19ROGR    (0)    1 :  0.338 0.355 0.099 0.208 
 32 OmyAC19ROGR    (0)    1 :  0.390 0.122 0.203 0.284 
 33 OmyAC19ROGR    (0)    1 :  0.580 0.143 0.130 0.146 
 34 OmyAC19ROGR    (0)    1 :  0.189 0.125 0.516 0.171 
 35 OmyAC19ROGR    (0)    1 :  0.526 0.122 0.108 0.244 
 36 OmyAC19ROGR    (0)    1 :  0.098 0.629 0.080 0.193 
 37 OmyAC19ROGR    (0)    1 :  0.086 0.523 0.278 0.114 
 38 OmyAC19ROGR    (0)    1 :  0.075 0.167 0.621 0.137 
 39 OmyAC19ROGR    (0)    1 :  0.232 0.080 0.099 0.589 
 40 OmyAC19ROGR    (0)    1 :  0.221 0.105 0.446 0.228 
 41 OmyAC19ROGR    (0)    1 :  0.371 0.137 0.092 0.400 
 42 OmyAC19ROGR    (0)    1 :  0.085 0.073 0.751 0.090 
 43 OmyAC19ROGR    (0)    1 :  0.221 0.081 0.081 0.617 
 44 OmyAC19ROGR    (8)    1 :  0.521 0.201 0.075 0.203 
 45 OmyAC19ROGR    (2)    1 :  0.178 0.239 0.447 0.135 
 46 OmyAC19ROGR    (0)    1 :  0.411 0.282 0.129 0.178 
 47 OmyAC19ROGR    (0)    1 :  0.161 0.610 0.068 0.162 
 48 OmyAC19ROGR    (0)    1 :  0.181 0.163 0.055 0.602 
 49 OmyAC19ROGR    (0)    1 :  0.285 0.322 0.078 0.315 
 50 OmyAC19ROGR    (0)    1 :  0.384 0.068 0.052 0.496 
 51 OmyAC19ROGR    (2)    1 :  0.096 0.071 0.751 0.081 
 52 OmyAC19ROGR    (0)    1 :  0.065 0.052 0.803 0.080 
 53 OmyAC19ROGR    (1)    1 :  0.204 0.493 0.056 0.246 
 54 OmyAC19ROGR    (0)    1 :  0.399 0.127 0.126 0.348 
 55 OmyAC19ROGR    (4)    1 :  0.184 0.359 0.103 0.354 
 56 OmyAC19ROGR    (0)    1 :  0.182 0.400 0.255 0.163 
 57 OmyAC19ROGR    (0)    1 :  0.063 0.844 0.038 0.055 
 58 OmyAC19ROGR    (0)    1 :  0.050 0.308 0.565 0.077 
 59 OmyAC19ROGR    (0)    1 :  0.156 0.584 0.063 0.197 
 60 OmyAC19ROGR    (0)    1 :  0.120 0.588 0.168 0.124 
 61 OmyAC19ROGR    (0)    1 :  0.196 0.112 0.109 0.583 
 62 OmyAC19ROGR    (0)    1 :  0.143 0.333 0.108 0.416 
 63 OmyAC19ROGR    (0)    1 :  0.276 0.271 0.255 0.198 
 64 OmyAC19ROGR    (2)    1 :  0.577 0.089 0.112 0.221 
 65 OmyAC19ROGR    (0)    1 :  0.267 0.297 0.066 0.371 
 66 OmyAC19ROGR    (5)    1 :  0.141 0.265 0.335 0.260 
 67 OmyAC19ROGR    (0)    1 :  0.164 0.656 0.067 0.112 
 68 OmyAC19ROGR    (1)    1 :  0.226 0.215 0.223 0.335 
 69 OmyAC19ROGR    (3)    1 :  0.206 0.368 0.209 0.217 
 70 OmyAC19ROGR    (0)    1 :  0.429 0.099 0.060 0.413 
 71 OmyAC19ROGR    (0)    1 :  0.229 0.422 0.103 0.246 
 72 OmyAC19ROGR    (5)    1 :  0.305 0.297 0.071 0.326 
 73 OmyAC19ROGR    (0)    1 :  0.253 0.119 0.220 0.408 
 74 OmyAC19ROGR    (0)    1 :  0.411 0.107 0.114 0.368 
 75 OmyAC19ROGR    (0)    1 :  0.548 0.125 0.152 0.174 
 76 OmyAC19ROGR    (0)    1 :  0.409 0.167 0.090 0.333 
 77 OmyAC19ROGR    (1)    1 :  0.029 0.025 0.913 0.032 
 78 OmyAC19ROGR    (0)    1 :  0.323 0.072 0.055 0.550 
 79 OmyAC19ROGR    (3)    1 :  0.365 0.133 0.110 0.393 
 80 OmyAC19ROGR    (0)    1 :  0.079 0.075 0.764 0.083 
 81 OmyAC19ROGR    (3)    1 :  0.171 0.163 0.358 0.308 
 82 OmyAC19ROGR    (1)    1 :  0.139 0.742 0.028 0.091 
 83 OmyAC19ROGR    (0)    1 :  0.489 0.197 0.062 0.252 
 84 OmyAC19ROGR    (0)    1 :  0.240 0.385 0.121 0.254 
 85 OmyAC19ROGR    (7)    1 :  0.393 0.167 0.084 0.356 
 86 OmyAC19ROGR    (0)    1 :  0.302 0.148 0.131 0.419 
 87 OmyAC19ROGR    (0)    1 :  0.661 0.143 0.066 0.131 
 88 OmyJC19ROGR    (0)    2 :  0.049 0.045 0.817 0.089 
 89 OmyJC19ROGR    (0)    2 :  0.093 0.339 0.087 0.481 
 90 OmyJC19ROGR    (0)    2 :  0.064 0.033 0.856 0.048 
 91 OmyJC19ROGR    (0)    2 :  0.187 0.507 0.026 0.281 
 92 OmyJC19ROGR    (0)    2 :  0.435 0.119 0.088 0.358 
 93 OmyJC19ROGR    (0)    2 :  0.502 0.163 0.080 0.255 
 94 OmyJC19ROGR    (0)    2 :  0.390 0.077 0.159 0.374 
 95 OmyJC19ROGR    (0)    2 :  0.354 0.140 0.223 0.283 
 96 OmyJC19ROGR    (0)    2 :  0.228 0.189 0.259 0.323 
 97 OmyJC19ROGR    (0)    2 :  0.202 0.177 0.344 0.277 
 98 OmyJC19ROGR    (0)    2 :  0.385 0.345 0.086 0.184 
 99 OmyJC19ROGR    (0)    2 :  0.387 0.314 0.092 0.207 
100 OmyJC19ROGR    (0)    2 :  0.133 0.342 0.057 0.469 
101 OmyJC19ROGR    (1)    2 :  0.134 0.172 0.550 0.144 
102 OmyJC19ROGR    (0)    2 :  0.278 0.315 0.144 0.263 
103 OmyJC19ROGR    (0)    2 :  0.209 0.159 0.375 0.257 
104 OmyJC19ROGR    (0)    2 :  0.133 0.474 0.045 0.348 
105 OmyJC19ROGR    (0)    2 :  0.394 0.177 0.305 0.125 
106 OmyJC19ROGR    (0)    2 :  0.052 0.043 0.842 0.063 
107 OmyJC19ROGR    (0)    2 :  0.140 0.522 0.248 0.090 
108 OmyJC19ROGR    (0)    2 :  0.539 0.118 0.118 0.225 
109 OmyJC19ROGR    (0)    2 :  0.151 0.315 0.203 0.332 
110 OmyJC19ROGR    (0)    2 :  0.144 0.134 0.562 0.161 
111 OmyJC19ROGR    (0)    2 :  0.134 0.677 0.085 0.104 
112 OmyJC19ROGR    (2)    2 :  0.119 0.304 0.259 0.319 
113 OmyJC19ROGR    (0)    2 :  0.103 0.105 0.529 0.262 
114 OmyJC19ROGR    (5)    2 :  0.259 0.120 0.066 0.555 
115 OmyJC19ROGR    (0)    2 :  0.679 0.079 0.055 0.187 
116 OmyJC19ROGR    (0)    2 :  0.262 0.105 0.166 0.467 
117 OmyJC19ROGR    (0)    2 :  0.322 0.220 0.180 0.278 
118 OmyJC19ROGR    (0)    2 :  0.514 0.191 0.048 0.247 
119 OmyJC19ROGR    (2)    2 :  0.526 0.136 0.062 0.275 
120 OmyJC19ROGR    (0)    2 :  0.101 0.628 0.046 0.225 
121 OmyJC19ROGR    (0)    2 :  0.203 0.584 0.049 0.164 
122 OmyJC19ROGR    (0)    2 :  0.387 0.262 0.104 0.246 
123 OmyJC19ROGR    (1)    2 :  0.497 0.194 0.039 0.270 
124 OmyJC19ROGR    (0)    2 :  0.343 0.090 0.265 0.302 
125 OmyJC19ROGR    (0)    2 :  0.192 0.143 0.131 0.534 
126 OmyJC19ROGR    (0)    2 :  0.117 0.050 0.744 0.089 
127 OmyJC19ROGR    (0)    2 :  0.214 0.473 0.055 0.258 
128 OmyJC19ROGR    (1)    2 :  0.282 0.247 0.059 0.411 
129 OmyJC19ROGR    (0)    2 :  0.183 0.075 0.309 0.433 
130 OmyJC19ROGR    (2)    2 :  0.117 0.074 0.141 0.668 
131 OmyJC19ROGR    (0)    2 :  0.174 0.533 0.101 0.193 
132 OmyJC19ROGR    (0)    2 :  0.597 0.160 0.099 0.143 
133 OmyJC19ROGR    (0)    2 :  0.658 0.138 0.039 0.164 
134 OmyJC19ROGR    (0)    2 :  0.380 0.268 0.082 0.270 
135 OmyJC19ROGR    (0)    2 :  0.107 0.654 0.100 0.139 
136 OmyJC19ROGR    (4)    2 :  0.476 0.135 0.139 0.250 
137 OmyJC19ROGR    (0)    2 :  0.152 0.297 0.238 0.314 
138 OmyJC19ROGR    (0)    2 :  0.085 0.157 0.683 0.075 
139 OmyJC19ROGR    (3)    2 :  0.134 0.357 0.049 0.459 
140 OmyJC19ROGR    (1)    2 :  0.155 0.108 0.149 0.588 
141 OmyJC19ROGR    (0)    2 :  0.201 0.130 0.187 0.482 
142 OmyJC19ROGR    (0)    2 :  0.146 0.198 0.502 0.153 
143 OmyJC19ROGR    (0)    2 :  0.573 0.108 0.172 0.147 
144 OmyJC19ROGR    (0)    2 :  0.142 0.568 0.042 0.248 
145 OmyJC19ROGR    (0)    2 :  0.215 0.247 0.059 0.479 
146 OmyJC19ROGR    (1)    2 :  0.214 0.350 0.135 0.301 
147 OmyJC19ROGR    (0)    2 :  0.136 0.522 0.244 0.099 
148 OmyJC19ROGR    (0)    2 :  0.144 0.671 0.080 0.105 
149 OmyJC19ROGR    (0)    2 :  0.393 0.323 0.072 0.213 
150 OmyJC19ROGR    (1)    2 :  0.524 0.105 0.107 0.264 
151 OmyJC19ROGR    (0)    2 :  0.215 0.092 0.159 0.533 
152 OmyJC19ROGR    (0)    2 :  0.444 0.403 0.055 0.098 
153 OmyJC19ROGR    (0)    2 :  0.224 0.537 0.110 0.128 
154 OmyJC19ROGR    (0)    2 :  0.186 0.408 0.130 0.276 
155 OmyJC19ROGR    (0)    2 :  0.282 0.105 0.093 0.521 
156 OmyJC19ROGR    (0)    2 :  0.421 0.274 0.128 0.176 
157 OmyJC19ROGR    (0)    2 :  0.267 0.155 0.284 0.294 
158 OmyJC19ROGR    (0)    2 :  0.520 0.309 0.031 0.140 
159 OmyJC19ROGR    (0)    2 :  0.553 0.181 0.061 0.205 
160 OmyJC19ROGR    (0)    2 :  0.223 0.238 0.138 0.401 
161 OmyJC19ROGR    (1)    2 :  0.121 0.706 0.052 0.120 
162 OmyJC19ROGR    (0)    2 :  0.296 0.269 0.300 0.134 
163 OmyJC19ROGR    (0)    2 :  0.149 0.541 0.136 0.174 
164 OmyJC19ROGR    (0)    2 :  0.221 0.412 0.037 0.331 
165 OmyJC19ROGR    (0)    2 :  0.447 0.302 0.053 0.198 
166 OmyJC19ROGR    (0)    2 :  0.449 0.117 0.111 0.323 
167 OmyJC19ROGR    (0)    2 :  0.260 0.325 0.176 0.240 
168 OmyJC19ROGR    (0)    2 :  0.246 0.156 0.121 0.477 
169 OmyJC19ROGR    (0)    2 :  0.049 0.028 0.880 0.043 
170 OmyJC19ROGR    (0)    2 :  0.406 0.192 0.132 0.270 
171 OmyJC19ROGR    (0)    2 :  0.424 0.238 0.073 0.265 
172 OmyJC19ROGR    (0)    2 :  0.140 0.338 0.358 0.164 
173 OmyJC19ROGR    (0)    2 :  0.055 0.047 0.837 0.061 
174 OmyJC19ROGR    (0)    2 :  0.290 0.117 0.056 0.536 
175 OmyJC19ROGR    (0)    2 :  0.527 0.103 0.061 0.309 
176 OmyJC19ROGR    (0)    2 :  0.126 0.382 0.255 0.236 
177 OmyJC19ROGR    (0)    2 :  0.154 0.756 0.031 0.060 
178 OmyJC19ROGR    (0)    2 :  0.197 0.207 0.080 0.516 
179 OmyJC19ROGR    (0)    2 :  0.356 0.131 0.080 0.433 
180 OmyJC19ROGR    (0)    2 :  0.057 0.059 0.820 0.064 
181 OmyJC19ROGR    (0)    2 :  0.383 0.107 0.131 0.379 
182 OmyJC19ROGR    (0)    2 :  0.120 0.469 0.118 0.293 
183 OmyJC19ROGR    (0)    2 :  0.332 0.380 0.078 0.210 
184 OmyJC19ROGR    (0)    2 :  0.098 0.098 0.729 0.076 
185 OmyJC19ROGR    (0)    2 :  0.113 0.129 0.031 0.726 
186 OmyJC19ROGR    (0)    2 :  0.186 0.209 0.354 0.251 
187 OmyJC19ROGR    (0)    2 :  0.626 0.076 0.079 0.219 
188 OmyJC19ROGR    (0)    2 :  0.389 0.219 0.073 0.320 
189 OmyJC19ROGR    (0)    2 :  0.307 0.174 0.337 0.182 
190 OmyJC19ROGR    (0)    2 :  0.207 0.466 0.133 0.194 
191 OmyJC19ROGR    (0)    2 :  0.614 0.145 0.101 0.140 
192 OmyJC19ROGR    (0)    2 :  0.353 0.198 0.056 0.393 
193 OmyJC19ROGR    (0)    2 :  0.116 0.490 0.264 0.130 
194 OmyJC19ROGR    (0)    2 :  0.167 0.578 0.036 0.219 
195 OmyJC19ROGR    (0)    2 :  0.105 0.041 0.763 0.092 
196 OmyJC19ROGR    (0)    2 :  0.597 0.058 0.058 0.287 
197 OmyJC19ROGR    (0)    2 :  0.309 0.267 0.069 0.355 
198 OmyJC19ROGR    (0)    2 :  0.058 0.074 0.812 0.056 
199 OmyJC19ROGR    (0)    2 :  0.203 0.349 0.045 0.402 
200 OmyJC19ROGR    (0)    2 :  0.308 0.213 0.264 0.214 
201 OmyJC19ROGR    (0)    2 :  0.236 0.409 0.041 0.315 
202 OmyJC19ROGR    (0)    2 :  0.393 0.403 0.044 0.159 
203 OmyJC19ROGR    (0)    2 :  0.718 0.108 0.056 0.118 
204 OmyJC19ROGR    (0)    2 :  0.336 0.213 0.156 0.295 
205 OmyJC19ROGR    (0)    2 :  0.253 0.312 0.205 0.230 
206 OmyJC19ROGR    (0)    2 :  0.031 0.033 0.875 0.061 
207 OmyJC19ROGR    (0)    2 :  0.080 0.315 0.443 0.162 
208 OmyJC19ROGR    (0)    2 :  0.198 0.342 0.076 0.384 
209 OmyJC19ROGR    (0)    2 :  0.126 0.247 0.390 0.237 
210 OmyJC19ROGR    (0)    2 :  0.065 0.030 0.859 0.045 
211 OmyJC19ROGR    (0)    2 :  0.149 0.423 0.165 0.263 
212 OmyJC19ROGR    (1)    2 :  0.112 0.542 0.261 0.085 
213 OmyJC19ROGR    (1)    2 :  0.299 0.096 0.140 0.465 
214 OmyJC19ROGR    (0)    2 :  0.182 0.471 0.206 0.141 
215 OmyJC19ROGR    (0)    2 :  0.559 0.131 0.039 0.271 
216 OmyJC19ROGR    (0)    2 :  0.087 0.235 0.505 0.173 
217 OmyJC19ROGR    (0)    2 :  0.112 0.108 0.614 0.166 
218 OmyJC19ROGR    (0)    2 :  0.649 0.100 0.090 0.161 
219 OmyJC19ROGR    (0)    2 :  0.124 0.321 0.292 0.262 
220 OmyJC19ROGR    (0)    2 :  0.155 0.667 0.024 0.154 
221 OmyJC19ROGR    (0)    2 :  0.162 0.510 0.213 0.114 
222 OmyJC19ROGR    (0)    2 :  0.223 0.209 0.056 0.512 
223 OmyJC19ROGR    (0)    2 :  0.206 0.374 0.174 0.246 
224 OmyJC19ROGR    (1)    2 :  0.257 0.180 0.107 0.456 
225 OmyJC19ROGR    (0)    2 :  0.039 0.142 0.780 0.039 
226 OmyJC19ROGR    (0)    2 :  0.248 0.064 0.404 0.285 
227 OmyJC19ROGR    (0)    2 :  0.071 0.042 0.840 0.047 
228 OmyJC19ROGR    (0)    2 :  0.204 0.339 0.075 0.381 
229 OmyJC19ROGR    (0)    2 :  0.606 0.176 0.062 0.156 
230 OmyJC19ROGR    (0)    2 :  0.262 0.272 0.261 0.206 
231 OmyJC19ROGR    (0)    2 :  0.167 0.430 0.184 0.218 
232 OmyJC19ROGR    (2)    2 :  0.248 0.358 0.164 0.229 
233 OmyJC19ROGR    (0)    2 :  0.206 0.365 0.271 0.158 
234 OmyJC19ROGR    (0)    2 :  0.039 0.033 0.889 0.038 
235 OmyJC19ROGR    (0)    2 :  0.089 0.090 0.711 0.110 
236 OmyJC19ROGR    (0)    2 :  0.074 0.765 0.050 0.110 
237 OmyJC19ROGR    (0)    2 :  0.098 0.523 0.154 0.225 
238 OmyJC19ROGR    (0)    2 :  0.091 0.714 0.095 0.100 
239 OmyJC19ROGR    (0)    2 :  0.112 0.263 0.080 0.544 
240 OmyJC19ROGR    (0)    2 :  0.324 0.189 0.121 0.367 
241 OmyJC19ROGR    (0)    2 :  0.270 0.114 0.306 0.310 
242 OmyJC19ROGR    (0)    2 :  0.138 0.616 0.037 0.209 
243 OmyJC19ROGR    (0)    2 :  0.487 0.177 0.072 0.264 
244 OmyJC19ROGR    (0)    2 :  0.594 0.148 0.080 0.178 
245 OmyJC19ROGR    (0)    2 :  0.047 0.042 0.862 0.049 
246 OmyJC19ROGR    (0)    2 :  0.310 0.283 0.216 0.191 
247 OmyJC19ROGR    (0)    2 :  0.180 0.069 0.685 0.066 
248 OmyJC19ROGR    (0)    2 :  0.213 0.072 0.414 0.301 
249 OmyJC19ROGR    (0)    2 :  0.549 0.086 0.130 0.236 
250 OmyJC19ROGR    (0)    2 :  0.417 0.128 0.146 0.309 
251 OmyJC19ROGR    (0)    2 :  0.533 0.085 0.103 0.279 
252 OmyJC19ROGR    (0)    2 :  0.172 0.382 0.128 0.319 
253 OmyJC19ROGR    (0)    2 :  0.296 0.087 0.157 0.460 
254 OmyJC19ROGR    (0)    2 :  0.444 0.132 0.175 0.249 
255 OmyJC19ROGR    (0)    2 :  0.347 0.309 0.095 0.249 
256 OmyJC19ROGR    (0)    2 :  0.365 0.213 0.202 0.220 
257 OmyJC19ROGR    (0)    2 :  0.613 0.081 0.118 0.189 
258 OmyAC19ROGR    (0)    1 :  0.150 0.211 0.156 0.483 
259 OmyAC19ROGR    (0)    1 :  0.105 0.198 0.427 0.270 
260 OmyAC19ROGR    (0)    1 :  0.189 0.070 0.095 0.646 
261 OmyAC19ROGR    (0)    1 :  0.403 0.075 0.156 0.366 
262 OmyAC19ROGR    (0)    1 :  0.165 0.083 0.174 0.578 
263 OmyAC19ROGR    (0)    1 :  0.459 0.276 0.119 0.147 
264 OmyAC19ROGR    (0)    1 :  0.541 0.107 0.103 0.249 
265 OmyAC19ROGR    (0)    1 :  0.728 0.074 0.073 0.125 
266 OmyAC19ROGR    (0)    1 :  0.487 0.105 0.057 0.352 
267 OmyAC19ROGR    (0)    1 :  0.385 0.066 0.346 0.203 
268 OmyAC19ROGR    (0)    1 :  0.281 0.305 0.181 0.234 
269 OmyAC19ROGR    (1)    1 :  0.363 0.099 0.246 0.292 
270 OmyAC19ROGR    (0)    1 :  0.620 0.087 0.084 0.209 
271 OmyAC19ROGR    (0)    1 :  0.273 0.107 0.441 0.179 
272 OmyAC19ROGR    (0)    1 :  0.224 0.241 0.250 0.285 
273 OmyAC19ROGR    (0)    1 :  0.351 0.193 0.051 0.406 
274 OmyAC19ROGR    (0)    1 :  0.123 0.079 0.647 0.151 
275 OmyAC19ROGR    (0)    1 :  0.078 0.637 0.122 0.163 
276 OmyAC19ROGR    (0)    1 :  0.349 0.229 0.120 0.302 
277 OmyAC19ROGR    (0)    1 :  0.160 0.161 0.230 0.449 
278 OmyAC19ROGR    (0)    1 :  0.161 0.385 0.321 0.134 
279 OmyAC19ROGR    (0)    1 :  0.068 0.402 0.234 0.296 
280 OmyAC19ROGR    (0)    1 :  0.280 0.113 0.252 0.356 
281 OmyAC19ROGR    (0)    1 :  0.527 0.140 0.091 0.242 
282 OmyAC19ROGR    (0)    1 :  0.179 0.157 0.243 0.421 
283 OmyAC19ROGR    (0)    1 :  0.404 0.234 0.153 0.209 
284 OmyAC19ROGR    (0)    1 :  0.717 0.113 0.063 0.108 
285 OmyAC19ROGR    (0)    1 :  0.459 0.182 0.094 0.266 
286 OmyAC19ROGR    (0)    1 :  0.490 0.136 0.054 0.320 
287 OmyAC19ROGR    (0)    1 :  0.026 0.021 0.913 0.039 
288 OmyAC19ROGR    (0)    1 :  0.046 0.296 0.607 0.051 
289 OmyAC19ROGR    (0)    1 :  0.452 0.144 0.181 0.223 
290 OmyAC19ROGR    (1)    1 :  0.032 0.042 0.890 0.036 
291 OmyAC19ROGR    (0)    1 :  0.247 0.103 0.471 0.180 
292 OmyAC19ROGR    (0)    1 :  0.247 0.140 0.171 0.442 
293 OmyAC19ROGR    (0)    1 :  0.230 0.495 0.100 0.175 
294 OmyAC19ROGR    (0)    1 :  0.443 0.060 0.341 0.156 
295 OmyAC19ROGR    (0)    1 :  0.353 0.052 0.053 0.542 
296 OmyAC19ROGR    (0)    1 :  0.094 0.585 0.068 0.253 
297 OmyAC19ROGR    (0)    1 :  0.219 0.060 0.586 0.136 
298 OmyAC19ROGR    (0)    1 :  0.304 0.287 0.090 0.319 
299 OmyAC19ROGR    (0)    1 :  0.338 0.185 0.259 0.218 
300 OmyAC19ROGR    (0)    1 :  0.492 0.199 0.120 0.189 
301 OmyAC19ROGR    (0)    1 :  0.064 0.049 0.822 0.065 
302 OmyAC19ROGR    (0)    1 :  0.140 0.144 0.597 0.119 
303 OmyAC19ROGR    (0)    1 :  0.338 0.167 0.145 0.350 
304 OmyAC19ROGR    (0)    1 :  0.090 0.465 0.329 0.116 
305 OmyAC19ROGR    (0)    1 :  0.576 0.173 0.081 0.170 
306 OmyAC19ROGR    (0)    1 :  0.168 0.066 0.560 0.206 
307 OmyAC19ROGR    (1)    1 :  0.396 0.271 0.072 0.260 
308 OmyAC19ROGR    (0)    1 :  0.223 0.134 0.190 0.453 
309 OmyAC19ROGR    (0)    1 :  0.104 0.048 0.743 0.106 
310 OmyAC19ROGR    (0)    1 :  0.275 0.088 0.355 0.282 
311 OmyAC19ROGR    (0)    1 :  0.070 0.091 0.613 0.227 
312 OmyAC19ROGR    (0)    1 :  0.548 0.143 0.095 0.215 
313 OmyAC19ROGR    (0)    1 :  0.337 0.273 0.113 0.277 
314 OmyAC19ROGR    (0)    1 :  0.275 0.292 0.197 0.236 
315 OmyAC19ROGR    (0)    1 :  0.428 0.080 0.204 0.289 
316 OmyAC19ROGR    (0)    1 :  0.668 0.051 0.064 0.217 
317 OmyAC19ROGR    (0)    1 :  0.083 0.686 0.055 0.175 
318 OmyAC19ROGR    (0)    1 :  0.288 0.361 0.042 0.309 
319 OmyAC19ROGR    (0)    1 :  0.459 0.246 0.039 0.256 
320 OmyAC19ROGR    (0)    1 :  0.542 0.265 0.032 0.161 
321 OmyAC19ROGR    (0)    1 :  0.354 0.182 0.056 0.407 
322 OmyAC19ROGR    (0)    1 :  0.095 0.068 0.371 0.467 
323 OmyAC19ROGR    (0)    1 :  0.196 0.170 0.107 0.526 
324 OmyAC19ROGR    (0)    1 :  0.554 0.086 0.047 0.313 
325 OmyAC19ROGR    (0)    1 :  0.329 0.104 0.292 0.276 
326 OmyAC19ROGR    (0)    1 :  0.528 0.127 0.080 0.265 
327 OmyAC19ROGR    (0)    1 :  0.609 0.082 0.069 0.239 
328 OmyAC20ROGR    (0)    1 :  0.338 0.340 0.072 0.250 
329 OmyAC20ROGR    (0)    1 :  0.337 0.266 0.193 0.205 
330 OmyAC20ROGR    (0)    1 :  0.208 0.305 0.215 0.272 
331 OmyAC20ROGR    (0)    1 :  0.175 0.114 0.615 0.096 
332 OmyAC20ROGR    (0)    1 :  0.360 0.146 0.276 0.217 
333 OmyAC20ROGR    (0)    1 :  0.515 0.074 0.301 0.111 
334 OmyAC20ROGR    (0)    1 :  0.616 0.101 0.105 0.178 
335 OmyAC20ROGR    (0)    1 :  0.369 0.145 0.063 0.423 
336 OmyAC20ROGR    (0)    1 :  0.337 0.180 0.214 0.270 
337 OmyAC20ROGR    (0)    1 :  0.159 0.153 0.525 0.163 
338 OmyAC20ROGR    (0)    1 :  0.396 0.082 0.139 0.384 
339 OmyAC20ROGR    (0)    1 :  0.277 0.238 0.131 0.354 
340 OmyAC20ROGR    (0)    1 :  0.451 0.180 0.109 0.260 
341 OmyAC20ROGR    (0)    1 :  0.141 0.529 0.090 0.239 
342 OmyAC20ROGR    (0)    1 :  0.251 0.301 0.237 0.212 
343 OmyAC20ROGR    (0)    1 :  0.217 0.567 0.074 0.142 
344 OmyAC20ROGR    (0)    1 :  0.271 0.186 0.350 0.194 
345 OmyAC20ROGR    (1)    1 :  0.314 0.048 0.200 0.438 
346 OmyAC20ROGR    (0)    1 :  0.427 0.070 0.283 0.220 
347 OmyAC20ROGR    (0)    1 :  0.169 0.269 0.341 0.221 
348 OmyAC20ROGR    (0)    1 :  0.270 0.404 0.188 0.139 
349 OmyAC20ROGR    (0)    1 :  0.365 0.334 0.068 0.233 
350 OmyAC20ROGR    (0)    1 :  0.088 0.698 0.112 0.101 
351 OmyAC20ROGR    (0)    1 :  0.375 0.126 0.124 0.376 
352 OmyAC20ROGR    (0)    1 :  0.266 0.186 0.082 0.465 
353 OmyAC20ROGR    (0)    1 :  0.405 0.133 0.145 0.316 
354 OmyAC20ROGR    (0)    1 :  0.110 0.301 0.394 0.195 
355 OmyAC20ROGR    (0)    1 :  0.111 0.629 0.167 0.093 
356 OmyAC20ROGR    (0)    1 :  0.341 0.110 0.313 0.235 
357 OmyAC20ROGR    (0)    1 :  0.354 0.249 0.099 0.297 
358 OmyAC20ROGR    (0)    1 :  0.303 0.219 0.072 0.407 
359 OmyAC20ROGR    (0)    1 :  0.082 0.231 0.421 0.266 
360 OmyAC20ROGR    (0)    1 :  0.241 0.138 0.233 0.388 
361 OmyAC20ROGR    (0)    1 :  0.196 0.536 0.053 0.216 
362 OmyAC20ROGR    (0)    1 :  0.241 0.147 0.172 0.440 
363 OmyAC20ROGR    (0)    1 :  0.131 0.333 0.422 0.114 
364 OmyAC20ROGR    (1)    1 :  0.327 0.260 0.107 0.305 
365 OmyAC20ROGR    (0)    1 :  0.444 0.160 0.058 0.338 
366 OmyAC20ROGR    (0)    1 :  0.615 0.080 0.038 0.267 
367 OmyAC20ROGR    (0)    1 :  0.195 0.084 0.096 0.624 
368 OmyAC20ROGR    (0)    1 :  0.163 0.193 0.082 0.562 
369 OmyAC20ROGR    (0)    1 :  0.119 0.316 0.360 0.205 
370 OmyAC20ROGR    (0)    1 :  0.073 0.078 0.664 0.186 
371 OmyAC20ROGR    (0)    1 :  0.078 0.068 0.776 0.077 
372 OmyAC20ROGR    (2)    1 :  0.061 0.044 0.847 0.049 
373 OmyAC20ROGR    (0)    1 :  0.078 0.171 0.661 0.089 
374 OmyAC20ROGR    (0)    1 :  0.312 0.206 0.048 0.434 
375 OmyAC20ROGR    (0)    1 :  0.407 0.166 0.170 0.257 
376 OmyAC20ROGR    (0)    1 :  0.196 0.234 0.264 0.306 
377 OmyAC20ROGR    (0)    1 :  0.530 0.181 0.058 0.232 
378 OmyAC20ROGR    (0)    1 :  0.331 0.259 0.056 0.354 
379 OmyAC20ROGR    (0)    1 :  0.167 0.145 0.502 0.186 
380 OmyAC20ROGR    (0)    1 :  0.589 0.065 0.055 0.290 
381 OmyAC20ROGR    (0)    1 :  0.266 0.181 0.202 0.352 
382 OmyAC20ROGR    (0)    1 :  0.059 0.055 0.829 0.057 
383 OmyAC20ROGR    (0)    1 :  0.501 0.048 0.152 0.299 
384 OmyAC20ROGR    (0)    1 :  0.213 0.125 0.461 0.201 
385 OmyAC20ROGR    (0)    1 :  0.182 0.231 0.273 0.314 
386 OmyAC20ROGR    (0)    1 :  0.289 0.095 0.327 0.289 
387 OmyAC20ROGR    (0)    1 :  0.240 0.064 0.513 0.183 
388 OmyAC20ROGR    (0)    1 :  0.218 0.124 0.494 0.164 
389 OmyAC20ROGR    (0)    1 :  0.684 0.085 0.087 0.144 
390 OmyAC20ROGR    (0)    1 :  0.097 0.778 0.026 0.098 
391 OmyAC20ROGR    (0)    1 :  0.104 0.207 0.609 0.080 
392 OmyAC20ROGR    (0)    1 :  0.168 0.201 0.446 0.185 
393 OmyAC20ROGR    (0)    1 :  0.266 0.355 0.151 0.229 
394 OmyAC20ROGR    (0)    1 :  0.116 0.213 0.202 0.469 
395 OmyAC20ROGR    (0)    1 :  0.203 0.354 0.141 0.302 
396 OmyAC20ROGR    (0)    1 :  0.264 0.278 0.137 0.320 
397 OmyAC20ROGR    (0)    1 :  0.312 0.067 0.257 0.364 
398 OmyAC20ROGR    (0)    1 :  0.185 0.060 0.611 0.144 
399 OmyAC20ROGR    (0)    1 :  0.158 0.063 0.216 0.563 
400 OmyAC20ROGR    (0)    1 :  0.487 0.067 0.152 0.293 
401 OmyAC20ROGR    (0)    1 :  0.055 0.125 0.739 0.081 
402 OmyAC20ROGR    (0)    1 :  0.256 0.520 0.029 0.196 
403 OmyAC20ROGR    (0)    1 :  0.184 0.227 0.161 0.427 
404 OmyAC20ROGR    (0)    1 :  0.684 0.155 0.033 0.129 
405 OmyAC20ROGR    (0)    1 :  0.089 0.238 0.468 0.204 
406 OmyAC20ROGR    (0)    1 :  0.239 0.377 0.085 0.300 
407 OmyAC20ROGR    (0)    1 :  0.301 0.067 0.087 0.546 
408 OmyAC20ROGR    (0)    1 :  0.092 0.659 0.175 0.073 
409 OmyAC20ROGR    (0)    1 :  0.607 0.115 0.081 0.197 
410 OmyAC20ROGR    (0)    1 :  0.083 0.035 0.813 0.069 
411 OmyAC20ROGR    (0)    1 :  0.118 0.094 0.673 0.116 
412 OmyAC20ROGR    (0)    1 :  0.400 0.160 0.304 0.136 
413 OmyAC20ROGR    (0)    1 :  0.489 0.076 0.169 0.267 
414 OmyAC20ROGR    (0)    1 :  0.143 0.156 0.417 0.284 
415 OmyAC20ROGR    (0)    1 :  0.269 0.180 0.083 0.468 
416 OmyAC20ROGR    (0)    1 :  0.575 0.099 0.085 0.241 
417 OmyAC20ROGR    (0)    1 :  0.562 0.130 0.044 0.265 
418 OmyAC20ROGR    (0)    1 :  0.368 0.148 0.254 0.230 
419 OmyAC20ROGR    (0)    1 :  0.119 0.175 0.533 0.173 
420 OmyAC20ROGR    (0)    1 :  0.060 0.612 0.085 0.243 
421 OmyAC20ROGR    (0)    1 :  0.512 0.086 0.156 0.247 
422 OmyAC20ROGR    (0)    1 :  0.056 0.031 0.856 0.057 
423 OmyAC20ROGR    (0)    1 :  0.396 0.066 0.075 0.462 
424 OmyAC20ROGR    (0)    1 :  0.096 0.563 0.049 0.292 
425 OmyAC20ROGR    (0)    1 :  0.047 0.050 0.851 0.052 
426 OmyAC20ROGR    (0)    1 :  0.707 0.066 0.090 0.137 
427 OmyAC20ROGR    (0)    1 :  0.381 0.125 0.107 0.386 
428 OmyAC20ROGR    (0)    1 :  0.076 0.043 0.811 0.070 
429 OmyAC20ROGR    (0)    1 :  0.233 0.563 0.052 0.152 
430 OmyAC20ROGR    (0)    1 :  0.212 0.172 0.127 0.489 
431 OmyAC20ROGR    (0)    1 :  0.142 0.084 0.587 0.187 
432 OmyAC20ROGR    (0)    1 :  0.046 0.040 0.849 0.065 
433 OmyAC20ROGR    (0)    1 :  0.052 0.161 0.718 0.069 
434 OmyAC20ROGR    (0)    1 :  0.194 0.089 0.419 0.298 
435 OmyAC20ROGR    (0)    1 :  0.466 0.097 0.079 0.358 
436 OmyAC20ROGR    (0)    1 :  0.383 0.064 0.119 0.434 
437 OmyAC20ROGR    (0)    1 :  0.097 0.123 0.696 0.084 
438 OmyAC20ROGR    (0)    1 :  0.108 0.133 0.427 0.332 
439 OmyAC20ROGR    (0)    1 :  0.170 0.055 0.131 0.644 
440 OmyAC20ROGR    (0)    1 :  0.195 0.072 0.645 0.088 
441 OmyAC20ROGR    (0)    1 :  0.123 0.402 0.060 0.416 
442 OmyAC20ROGR    (0)    1 :  0.166 0.180 0.149 0.505 
443 OmyAC20ROGR    (0)    1 :  0.150 0.095 0.063 0.692 
444 OmyAC20ROGR    (0)    1 :  0.444 0.067 0.302 0.186 
445 OmyAC20ROGR    (0)    1 :  0.139 0.301 0.219 0.341 
446 OmyJC18ROGR    (0)    2 :  0.199 0.288 0.363 0.150 
447 OmyJC18ROGR    (0)    2 :  0.339 0.247 0.167 0.247 
448 OmyJC18ROGR    (0)    2 :  0.180 0.135 0.166 0.519 
449 OmyJC18ROGR    (0)    2 :  0.055 0.270 0.583 0.091 
450 OmyJC18ROGR    (0)    2 :  0.113 0.100 0.636 0.151 
451 OmyJC18ROGR    (0)    2 :  0.055 0.036 0.797 0.112 
452 OmyJC18ROGR    (0)    2 :  0.192 0.106 0.366 0.337 
453 OmyJC18ROGR    (0)    2 :  0.069 0.810 0.040 0.080 
454 OmyJC18ROGR    (0)    2 :  0.081 0.063 0.778 0.079 
455 OmyJC18ROGR    (0)    2 :  0.500 0.160 0.154 0.186 
456 OmyJC18ROGR    (0)    2 :  0.058 0.044 0.824 0.074 
457 OmyJC18ROGR    (0)    2 :  0.572 0.056 0.138 0.235 
458 OmyJC18ROGR    (0)    2 :  0.130 0.568 0.190 0.113 
459 OmyJC18ROGR    (1)    2 :  0.693 0.107 0.038 0.162 
460 OmyJC18ROGR    (2)    2 :  0.156 0.182 0.202 0.460 
461 OmyJC18ROGR    (2)    2 :  0.188 0.106 0.425 0.280 
462 OmyJC18ROGR    (3)    2 :  0.088 0.301 0.298 0.313 
463 OmyJC18ROGR    (0)    2 :  0.053 0.102 0.749 0.096 
464 OmyJC18ROGR    (4)    2 :  0.582 0.134 0.043 0.240 
465 OmyJC18ROGR    (3)    2 :  0.273 0.237 0.135 0.354 
466 OmyJC18ROGR    (0)    2 :  0.134 0.156 0.180 0.531 
467 OmyJC18ROGR    (0)    2 :  0.500 0.124 0.101 0.275 
468 OmyJC18ROGR    (0)    2 :  0.151 0.499 0.172 0.179 
469 OmyJC18ROGR    (0)    2 :  0.073 0.030 0.821 0.076 
470 OmyJC18ROGR    (5)    2 :  0.155 0.155 0.544 0.147 
471 OmyJC18ROGR    (1)    2 :  0.154 0.127 0.209 0.510 
472 OmyJC18ROGR    (2)    2 :  0.301 0.098 0.142 0.459 
473 OmyJC18ROGR    (3)    2 :  0.322 0.275 0.063 0.340 
474 OmyJC18ROGR    (0)    2 :  0.087 0.778 0.064 0.072 
475 OmyJC18ROGR    (2)    2 :  0.118 0.181 0.455 0.246 
476 OmyJC18ROGR    (1)    2 :  0.161 0.085 0.059 0.695 
477 OmyJC18ROGR    (4)    2 :  0.096 0.397 0.251 0.257 
478 OmyJC18ROGR    (0)    2 :  0.481 0.152 0.104 0.263 
479 OmyJC18ROGR    (0)    2 :  0.352 0.103 0.049 0.495 
480 OmyJC18ROGR    (1)    2 :  0.444 0.191 0.180 0.185 
481 OmyJC18ROGR    (3)    2 :  0.174 0.280 0.120 0.427 
482 OmyJC18ROGR    (3)    2 :  0.122 0.581 0.042 0.255 
483 OmyJC18ROGR    (4)    2 :  0.158 0.381 0.059 0.402 
484 OmyJC18ROGR    (4)    2 :  0.244 0.206 0.087 0.462 
485 OmyJC18ROGR    (3)    2 :  0.173 0.189 0.494 0.144 
486 OmyJC18ROGR    (3)    2 :  0.151 0.167 0.465 0.217 
487 OmyJC18ROGR    (1)    2 :  0.292 0.392 0.165 0.151 
488 OmyJC18ROGR    (5)    2 :  0.358 0.180 0.085 0.377 
489 OmyJC18ROGR    (0)    2 :  0.204 0.207 0.060 0.530 
490 OmyJC18ROGR    (3)    2 :  0.124 0.120 0.129 0.628 
491 OmyJC18ROGR    (7)    2 :  0.072 0.707 0.106 0.114 
492 OmyJC18ROGR    (6)    2 :  0.126 0.718 0.052 0.104 
493 OmyJC18ROGR    (3)    2 :  0.353 0.098 0.170 0.379 
494 OmyJC18ROGR    (3)    2 :  0.097 0.062 0.773 0.068 
495 OmyJC18ROGR    (5)    2 :  0.314 0.135 0.382 0.169 
496 OmyJC18ROGR    (0)    2 :  0.350 0.197 0.144 0.310 
497 OmyJC18ROGR    (5)    2 :  0.135 0.662 0.036 0.167 
498 OmyJC18ROGR    (6)    2 :  0.125 0.104 0.164 0.607 
499 OmyJC18ROGR    (0)    2 :  0.317 0.115 0.074 0.494 
500 OmyJC18ROGR    (1)    2 :  0.156 0.577 0.080 0.187 
501 OmyJC18ROGR    (4)    2 :  0.148 0.124 0.482 0.245 
502 OmyJC18ROGR    (2)    2 :  0.161 0.329 0.280 0.231 
503 OmyJC18ROGR    (5)    2 :  0.228 0.371 0.081 0.320 
504 OmyJC18ROGR    (2)    2 :  0.093 0.171 0.256 0.480 
505 OmyJC18ROGR    (0)    2 :  0.247 0.219 0.348 0.186 
506 OmyJC18ROGR    (8)    2 :  0.192 0.379 0.108 0.320 
507 OmyJC18ROGR    (0)    2 :  0.175 0.355 0.185 0.285 
508 OmyJC18ROGR    (0)    2 :  0.144 0.446 0.228 0.182 
509 OmyJC18ROGR    (1)    2 :  0.042 0.039 0.876 0.044 
510 OmyJC18ROGR    (1)    2 :  0.201 0.161 0.132 0.506 
511 OmyJC18ROGR    (5)    2 :  0.261 0.256 0.219 0.264 
512 OmyJC18ROGR    (2)    2 :  0.065 0.098 0.765 0.073 
513 OmyJC18ROGR    (9)    2 :  0.224 0.244 0.367 0.165 
514 OmyJC18ROGR    (4)    2 :  0.170 0.254 0.443 0.133 
515 OmyJC18ROGR    (1)    2 :  0.224 0.453 0.136 0.187 
516 OmyJC18ROGR    (3)    2 :  0.344 0.137 0.219 0.300 
517 OmyJC18ROGR    (3)    2 :  0.114 0.144 0.529 0.214 
518 OmyJC18ROGR    (0)    2 :  0.108 0.524 0.106 0.261 
519 OmyJC18ROGR    (9)    2 :  0.461 0.239 0.097 0.203 
520 OmyJC18ROGR    (6)    2 :  0.087 0.125 0.142 0.647 
521 OmyJC18ROGR    (2)    2 :  0.177 0.309 0.186 0.328 
522 OmyJC18ROGR    (1)    2 :  0.221 0.114 0.155 0.510 
523 OmyJC18ROGR    (4)    2 :  0.329 0.217 0.107 0.347 
524 OmyJC18ROGR    (0)    2 :  0.455 0.072 0.109 0.364 
525 OmyJC18ROGR    (2)    2 :  0.284 0.378 0.100 0.238 
526 OmyJC18ROGR    (3)    2 :  0.188 0.492 0.115 0.205 
527 OmyJC18ROGR    (0)    2 :  0.275 0.178 0.078 0.469 
528 OmyJC18ROGR    (0)    2 :  0.411 0.297 0.067 0.225 
529 OmyJC18ROGR    (1)    2 :  0.477 0.078 0.081 0.364 
530 OmyJC18ROGR    (0)    2 :  0.239 0.387 0.065 0.309 
531 OmyJC18ROGR    (0)    2 :  0.331 0.076 0.257 0.336 
532 OmyJC18ROGR    (2)    2 :  0.377 0.261 0.048 0.314 
533 OmyJC18ROGR    (2)    2 :  0.511 0.100 0.036 0.353 
534 OmyJC18ROGR    (2)    2 :  0.321 0.229 0.104 0.346 
535 OmyJC18ROGR    (0)    2 :  0.257 0.130 0.078 0.535 
536 OmyJC18ROGR    (0)    2 :  0.392 0.185 0.063 0.360 
537 OmyJC18ROGR    (0)    2 :  0.372 0.261 0.034 0.333 
538 OmyJC18ROGR    (0)    2 :  0.359 0.162 0.104 0.375 
539 OmyJC18ROGR    (0)    2 :  0.391 0.151 0.085 0.373 
540 OmyJC18ROGR    (8)    2 :  0.092 0.677 0.098 0.133 
541 OmyJC18ROGR    (1)    2 :  0.574 0.136 0.140 0.150 
542 OmyJC18ROGR    (1)    2 :  0.161 0.340 0.341 0.158 
543 OmyJC18ROGR    (0)    2 :  0.186 0.484 0.134 0.196 
544 OmyJC18ROGR    (2)    2 :  0.479 0.191 0.084 0.247 
545 OmyJC18ROGR    (1)    2 :  0.107 0.090 0.551 0.251 
546 OmyJC18ROGR    (9)    2 :  0.353 0.244 0.044 0.360 
547 OmyJC18ROGR    (0)    2 :  0.431 0.085 0.167 0.317 
548 OmyJC18ROGR    (0)    2 :  0.169 0.294 0.251 0.286 
549 OmyJC18ROGR    (0)    2 :  0.388 0.243 0.154 0.215 
550 OmyJC18ROGR    (1)    2 :  0.246 0.080 0.555 0.119 
551 OmyJC18ROGR    (1)    2 :  0.267 0.356 0.104 0.274 
552 OmyJC18ROGR    (2)    2 :  0.534 0.094 0.155 0.218 
553 OmyJC18ROGR   (10)    2 :  0.337 0.265 0.088 0.310 
554 OmyJC18ROGR    (2)    2 :  0.238 0.367 0.080 0.315 
555 OmyJC18ROGR    (4)    2 :  0.205 0.358 0.075 0.362 
556 OmyJC18ROGR    (0)    2 :  0.363 0.303 0.140 0.195 
557 OmyJC18ROGR    (2)    2 :  0.129 0.161 0.268 0.442 
558 OmyJC18ROGR    (0)    2 :  0.320 0.072 0.344 0.264 
559 OmyJC18ROGR    (0)    2 :  0.103 0.614 0.089 0.194 
560 OmyJC18ROGR    (8)    2 :  0.182 0.302 0.197 0.319 
561 OmyJC18ROGR    (0)    2 :  0.643 0.079 0.038 0.239 
562 OmyJC18ROGR    (8)    2 :  0.248 0.343 0.173 0.236 
563 OmyJC18ROGR    (2)    2 :  0.147 0.233 0.099 0.522 
564 OmyJC18ROGR    (4)    2 :  0.587 0.140 0.119 0.154 
565 OmyJC18ROGR    (3)    2 :  0.303 0.277 0.201 0.220 
566 OmyJC18ROGR    (1)    2 :  0.137 0.224 0.232 0.406 
567 OmyJC18ROGR    (0)    2 :  0.097 0.334 0.085 0.484 
568 OmyJC18ROGR    (5)    2 :  0.383 0.183 0.237 0.197 
569 OmyJC18ROGR    (2)    2 :  0.111 0.697 0.052 0.140 
570 OmyJC18ROGR    (0)    2 :  0.264 0.119 0.091 0.525 
571 OmyJC18ROGR    (2)    2 :  0.248 0.094 0.105 0.553 
572 OmyJC18ROGR    (6)    2 :  0.237 0.375 0.092 0.295 
573 OmyJC18ROGR    (5)    2 :  0.173 0.146 0.495 0.186 
574 OmyJC18ROGR    (8)    2 :  0.282 0.147 0.237 0.334 
575 OmyJC18ROGR    (3)    2 :  0.316 0.218 0.054 0.412 
576 OmyJC18ROGR    (0)    2 :  0.159 0.544 0.165 0.132 
577 OmyJC18ROGR    (0)    2 :  0.056 0.033 0.861 0.050 
578 OmyJC18ROGR    (1)    2 :  0.219 0.157 0.080 0.544 
579 OmyJC18ROGR    (0)    2 :  0.148 0.046 0.640 0.167 
580 OmyJC18ROGR    (0)    2 :  0.230 0.332 0.051 0.387 
581 OmyJC18ROGR    (6)    2 :  0.155 0.531 0.099 0.215 
582 OmyJC18ROGR    (7)    2 :  0.491 0.195 0.057 0.257 
583 OmyJC18ROGR    (3)    2 :  0.534 0.188 0.085 0.193 
584 OmyJC18ROGR    (5)    2 :  0.330 0.255 0.096 0.319 
585 OmyJC18ROGR    (1)    2 :  0.183 0.102 0.162 0.553 
586 OmyJC18ROGR    (2)    2 :  0.194 0.228 0.043 0.535 
587 OmyJC18ROGR    (0)    2 :  0.036 0.028 0.902 0.034 
588 OmyJC18ROGR    (0)    2 :  0.111 0.173 0.263 0.453 
589 OmyJC18ROGR    (1)    2 :  0.437 0.287 0.126 0.150 
590 OmyJC18ROGR    (2)    2 :  0.374 0.112 0.023 0.491 
591 OmyJC18ROGR    (0)    2 :  0.469 0.220 0.082 0.228 
592 OmyJC18ROGR    (4)    2 :  0.177 0.274 0.085 0.464 
593 OmyJC18ROGR    (0)    2 :  0.259 0.173 0.199 0.369 
594 OmyJC18ROGR    (1)    2 :  0.269 0.121 0.070 0.541 
595 OmyJC18ROGR    (0)    2 :  0.154 0.438 0.250 0.158 
596 OmyJC18ROGR    (0)    2 :  0.342 0.270 0.132 0.256 
597 OmyJC18ROGR    (0)    2 :  0.147 0.450 0.178 0.225 
598 OmyJC18ROGR    (0)    2 :  0.312 0.270 0.092 0.327 
599 OmyJC18ROGR    (0)    2 :  0.529 0.105 0.179 0.187 
600 OmyJC18ROGR    (0)    2 :  0.261 0.127 0.097 0.514 
601 OmyJC18ROGR    (0)    2 :  0.252 0.503 0.050 0.196 
602 OmyJC18ROGR    (0)    2 :  0.366 0.217 0.276 0.142 
603 OmyJC18ROGR    (0)    2 :  0.216 0.157 0.059 0.568 
604 OmyJC18ROGR    (0)    2 :  0.687 0.116 0.061 0.137 
605 OmyJC18ROGR    (0)    2 :  0.305 0.338 0.067 0.290 
606 OmyJC18ROGR    (0)    2 :  0.171 0.218 0.164 0.447 
607 OmyJC18ROGR    (0)    2 :  0.723 0.065 0.066 0.145 
608 OmyJC18ROGR    (0)    2 :  0.568 0.101 0.051 0.279 
609 OmyJC18ROGR    (0)    2 :  0.158 0.635 0.080 0.126 
610 OmyJC18ROGR    (6)    2 :  0.112 0.044 0.742 0.101 
611 OmyJC18ROGR    (0)    2 :  0.187 0.254 0.295 0.264 
612 OmyJC18ROGR    (3)    2 :  0.277 0.116 0.182 0.426 
613 OmyJC18ROGR    (0)    2 :  0.306 0.170 0.168 0.356 
614 OmyJC18ROGR    (0)    2 :  0.196 0.257 0.332 0.215 
615 OmyJC18ROGR    (0)    2 :  0.552 0.087 0.044 0.317 
616 OmyJC18ROGR    (0)    2 :  0.066 0.780 0.087 0.068 
617 OmyJC18ROGR    (0)    2 :  0.325 0.182 0.139 0.355 
618 OmyJC18ROGR    (0)    2 :  0.365 0.064 0.225 0.346 
619 OmyJC18ROGR    (0)    2 :  0.286 0.238 0.066 0.409 
620 OmyJC18ROGR    (0)    2 :  0.103 0.489 0.311 0.096 
621 OmyJC18ROGR    (2)    2 :  0.127 0.652 0.099 0.122 
622 OmyJC18ROGR    (3)    2 :  0.268 0.389 0.178 0.166 
623 OmyJC18ROGR    (1)    2 :  0.543 0.064 0.156 0.237 
624 OmyJC18ROGR    (2)    2 :  0.364 0.317 0.141 0.179 
625 OmyJC18ROGR    (1)    2 :  0.275 0.126 0.296 0.303 
626 OmyJC18ROGR    (9)    2 :  0.159 0.464 0.056 0.320 
627 OmyJC18ROGR    (0)    2 :  0.309 0.170 0.170 0.352 
628 OmyJC18ROGR    (0)    2 :  0.030 0.032 0.908 0.030 
629 OmyJC18ROGR    (2)    2 :  0.602 0.116 0.185 0.097 
630 OmyJC18ROGR    (1)    2 :  0.084 0.811 0.038 0.067 
631 OmyJC18ROGR    (4)    2 :  0.330 0.115 0.044 0.511 
632 OmyJC18ROGR    (0)    2 :  0.128 0.611 0.106 0.154 
633 OmyJC18ROGR    (7)    2 :  0.144 0.502 0.083 0.271 
634 OmyJC18ROGR    (2)    2 :  0.375 0.072 0.365 0.189 
635 OmyJC18ROGR    (0)    2 :  0.092 0.763 0.041 0.104 
636 OmyJC18ROGR    (0)    2 :  0.070 0.512 0.245 0.173 
637 OmyJC18ROGR    (0)    2 :  0.183 0.118 0.199 0.501 
638 OmyJC18ROGR    (0)    2 :  0.100 0.721 0.082 0.097 
639 OmyJC18ROGR    (1)    2 :  0.134 0.276 0.133 0.457 
640 OmyJC18ROGR    (2)    2 :  0.264 0.063 0.445 0.229 
641 OmyJC18ROGR    (1)    2 :  0.149 0.083 0.110 0.658 
642 OmyJC18ROGR    (3)    2 :  0.463 0.069 0.253 0.215 
643 OmyJC18ROGR    (1)    2 :  0.184 0.312 0.086 0.418 
644 OmyJC18ROGR   (10)    2 :  0.466 0.090 0.038 0.405 
645 OmyJC18ROGR    (6)    2 :  0.378 0.111 0.213 0.299 
646 OmyJC18ROGR    (0)    2 :  0.605 0.188 0.066 0.141 
647 OmyJC18ROGR    (2)    2 :  0.269 0.086 0.186 0.459 
648 OmyJC18ROGR    (0)    2 :  0.181 0.546 0.051 0.222 
649 OmyJC18ROGR    (0)    2 :  0.591 0.080 0.068 0.261 
650 OmyJC18ROGR    (1)    2 :  0.424 0.278 0.050 0.249 
651 OmyJC18ROGR    (6)    2 :  0.042 0.067 0.797 0.095 
652 OmyJC18ROGR    (1)    2 :  0.413 0.151 0.203 0.233 
653 OmyJC18ROGR    (4)    2 :  0.118 0.437 0.081 0.364 
654 OmyJC18ROGR    (1)    2 :  0.244 0.332 0.146 0.278 
655 OmyJC18ROGR    (4)    2 :  0.211 0.108 0.398 0.283 
656 OmyJC18ROGR    (0)    2 :  0.221 0.089 0.060 0.630 
657 OmyJC18ROGR    (0)    2 :  0.319 0.157 0.097 0.427 
658 OmyJC18ROGR    (0)    2 :  0.196 0.581 0.059 0.164 
659 OmyJC18ROGR    (7)    2 :  0.435 0.124 0.027 0.414 
660 OmyJC18ROGR    (4)    2 :  0.655 0.086 0.129 0.130 
661 OmyJC18ROGR    (3)    2 :  0.747 0.085 0.041 0.127 
662 OmyJC18ROGR    (2)    2 :  0.488 0.066 0.071 0.374 
663 OmyJC18ROGR    (2)    2 :  0.171 0.286 0.327 0.217 
664 OmyJC18ROGR    (0)    2 :  0.310 0.477 0.043 0.169 
665 OmyJC18ROGR    (1)    2 :  0.469 0.133 0.158 0.240 
666 OmyJC18ROGR    (0)    2 :  0.058 0.098 0.765 0.080 
667 OmyJC18ROGR    (0)    2 :  0.235 0.114 0.451 0.200 
668 OmyJC18ROGR    (1)    2 :  0.371 0.155 0.284 0.190 
669 OmyJC18ROGR    (5)    2 :  0.284 0.116 0.203 0.397 
670 OmyJC18ROGR   (10)    2 :  0.517 0.131 0.048 0.304 
671 OmyJC18ROGR    (3)    2 :  0.294 0.136 0.072 0.499 
672 OmyJC18ROGR    (0)    2 :  0.247 0.272 0.038 0.443 
673 OmyJC18ROGR    (6)    2 :  0.064 0.784 0.071 0.081 
674 OmyJC18ROGR    (0)    2 :  0.237 0.303 0.102 0.358 
675 OmyJC18ROGR    (0)    2 :  0.122 0.558 0.044 0.276 
676 OmyJC18ROGR    (1)    2 :  0.336 0.164 0.087 0.413 
677 OmyJC18ROGR    (4)    2 :  0.297 0.084 0.337 0.281 
