

----------------------------------------------------
STRUCTURE by Pritchard, Stephens and Donnelly (2000)
     and Falush, Stephens and Pritchard (2003)
       Code by Pritchard, Falush and Hubisz
             Version 2.3.4 (Jul 2012)
----------------------------------------------------



Command line arguments:   bin/structure -m "/Users/ddayan/FRA/half_pounder_2023/structure/halfpounder_p3/10k_20k_adm_corr_3/mainparams" -e "/Users/ddayan/FRA/half_pounder_2023/structure/halfpounder_p3/10k_20k_adm_corr_3/extraparams" 
Input File:    /Users/ddayan/FRA/half_pounder_2023/structure/halfpounder_p3/project_data

Run parameters:
   1000 individuals
   233 loci
   3 populations assumed
   10000 Burn-in period
   20000 Reps


--------------------------------------------
Proportion of membership of each pre-defined
 population in each of the 3 clusters

Given    Inferred Clusters       Number of
 Pop       1      2      3      Individuals

  1:     0.363  0.303  0.334      275
  2:     0.342  0.341  0.317      643
  3:     0.327  0.499  0.174       42
  4:     0.410  0.412  0.178       40
--------------------------------------------

Allele-freq. divergence among pops (Net nucleotide distance),
computed using point estimates of P.

      1       2       3      
 1      -    0.0044  0.0115  
 2   0.0044     -    0.0140  
 3   0.0115  0.0140     -    

Average distances (expected heterozygosity) between individuals in same cluster:
cluster  1  : 0.3153 
cluster  2  : 0.3083 
cluster  3  : 0.2837 

--------------------------------------------
Estimated Ln Prob of Data   = -216252.4
Mean value of ln likelihood = -215290.4
Variance of ln likelihood   = 1924.0
Mean value of alpha         = 0.8396

Mean value of Fst_1         = 0.0118
Mean value of Fst_2         = 0.0314
Mean value of Fst_3         = 0.0846


Inferred ancestry of individuals:
        Label (%Miss) Pop:  Inferred clusters
  1 OmyAC19ROGR    (0)    1 :  0.502 0.366 0.133 
  2 OmyAC19ROGR    (0)    1 :  0.584 0.150 0.267 
  3 OmyAC19ROGR    (0)    1 :  0.378 0.432 0.190 
  4 OmyAC19ROGR    (0)    1 :  0.700 0.192 0.107 
  5 OmyAC19ROGR    (1)    1 :  0.079 0.070 0.850 
  6 OmyAC19ROGR    (0)    1 :  0.161 0.382 0.457 
  7 OmyAC19ROGR    (0)    1 :  0.174 0.402 0.424 
  8 OmyAC19ROGR    (0)    1 :  0.225 0.679 0.096 
  9 OmyAC19ROGR    (0)    1 :  0.214 0.242 0.544 
 10 OmyAC19ROGR    (0)    1 :  0.381 0.142 0.477 
 11 OmyAC19ROGR    (0)    1 :  0.191 0.649 0.161 
 12 OmyAC19ROGR    (0)    1 :  0.377 0.248 0.375 
 13 OmyAC19ROGR    (0)    1 :  0.271 0.614 0.115 
 14 OmyAC19ROGR    (0)    1 :  0.234 0.416 0.350 
 15 OmyAC19ROGR    (0)    1 :  0.268 0.191 0.541 
 16 OmyAC19ROGR    (0)    1 :  0.297 0.469 0.234 
 17 OmyAC19ROGR    (0)    1 :  0.584 0.121 0.295 
 18 OmyAC19ROGR    (3)    1 :  0.595 0.336 0.069 
 19 OmyAC19ROGR    (0)    1 :  0.143 0.702 0.154 
 20 OmyAC19ROGR    (0)    1 :  0.467 0.108 0.424 
 21 OmyAC19ROGR    (0)    1 :  0.357 0.155 0.487 
 22 OmyAC19ROGR    (0)    1 :  0.178 0.620 0.202 
 23 OmyAC19ROGR    (0)    1 :  0.228 0.277 0.495 
 24 OmyAC19ROGR    (1)    1 :  0.520 0.353 0.127 
 25 OmyAC19ROGR    (0)    1 :  0.166 0.285 0.550 
 26 OmyAC19ROGR    (0)    1 :  0.297 0.423 0.280 
 27 OmyAC19ROGR    (2)    1 :  0.331 0.491 0.178 
 28 OmyAC19ROGR    (0)    1 :  0.552 0.256 0.191 
 29 OmyAC19ROGR    (0)    1 :  0.557 0.195 0.248 
 30 OmyAC19ROGR    (0)    1 :  0.226 0.211 0.563 
 31 OmyAC19ROGR    (0)    1 :  0.299 0.496 0.205 
 32 OmyAC19ROGR    (0)    1 :  0.462 0.206 0.332 
 33 OmyAC19ROGR    (0)    1 :  0.443 0.309 0.248 
 34 OmyAC19ROGR    (0)    1 :  0.212 0.230 0.559 
 35 OmyAC19ROGR    (0)    1 :  0.551 0.240 0.208 
 36 OmyAC19ROGR    (0)    1 :  0.204 0.632 0.164 
 37 OmyAC19ROGR    (0)    1 :  0.129 0.500 0.371 
 38 OmyAC19ROGR    (0)    1 :  0.141 0.216 0.643 
 39 OmyAC19ROGR    (0)    1 :  0.623 0.157 0.219 
 40 OmyAC19ROGR    (0)    1 :  0.329 0.172 0.500 
 41 OmyAC19ROGR    (0)    1 :  0.572 0.249 0.178 
 42 OmyAC19ROGR    (0)    1 :  0.134 0.123 0.743 
 43 OmyAC19ROGR    (0)    1 :  0.633 0.180 0.187 
 44 OmyAC19ROGR    (8)    1 :  0.444 0.398 0.158 
 45 OmyAC19ROGR    (2)    1 :  0.188 0.319 0.494 
 46 OmyAC19ROGR    (0)    1 :  0.276 0.489 0.235 
 47 OmyAC19ROGR    (0)    1 :  0.207 0.667 0.126 
 48 OmyAC19ROGR    (0)    1 :  0.501 0.379 0.119 
 49 OmyAC19ROGR    (0)    1 :  0.373 0.477 0.150 
 50 OmyAC19ROGR    (0)    1 :  0.723 0.153 0.124 
 51 OmyAC19ROGR    (2)    1 :  0.134 0.137 0.729 
 52 OmyAC19ROGR    (0)    1 :  0.119 0.115 0.766 
 53 OmyAC19ROGR    (1)    1 :  0.257 0.610 0.133 
 54 OmyAC19ROGR    (0)    1 :  0.512 0.261 0.227 
 55 OmyAC19ROGR    (4)    1 :  0.262 0.517 0.222 
 56 OmyAC19ROGR    (0)    1 :  0.174 0.454 0.372 
 57 OmyAC19ROGR    (0)    1 :  0.100 0.812 0.088 
 58 OmyAC19ROGR    (0)    1 :  0.075 0.320 0.605 
 59 OmyAC19ROGR    (0)    1 :  0.257 0.617 0.126 
 60 OmyAC19ROGR    (0)    1 :  0.154 0.571 0.275 
 61 OmyAC19ROGR    (0)    1 :  0.464 0.300 0.236 
 62 OmyAC19ROGR    (0)    1 :  0.311 0.471 0.218 
 63 OmyAC19ROGR    (0)    1 :  0.273 0.375 0.351 
 64 OmyAC19ROGR    (2)    1 :  0.607 0.190 0.203 
 65 OmyAC19ROGR    (0)    1 :  0.403 0.454 0.143 
 66 OmyAC19ROGR    (5)    1 :  0.218 0.348 0.434 
 67 OmyAC19ROGR    (0)    1 :  0.171 0.701 0.127 
 68 OmyAC19ROGR    (1)    1 :  0.347 0.307 0.346 
 69 OmyAC19ROGR    (3)    1 :  0.242 0.419 0.339 
 70 OmyAC19ROGR    (0)    1 :  0.691 0.194 0.115 
 71 OmyAC19ROGR    (0)    1 :  0.249 0.567 0.184 
 72 OmyAC19ROGR    (5)    1 :  0.422 0.423 0.155 
 73 OmyAC19ROGR    (0)    1 :  0.414 0.244 0.342 
 74 OmyAC19ROGR    (0)    1 :  0.573 0.209 0.217 
 75 OmyAC19ROGR    (0)    1 :  0.447 0.254 0.298 
 76 OmyAC19ROGR    (0)    1 :  0.549 0.267 0.183 
 77 OmyAC19ROGR    (1)    1 :  0.058 0.048 0.894 
 78 OmyAC19ROGR    (0)    1 :  0.721 0.152 0.128 
 79 OmyAC19ROGR    (3)    1 :  0.524 0.253 0.223 
 80 OmyAC19ROGR    (0)    1 :  0.112 0.127 0.761 
 81 OmyAC19ROGR    (3)    1 :  0.302 0.253 0.445 
 82 OmyAC19ROGR    (1)    1 :  0.178 0.762 0.060 
 83 OmyAC19ROGR    (0)    1 :  0.522 0.327 0.151 
 84 OmyAC19ROGR    (0)    1 :  0.311 0.453 0.236 
 85 OmyAC19ROGR    (7)    1 :  0.518 0.310 0.172 
 86 OmyAC19ROGR    (0)    1 :  0.501 0.260 0.239 
 87 OmyAC19ROGR    (0)    1 :  0.554 0.298 0.149 
 88 OmyJC19ROGR    (0)    2 :  0.114 0.075 0.810 
 89 OmyJC19ROGR    (0)    2 :  0.340 0.452 0.209 
 90 OmyJC19ROGR    (0)    2 :  0.088 0.064 0.847 
 91 OmyJC19ROGR    (0)    2 :  0.357 0.586 0.057 
 92 OmyJC19ROGR    (0)    2 :  0.607 0.217 0.175 
 93 OmyJC19ROGR    (0)    2 :  0.482 0.349 0.168 
 94 OmyJC19ROGR    (0)    2 :  0.581 0.147 0.272 
 95 OmyJC19ROGR    (0)    2 :  0.377 0.280 0.343 
 96 OmyJC19ROGR    (0)    2 :  0.315 0.298 0.387 
 97 OmyJC19ROGR    (0)    2 :  0.257 0.282 0.461 
 98 OmyJC19ROGR    (0)    2 :  0.356 0.498 0.146 
 99 OmyJC19ROGR    (0)    2 :  0.356 0.476 0.167 
100 OmyJC19ROGR    (0)    2 :  0.359 0.506 0.135 
101 OmyJC19ROGR    (1)    2 :  0.193 0.220 0.587 
102 OmyJC19ROGR    (0)    2 :  0.275 0.453 0.272 
103 OmyJC19ROGR    (0)    2 :  0.283 0.255 0.462 
104 OmyJC19ROGR    (0)    2 :  0.299 0.597 0.104 
105 OmyJC19ROGR    (0)    2 :  0.272 0.322 0.406 
106 OmyJC19ROGR    (0)    2 :  0.084 0.078 0.838 
107 OmyJC19ROGR    (0)    2 :  0.138 0.503 0.359 
108 OmyJC19ROGR    (0)    2 :  0.487 0.269 0.245 
109 OmyJC19ROGR    (0)    2 :  0.295 0.366 0.338 
110 OmyJC19ROGR    (0)    2 :  0.205 0.196 0.599 
111 OmyJC19ROGR    (0)    2 :  0.162 0.681 0.157 
112 OmyJC19ROGR    (2)    2 :  0.219 0.417 0.364 
113 OmyJC19ROGR    (0)    2 :  0.240 0.182 0.578 
114 OmyJC19ROGR    (5)    2 :  0.633 0.213 0.153 
115 OmyJC19ROGR    (0)    2 :  0.671 0.198 0.131 
116 OmyJC19ROGR    (0)    2 :  0.509 0.202 0.288 
117 OmyJC19ROGR    (0)    2 :  0.386 0.336 0.278 
118 OmyJC19ROGR    (0)    2 :  0.506 0.394 0.100 
119 OmyJC19ROGR    (2)    2 :  0.618 0.255 0.127 
120 OmyJC19ROGR    (0)    2 :  0.258 0.635 0.108 
121 OmyJC19ROGR    (0)    2 :  0.255 0.637 0.108 
122 OmyJC19ROGR    (0)    2 :  0.468 0.333 0.200 
123 OmyJC19ROGR    (1)    2 :  0.573 0.341 0.086 
124 OmyJC19ROGR    (0)    2 :  0.457 0.180 0.363 
125 OmyJC19ROGR    (0)    2 :  0.412 0.327 0.261 
126 OmyJC19ROGR    (0)    2 :  0.167 0.083 0.750 
127 OmyJC19ROGR    (0)    2 :  0.352 0.520 0.129 
128 OmyJC19ROGR    (1)    2 :  0.462 0.409 0.129 
129 OmyJC19ROGR    (0)    2 :  0.415 0.146 0.439 
130 OmyJC19ROGR    (2)    2 :  0.545 0.165 0.290 
131 OmyJC19ROGR    (0)    2 :  0.249 0.564 0.187 
132 OmyJC19ROGR    (0)    2 :  0.461 0.325 0.214 
133 OmyJC19ROGR    (0)    2 :  0.565 0.329 0.106 
134 OmyJC19ROGR    (0)    2 :  0.420 0.417 0.163 
135 OmyJC19ROGR    (0)    2 :  0.173 0.655 0.173 
136 OmyJC19ROGR    (4)    2 :  0.469 0.287 0.244 
137 OmyJC19ROGR    (0)    2 :  0.305 0.361 0.334 
138 OmyJC19ROGR    (0)    2 :  0.112 0.218 0.671 
139 OmyJC19ROGR    (3)    2 :  0.347 0.543 0.110 
140 OmyJC19ROGR    (1)    2 :  0.503 0.229 0.268 
141 OmyJC19ROGR    (0)    2 :  0.438 0.213 0.349 
142 OmyJC19ROGR    (0)    2 :  0.199 0.260 0.541 
143 OmyJC19ROGR    (0)    2 :  0.426 0.261 0.313 
144 OmyJC19ROGR    (0)    2 :  0.254 0.662 0.084 
145 OmyJC19ROGR    (0)    2 :  0.436 0.423 0.141 
146 OmyJC19ROGR    (1)    2 :  0.296 0.471 0.233 
147 OmyJC19ROGR    (0)    2 :  0.143 0.497 0.360 
148 OmyJC19ROGR    (0)    2 :  0.159 0.683 0.157 
149 OmyJC19ROGR    (0)    2 :  0.367 0.488 0.145 
150 OmyJC19ROGR    (1)    2 :  0.564 0.225 0.210 
151 OmyJC19ROGR    (0)    2 :  0.533 0.173 0.294 
152 OmyJC19ROGR    (0)    2 :  0.298 0.566 0.136 
153 OmyJC19ROGR    (0)    2 :  0.189 0.601 0.210 
154 OmyJC19ROGR    (0)    2 :  0.272 0.497 0.231 
155 OmyJC19ROGR    (0)    2 :  0.572 0.243 0.185 
156 OmyJC19ROGR    (0)    2 :  0.357 0.407 0.236 
157 OmyJC19ROGR    (0)    2 :  0.368 0.233 0.399 
158 OmyJC19ROGR    (0)    2 :  0.376 0.551 0.073 
159 OmyJC19ROGR    (0)    2 :  0.518 0.343 0.140 
160 OmyJC19ROGR    (0)    2 :  0.386 0.342 0.273 
161 OmyJC19ROGR    (1)    2 :  0.189 0.714 0.097 
162 OmyJC19ROGR    (0)    2 :  0.229 0.357 0.414 
163 OmyJC19ROGR    (0)    2 :  0.209 0.549 0.243 
164 OmyJC19ROGR    (0)    2 :  0.357 0.558 0.085 
165 OmyJC19ROGR    (0)    2 :  0.389 0.506 0.105 
166 OmyJC19ROGR    (0)    2 :  0.587 0.207 0.207 
167 OmyJC19ROGR    (0)    2 :  0.303 0.407 0.290 
168 OmyJC19ROGR    (0)    2 :  0.490 0.285 0.225 
169 OmyJC19ROGR    (0)    2 :  0.083 0.057 0.860 
170 OmyJC19ROGR    (0)    2 :  0.444 0.312 0.244 
171 OmyJC19ROGR    (0)    2 :  0.485 0.366 0.149 
172 OmyJC19ROGR    (0)    2 :  0.157 0.402 0.441 
173 OmyJC19ROGR    (0)    2 :  0.102 0.091 0.807 
174 OmyJC19ROGR    (0)    2 :  0.612 0.248 0.141 
175 OmyJC19ROGR    (0)    2 :  0.663 0.205 0.132 
176 OmyJC19ROGR    (0)    2 :  0.192 0.435 0.373 
177 OmyJC19ROGR    (0)    2 :  0.159 0.770 0.071 
178 OmyJC19ROGR    (0)    2 :  0.497 0.342 0.161 
179 OmyJC19ROGR    (0)    2 :  0.557 0.277 0.166 
180 OmyJC19ROGR    (0)    2 :  0.084 0.093 0.823 
181 OmyJC19ROGR    (0)    2 :  0.549 0.205 0.245 
182 OmyJC19ROGR    (0)    2 :  0.275 0.515 0.210 
183 OmyJC19ROGR    (0)    2 :  0.306 0.538 0.156 
184 OmyJC19ROGR    (0)    2 :  0.118 0.164 0.717 
185 OmyJC19ROGR    (0)    2 :  0.640 0.271 0.088 
186 OmyJC19ROGR    (0)    2 :  0.247 0.321 0.431 
187 OmyJC19ROGR    (0)    2 :  0.645 0.191 0.163 
188 OmyJC19ROGR    (0)    2 :  0.503 0.355 0.142 
189 OmyJC19ROGR    (0)    2 :  0.283 0.283 0.434 
190 OmyJC19ROGR    (0)    2 :  0.251 0.513 0.235 
191 OmyJC19ROGR    (0)    2 :  0.512 0.294 0.195 
192 OmyJC19ROGR    (0)    2 :  0.610 0.273 0.118 
193 OmyJC19ROGR    (0)    2 :  0.173 0.457 0.369 
194 OmyJC19ROGR    (0)    2 :  0.243 0.672 0.085 
195 OmyJC19ROGR    (0)    2 :  0.159 0.087 0.754 
196 OmyJC19ROGR    (0)    2 :  0.773 0.108 0.119 
197 OmyJC19ROGR    (0)    2 :  0.439 0.400 0.161 
198 OmyJC19ROGR    (0)    2 :  0.084 0.118 0.798 
199 OmyJC19ROGR    (0)    2 :  0.393 0.509 0.098 
200 OmyJC19ROGR    (0)    2 :  0.311 0.338 0.351 
201 OmyJC19ROGR    (0)    2 :  0.338 0.566 0.096 
202 OmyJC19ROGR    (0)    2 :  0.344 0.564 0.092 
203 OmyJC19ROGR    (0)    2 :  0.568 0.292 0.139 
204 OmyJC19ROGR    (0)    2 :  0.359 0.374 0.267 
205 OmyJC19ROGR    (0)    2 :  0.316 0.380 0.304 
206 OmyJC19ROGR    (0)    2 :  0.069 0.061 0.870 
207 OmyJC19ROGR    (0)    2 :  0.153 0.319 0.527 
208 OmyJC19ROGR    (0)    2 :  0.373 0.454 0.174 
209 OmyJC19ROGR    (0)    2 :  0.228 0.292 0.480 
210 OmyJC19ROGR    (0)    2 :  0.107 0.055 0.838 
211 OmyJC19ROGR    (0)    2 :  0.230 0.483 0.287 
212 OmyJC19ROGR    (1)    2 :  0.111 0.541 0.348 
213 OmyJC19ROGR    (1)    2 :  0.562 0.195 0.242 
214 OmyJC19ROGR    (0)    2 :  0.188 0.506 0.306 
215 OmyJC19ROGR    (0)    2 :  0.576 0.325 0.099 
216 OmyJC19ROGR    (0)    2 :  0.147 0.279 0.574 
217 OmyJC19ROGR    (0)    2 :  0.179 0.179 0.642 
218 OmyJC19ROGR    (0)    2 :  0.534 0.269 0.197 
219 OmyJC19ROGR    (0)    2 :  0.228 0.378 0.394 
220 OmyJC19ROGR    (0)    2 :  0.253 0.687 0.060 
221 OmyJC19ROGR    (0)    2 :  0.175 0.512 0.313 
222 OmyJC19ROGR    (0)    2 :  0.498 0.366 0.136 
223 OmyJC19ROGR    (0)    2 :  0.255 0.469 0.276 
224 OmyJC19ROGR    (1)    2 :  0.507 0.283 0.210 
225 OmyJC19ROGR    (0)    2 :  0.069 0.187 0.744 
226 OmyJC19ROGR    (0)    2 :  0.419 0.099 0.481 
227 OmyJC19ROGR    (0)    2 :  0.100 0.083 0.817 
228 OmyJC19ROGR    (0)    2 :  0.404 0.452 0.144 
229 OmyJC19ROGR    (0)    2 :  0.494 0.372 0.134 
230 OmyJC19ROGR    (0)    2 :  0.274 0.357 0.369 
231 OmyJC19ROGR    (0)    2 :  0.247 0.452 0.301 
232 OmyJC19ROGR    (2)    2 :  0.307 0.421 0.272 
233 OmyJC19ROGR    (0)    2 :  0.231 0.395 0.374 
234 OmyJC19ROGR    (0)    2 :  0.072 0.068 0.860 
235 OmyJC19ROGR    (0)    2 :  0.144 0.144 0.712 
236 OmyJC19ROGR    (0)    2 :  0.138 0.726 0.135 
237 OmyJC19ROGR    (0)    2 :  0.212 0.547 0.241 
238 OmyJC19ROGR    (0)    2 :  0.152 0.661 0.188 
239 OmyJC19ROGR    (0)    2 :  0.375 0.452 0.173 
240 OmyJC19ROGR    (0)    2 :  0.464 0.314 0.222 
241 OmyJC19ROGR    (0)    2 :  0.390 0.197 0.414 
242 OmyJC19ROGR    (0)    2 :  0.268 0.648 0.083 
243 OmyJC19ROGR    (0)    2 :  0.446 0.405 0.149 
244 OmyJC19ROGR    (0)    2 :  0.483 0.345 0.172 
245 OmyJC19ROGR    (0)    2 :  0.078 0.071 0.851 
246 OmyJC19ROGR    (0)    2 :  0.276 0.384 0.340 
247 OmyJC19ROGR    (0)    2 :  0.170 0.130 0.700 
248 OmyJC19ROGR    (0)    2 :  0.373 0.133 0.494 
249 OmyJC19ROGR    (0)    2 :  0.568 0.178 0.254 
250 OmyJC19ROGR    (0)    2 :  0.495 0.239 0.267 
251 OmyJC19ROGR    (0)    2 :  0.644 0.161 0.195 
252 OmyJC19ROGR    (0)    2 :  0.284 0.481 0.235 
253 OmyJC19ROGR    (0)    2 :  0.589 0.156 0.255 
254 OmyJC19ROGR    (0)    2 :  0.495 0.210 0.295 
255 OmyJC19ROGR    (0)    2 :  0.399 0.402 0.199 
256 OmyJC19ROGR    (0)    2 :  0.372 0.301 0.326 
257 OmyJC19ROGR    (0)    2 :  0.580 0.177 0.243 
258 OmyAC19ROGR    (0)    1 :  0.423 0.308 0.270 
259 OmyAC19ROGR    (0)    1 :  0.187 0.266 0.547 
260 OmyAC19ROGR    (0)    1 :  0.635 0.159 0.206 
261 OmyAC19ROGR    (0)    1 :  0.547 0.158 0.295 
262 OmyAC19ROGR    (0)    1 :  0.538 0.165 0.298 
263 OmyAC19ROGR    (0)    1 :  0.355 0.425 0.220 
264 OmyAC19ROGR    (0)    1 :  0.562 0.226 0.212 
265 OmyAC19ROGR    (0)    1 :  0.614 0.212 0.174 
266 OmyAC19ROGR    (0)    1 :  0.669 0.219 0.112 
267 OmyAC19ROGR    (0)    1 :  0.423 0.142 0.435 
268 OmyAC19ROGR    (0)    1 :  0.294 0.391 0.315 
269 OmyAC19ROGR    (1)    1 :  0.436 0.201 0.363 
270 OmyAC19ROGR    (0)    1 :  0.622 0.191 0.187 
271 OmyAC19ROGR    (0)    1 :  0.256 0.207 0.538 
272 OmyAC19ROGR    (0)    1 :  0.325 0.312 0.363 
273 OmyAC19ROGR    (0)    1 :  0.565 0.319 0.115 
274 OmyAC19ROGR    (0)    1 :  0.193 0.126 0.682 
275 OmyAC19ROGR    (0)    1 :  0.139 0.643 0.218 
276 OmyAC19ROGR    (0)    1 :  0.377 0.380 0.243 
277 OmyAC19ROGR    (0)    1 :  0.363 0.262 0.375 
278 OmyAC19ROGR    (0)    1 :  0.176 0.427 0.397 
279 OmyAC19ROGR    (0)    1 :  0.165 0.469 0.366 
280 OmyAC19ROGR    (0)    1 :  0.398 0.222 0.381 
281 OmyAC19ROGR    (0)    1 :  0.506 0.283 0.211 
282 OmyAC19ROGR    (0)    1 :  0.390 0.252 0.359 
283 OmyAC19ROGR    (0)    1 :  0.329 0.383 0.288 
284 OmyAC19ROGR    (0)    1 :  0.545 0.308 0.147 
285 OmyAC19ROGR    (0)    1 :  0.482 0.337 0.182 
286 OmyAC19ROGR    (0)    1 :  0.589 0.291 0.119 
287 OmyAC19ROGR    (0)    1 :  0.062 0.041 0.897 
288 OmyAC19ROGR    (0)    1 :  0.066 0.312 0.622 
289 OmyAC19ROGR    (0)    1 :  0.428 0.287 0.285 
290 OmyAC19ROGR    (1)    1 :  0.060 0.070 0.870 
291 OmyAC19ROGR    (0)    1 :  0.295 0.187 0.517 
292 OmyAC19ROGR    (0)    1 :  0.443 0.249 0.309 
293 OmyAC19ROGR    (0)    1 :  0.232 0.579 0.188 
294 OmyAC19ROGR    (0)    1 :  0.445 0.112 0.444 
295 OmyAC19ROGR    (0)    1 :  0.787 0.099 0.113 
296 OmyAC19ROGR    (0)    1 :  0.241 0.625 0.134 
297 OmyAC19ROGR    (0)    1 :  0.262 0.085 0.653 
298 OmyAC19ROGR    (0)    1 :  0.358 0.459 0.184 
299 OmyAC19ROGR    (0)    1 :  0.329 0.298 0.373 
300 OmyAC19ROGR    (0)    1 :  0.459 0.321 0.220 
301 OmyAC19ROGR    (0)    1 :  0.111 0.074 0.815 
302 OmyAC19ROGR    (0)    1 :  0.168 0.213 0.620 
303 OmyAC19ROGR    (0)    1 :  0.483 0.252 0.264 
304 OmyAC19ROGR    (0)    1 :  0.152 0.436 0.412 
305 OmyAC19ROGR    (0)    1 :  0.448 0.352 0.200 
306 OmyAC19ROGR    (0)    1 :  0.273 0.123 0.604 
307 OmyAC19ROGR    (1)    1 :  0.459 0.394 0.146 
308 OmyAC19ROGR    (0)    1 :  0.450 0.240 0.310 
309 OmyAC19ROGR    (0)    1 :  0.170 0.086 0.744 
310 OmyAC19ROGR    (0)    1 :  0.369 0.176 0.455 
311 OmyAC19ROGR    (0)    1 :  0.178 0.151 0.671 
312 OmyAC19ROGR    (0)    1 :  0.483 0.297 0.220 
313 OmyAC19ROGR    (0)    1 :  0.324 0.461 0.215 
314 OmyAC19ROGR    (0)    1 :  0.278 0.431 0.292 
315 OmyAC19ROGR    (0)    1 :  0.533 0.147 0.320 
316 OmyAC19ROGR    (0)    1 :  0.762 0.110 0.128 
317 OmyAC19ROGR    (0)    1 :  0.186 0.679 0.135 
318 OmyAC19ROGR    (0)    1 :  0.385 0.521 0.093 
319 OmyAC19ROGR    (0)    1 :  0.514 0.398 0.088 
320 OmyAC19ROGR    (0)    1 :  0.423 0.490 0.087 
321 OmyAC19ROGR    (0)    1 :  0.591 0.282 0.127 
322 OmyAC19ROGR    (0)    1 :  0.324 0.162 0.513 
323 OmyAC19ROGR    (0)    1 :  0.452 0.328 0.220 
324 OmyAC19ROGR    (0)    1 :  0.666 0.212 0.122 
325 OmyAC19ROGR    (0)    1 :  0.428 0.174 0.398 
326 OmyAC19ROGR    (0)    1 :  0.570 0.256 0.174 
327 OmyAC19ROGR    (0)    1 :  0.638 0.216 0.146 
328 OmyAC20ROGR    (0)    1 :  0.381 0.471 0.149 
329 OmyAC20ROGR    (0)    1 :  0.315 0.368 0.317 
330 OmyAC20ROGR    (0)    1 :  0.257 0.393 0.351 
331 OmyAC20ROGR    (0)    1 :  0.180 0.173 0.647 
332 OmyAC20ROGR    (0)    1 :  0.411 0.227 0.362 
333 OmyAC20ROGR    (0)    1 :  0.435 0.163 0.403 
334 OmyAC20ROGR    (0)    1 :  0.558 0.198 0.245 
335 OmyAC20ROGR    (0)    1 :  0.589 0.268 0.143 
336 OmyAC20ROGR    (0)    1 :  0.382 0.259 0.359 
337 OmyAC20ROGR    (0)    1 :  0.206 0.222 0.572 
338 OmyAC20ROGR    (0)    1 :  0.582 0.167 0.250 
339 OmyAC20ROGR    (0)    1 :  0.418 0.348 0.234 
340 OmyAC20ROGR    (0)    1 :  0.466 0.316 0.218 
341 OmyAC20ROGR    (0)    1 :  0.224 0.603 0.173 
342 OmyAC20ROGR    (0)    1 :  0.268 0.378 0.354 
343 OmyAC20ROGR    (0)    1 :  0.206 0.628 0.166 
344 OmyAC20ROGR    (0)    1 :  0.260 0.287 0.452 
345 OmyAC20ROGR    (1)    1 :  0.576 0.101 0.324 
346 OmyAC20ROGR    (0)    1 :  0.424 0.153 0.423 
347 OmyAC20ROGR    (0)    1 :  0.242 0.333 0.425 
348 OmyAC20ROGR    (0)    1 :  0.259 0.443 0.298 
349 OmyAC20ROGR    (0)    1 :  0.349 0.508 0.143 
350 OmyAC20ROGR    (0)    1 :  0.148 0.645 0.207 
351 OmyAC20ROGR    (0)    1 :  0.504 0.247 0.249 
352 OmyAC20ROGR    (0)    1 :  0.488 0.341 0.171 
353 OmyAC20ROGR    (0)    1 :  0.496 0.239 0.265 
354 OmyAC20ROGR    (0)    1 :  0.177 0.347 0.476 
355 OmyAC20ROGR    (0)    1 :  0.113 0.616 0.271 
356 OmyAC20ROGR    (0)    1 :  0.387 0.206 0.407 
357 OmyAC20ROGR    (0)    1 :  0.441 0.366 0.193 
358 OmyAC20ROGR    (0)    1 :  0.499 0.345 0.156 
359 OmyAC20ROGR    (0)    1 :  0.181 0.292 0.527 
360 OmyAC20ROGR    (0)    1 :  0.401 0.225 0.374 
361 OmyAC20ROGR    (0)    1 :  0.273 0.606 0.121 
362 OmyAC20ROGR    (0)    1 :  0.449 0.250 0.301 
363 OmyAC20ROGR    (0)    1 :  0.149 0.354 0.497 
364 OmyAC20ROGR    (1)    1 :  0.438 0.359 0.202 
365 OmyAC20ROGR    (0)    1 :  0.611 0.260 0.129 
366 OmyAC20ROGR    (0)    1 :  0.735 0.175 0.090 
367 OmyAC20ROGR    (0)    1 :  0.567 0.197 0.236 
368 OmyAC20ROGR    (0)    1 :  0.478 0.338 0.185 
369 OmyAC20ROGR    (0)    1 :  0.188 0.370 0.441 
370 OmyAC20ROGR    (0)    1 :  0.174 0.121 0.705 
371 OmyAC20ROGR    (0)    1 :  0.112 0.106 0.783 
372 OmyAC20ROGR    (2)    1 :  0.095 0.090 0.815 
373 OmyAC20ROGR    (0)    1 :  0.124 0.219 0.657 
374 OmyAC20ROGR    (0)    1 :  0.552 0.345 0.104 
375 OmyAC20ROGR    (0)    1 :  0.422 0.274 0.304 
376 OmyAC20ROGR    (0)    1 :  0.308 0.309 0.383 
377 OmyAC20ROGR    (0)    1 :  0.514 0.363 0.123 
378 OmyAC20ROGR    (0)    1 :  0.403 0.485 0.111 
379 OmyAC20ROGR    (0)    1 :  0.204 0.219 0.577 
380 OmyAC20ROGR    (0)    1 :  0.751 0.143 0.106 
381 OmyAC20ROGR    (0)    1 :  0.371 0.298 0.331 
382 OmyAC20ROGR    (0)    1 :  0.093 0.086 0.821 
383 OmyAC20ROGR    (0)    1 :  0.587 0.112 0.301 
384 OmyAC20ROGR    (0)    1 :  0.247 0.226 0.527 
385 OmyAC20ROGR    (0)    1 :  0.281 0.326 0.394 
386 OmyAC20ROGR    (0)    1 :  0.404 0.155 0.441 
387 OmyAC20ROGR    (0)    1 :  0.329 0.122 0.549 
388 OmyAC20ROGR    (0)    1 :  0.205 0.210 0.585 
389 OmyAC20ROGR    (0)    1 :  0.647 0.175 0.178 
390 OmyAC20ROGR    (0)    1 :  0.175 0.761 0.064 
391 OmyAC20ROGR    (0)    1 :  0.128 0.237 0.634 
392 OmyAC20ROGR    (0)    1 :  0.214 0.255 0.531 
393 OmyAC20ROGR    (0)    1 :  0.285 0.447 0.268 
394 OmyAC20ROGR    (0)    1 :  0.301 0.347 0.352 
395 OmyAC20ROGR    (0)    1 :  0.298 0.452 0.250 
396 OmyAC20ROGR    (0)    1 :  0.370 0.371 0.259 
397 OmyAC20ROGR    (0)    1 :  0.474 0.143 0.383 
398 OmyAC20ROGR    (0)    1 :  0.232 0.123 0.644 
399 OmyAC20ROGR    (0)    1 :  0.507 0.128 0.365 
400 OmyAC20ROGR    (0)    1 :  0.554 0.149 0.297 
401 OmyAC20ROGR    (0)    1 :  0.110 0.161 0.729 
402 OmyAC20ROGR    (0)    1 :  0.277 0.646 0.077 
403 OmyAC20ROGR    (0)    1 :  0.351 0.353 0.296 
404 OmyAC20ROGR    (0)    1 :  0.572 0.341 0.087 
405 OmyAC20ROGR    (0)    1 :  0.161 0.312 0.526 
406 OmyAC20ROGR    (0)    1 :  0.360 0.453 0.187 
407 OmyAC20ROGR    (0)    1 :  0.693 0.132 0.176 
408 OmyAC20ROGR    (0)    1 :  0.117 0.625 0.258 
409 OmyAC20ROGR    (0)    1 :  0.575 0.248 0.177 
410 OmyAC20ROGR    (0)    1 :  0.151 0.064 0.786 
411 OmyAC20ROGR    (0)    1 :  0.180 0.135 0.685 
412 OmyAC20ROGR    (0)    1 :  0.286 0.292 0.422 
413 OmyAC20ROGR    (0)    1 :  0.537 0.181 0.283 
414 OmyAC20ROGR    (0)    1 :  0.251 0.231 0.518 
415 OmyAC20ROGR    (0)    1 :  0.573 0.257 0.170 
416 OmyAC20ROGR    (0)    1 :  0.578 0.227 0.194 
417 OmyAC20ROGR    (0)    1 :  0.614 0.274 0.112 
418 OmyAC20ROGR    (0)    1 :  0.369 0.233 0.397 
419 OmyAC20ROGR    (0)    1 :  0.175 0.249 0.576 
420 OmyAC20ROGR    (0)    1 :  0.152 0.687 0.161 
421 OmyAC20ROGR    (0)    1 :  0.535 0.190 0.275 
422 OmyAC20ROGR    (0)    1 :  0.094 0.071 0.835 
423 OmyAC20ROGR    (0)    1 :  0.698 0.140 0.162 
424 OmyAC20ROGR    (0)    1 :  0.249 0.644 0.107 
425 OmyAC20ROGR    (0)    1 :  0.095 0.091 0.814 
426 OmyAC20ROGR    (0)    1 :  0.639 0.171 0.190 
427 OmyAC20ROGR    (0)    1 :  0.584 0.201 0.216 
428 OmyAC20ROGR    (0)    1 :  0.122 0.089 0.788 
429 OmyAC20ROGR    (0)    1 :  0.250 0.640 0.109 
430 OmyAC20ROGR    (0)    1 :  0.425 0.327 0.248 
431 OmyAC20ROGR    (0)    1 :  0.247 0.128 0.625 
432 OmyAC20ROGR    (0)    1 :  0.089 0.071 0.841 
433 OmyAC20ROGR    (0)    1 :  0.078 0.220 0.701 
434 OmyAC20ROGR    (0)    1 :  0.333 0.154 0.512 
435 OmyAC20ROGR    (0)    1 :  0.657 0.172 0.172 
436 OmyAC20ROGR    (0)    1 :  0.639 0.138 0.222 
437 OmyAC20ROGR    (0)    1 :  0.120 0.184 0.696 
438 OmyAC20ROGR    (0)    1 :  0.244 0.222 0.534 
439 OmyAC20ROGR    (0)    1 :  0.623 0.125 0.252 
440 OmyAC20ROGR    (0)    1 :  0.224 0.131 0.645 
441 OmyAC20ROGR    (0)    1 :  0.310 0.551 0.139 
442 OmyAC20ROGR    (0)    1 :  0.385 0.322 0.293 
443 OmyAC20ROGR    (0)    1 :  0.611 0.226 0.163 
444 OmyAC20ROGR    (0)    1 :  0.422 0.137 0.441 
445 OmyAC20ROGR    (0)    1 :  0.311 0.355 0.334 
446 OmyJC18ROGR    (0)    2 :  0.199 0.349 0.452 
447 OmyJC18ROGR    (0)    2 :  0.366 0.340 0.294 
448 OmyJC18ROGR    (0)    2 :  0.468 0.246 0.286 
449 OmyJC18ROGR    (0)    2 :  0.108 0.284 0.607 
450 OmyJC18ROGR    (0)    2 :  0.196 0.138 0.666 
451 OmyJC18ROGR    (0)    2 :  0.142 0.081 0.777 
452 OmyJC18ROGR    (0)    2 :  0.360 0.181 0.459 
453 OmyJC18ROGR    (0)    2 :  0.137 0.780 0.083 
454 OmyJC18ROGR    (0)    2 :  0.120 0.103 0.777 
455 OmyJC18ROGR    (0)    2 :  0.419 0.299 0.282 
456 OmyJC18ROGR    (0)    2 :  0.113 0.085 0.802 
457 OmyJC18ROGR    (0)    2 :  0.611 0.124 0.265 
458 OmyJC18ROGR    (0)    2 :  0.169 0.538 0.293 
459 OmyJC18ROGR    (1)    2 :  0.688 0.221 0.091 
460 OmyJC18ROGR    (2)    2 :  0.365 0.290 0.345 
461 OmyJC18ROGR    (2)    2 :  0.340 0.165 0.495 
462 OmyJC18ROGR    (3)    2 :  0.212 0.374 0.414 
463 OmyJC18ROGR    (0)    2 :  0.113 0.146 0.741 
464 OmyJC18ROGR    (4)    2 :  0.663 0.241 0.096 
465 OmyJC18ROGR    (3)    2 :  0.358 0.393 0.249 
466 OmyJC18ROGR    (0)    2 :  0.417 0.252 0.331 
467 OmyJC18ROGR    (0)    2 :  0.561 0.224 0.215 
468 OmyJC18ROGR    (0)    2 :  0.217 0.488 0.295 
469 OmyJC18ROGR    (0)    2 :  0.116 0.071 0.813 
470 OmyJC18ROGR    (5)    2 :  0.174 0.218 0.608 
471 OmyJC18ROGR    (1)    2 :  0.414 0.235 0.351 
472 OmyJC18ROGR    (2)    2 :  0.531 0.214 0.256 
473 OmyJC18ROGR    (3)    2 :  0.441 0.420 0.139 
474 OmyJC18ROGR    (0)    2 :  0.107 0.773 0.120 
475 OmyJC18ROGR    (2)    2 :  0.226 0.234 0.540 
476 OmyJC18ROGR    (1)    2 :  0.658 0.193 0.150 
477 OmyJC18ROGR    (4)    2 :  0.226 0.423 0.351 
478 OmyJC18ROGR    (0)    2 :  0.484 0.322 0.194 
479 OmyJC18ROGR    (0)    2 :  0.685 0.201 0.114 
480 OmyJC18ROGR    (1)    2 :  0.402 0.307 0.291 
481 OmyJC18ROGR    (3)    2 :  0.364 0.401 0.235 
482 OmyJC18ROGR    (3)    2 :  0.311 0.593 0.095 
483 OmyJC18ROGR    (4)    2 :  0.351 0.511 0.138 
484 OmyJC18ROGR    (4)    2 :  0.471 0.354 0.175 
485 OmyJC18ROGR    (3)    2 :  0.182 0.286 0.531 
486 OmyJC18ROGR    (3)    2 :  0.218 0.260 0.522 
487 OmyJC18ROGR    (1)    2 :  0.231 0.486 0.283 
488 OmyJC18ROGR    (5)    2 :  0.534 0.284 0.181 
489 OmyJC18ROGR    (0)    2 :  0.477 0.369 0.154 
490 OmyJC18ROGR    (3)    2 :  0.518 0.236 0.246 
491 OmyJC18ROGR    (7)    2 :  0.129 0.676 0.195 
492 OmyJC18ROGR    (6)    2 :  0.145 0.765 0.090 
493 OmyJC18ROGR    (3)    2 :  0.513 0.188 0.299 
494 OmyJC18ROGR    (3)    2 :  0.130 0.095 0.775 
495 OmyJC18ROGR    (5)    2 :  0.305 0.236 0.459 
496 OmyJC18ROGR    (0)    2 :  0.419 0.314 0.268 
497 OmyJC18ROGR    (5)    2 :  0.241 0.667 0.092 
498 OmyJC18ROGR    (6)    2 :  0.467 0.233 0.300 
499 OmyJC18ROGR    (0)    2 :  0.675 0.190 0.135 
500 OmyJC18ROGR    (1)    2 :  0.233 0.591 0.175 
501 OmyJC18ROGR    (4)    2 :  0.262 0.179 0.559 
502 OmyJC18ROGR    (2)    2 :  0.227 0.403 0.371 
503 OmyJC18ROGR    (5)    2 :  0.374 0.463 0.162 
504 OmyJC18ROGR    (2)    2 :  0.286 0.302 0.412 
505 OmyJC18ROGR    (0)    2 :  0.280 0.289 0.431 
506 OmyJC18ROGR    (8)    2 :  0.287 0.520 0.193 
507 OmyJC18ROGR    (0)    2 :  0.260 0.448 0.292 
508 OmyJC18ROGR    (0)    2 :  0.212 0.458 0.330 
509 OmyJC18ROGR    (1)    2 :  0.071 0.068 0.861 
510 OmyJC18ROGR    (1)    2 :  0.494 0.250 0.256 
511 OmyJC18ROGR    (5)    2 :  0.318 0.367 0.315 
512 OmyJC18ROGR    (2)    2 :  0.094 0.148 0.758 
513 OmyJC18ROGR    (9)    2 :  0.232 0.297 0.471 
514 OmyJC18ROGR    (4)    2 :  0.191 0.317 0.492 
515 OmyJC18ROGR    (1)    2 :  0.228 0.551 0.221 
516 OmyJC18ROGR    (3)    2 :  0.471 0.206 0.324 
517 OmyJC18ROGR    (3)    2 :  0.206 0.214 0.579 
518 OmyJC18ROGR    (0)    2 :  0.233 0.575 0.192 
519 OmyJC18ROGR    (9)    2 :  0.451 0.365 0.184 
520 OmyJC18ROGR    (6)    2 :  0.391 0.287 0.322 
521 OmyJC18ROGR    (2)    2 :  0.327 0.384 0.289 
522 OmyJC18ROGR    (1)    2 :  0.506 0.221 0.273 
523 OmyJC18ROGR    (4)    2 :  0.403 0.375 0.221 
524 OmyJC18ROGR    (0)    2 :  0.605 0.180 0.215 
525 OmyJC18ROGR    (2)    2 :  0.326 0.476 0.197 
526 OmyJC18ROGR    (3)    2 :  0.266 0.496 0.237 
527 OmyJC18ROGR    (0)    2 :  0.544 0.287 0.169 
528 OmyJC18ROGR    (0)    2 :  0.472 0.386 0.142 
529 OmyJC18ROGR    (1)    2 :  0.631 0.204 0.165 
530 OmyJC18ROGR    (0)    2 :  0.392 0.475 0.133 
531 OmyJC18ROGR    (0)    2 :  0.530 0.133 0.337 
532 OmyJC18ROGR    (2)    2 :  0.443 0.449 0.108 
533 OmyJC18ROGR    (2)    2 :  0.742 0.183 0.074 
534 OmyJC18ROGR    (2)    2 :  0.406 0.383 0.211 
535 OmyJC18ROGR    (0)    2 :  0.562 0.255 0.183 
536 OmyJC18ROGR    (0)    2 :  0.499 0.364 0.137 
537 OmyJC18ROGR    (0)    2 :  0.544 0.375 0.081 
538 OmyJC18ROGR    (0)    2 :  0.535 0.274 0.191 
539 OmyJC18ROGR    (0)    2 :  0.534 0.292 0.174 
540 OmyJC18ROGR    (8)    2 :  0.148 0.668 0.184 
541 OmyJC18ROGR    (1)    2 :  0.480 0.273 0.247 
542 OmyJC18ROGR    (1)    2 :  0.191 0.400 0.409 
543 OmyJC18ROGR    (0)    2 :  0.222 0.547 0.231 
544 OmyJC18ROGR    (2)    2 :  0.480 0.346 0.174 
545 OmyJC18ROGR    (1)    2 :  0.243 0.148 0.609 
546 OmyJC18ROGR    (9)    2 :  0.515 0.378 0.107 
547 OmyJC18ROGR    (0)    2 :  0.535 0.158 0.307 
548 OmyJC18ROGR    (0)    2 :  0.257 0.372 0.371 
549 OmyJC18ROGR    (0)    2 :  0.390 0.332 0.279 
550 OmyJC18ROGR    (1)    2 :  0.228 0.163 0.609 
551 OmyJC18ROGR    (1)    2 :  0.330 0.486 0.184 
552 OmyJC18ROGR    (2)    2 :  0.533 0.176 0.291 
553 OmyJC18ROGR   (10)    2 :  0.415 0.391 0.194 
554 OmyJC18ROGR    (2)    2 :  0.396 0.434 0.170 
555 OmyJC18ROGR    (4)    2 :  0.392 0.456 0.152 
556 OmyJC18ROGR    (0)    2 :  0.321 0.429 0.249 
557 OmyJC18ROGR    (2)    2 :  0.317 0.274 0.409 
558 OmyJC18ROGR    (0)    2 :  0.413 0.131 0.456 
559 OmyJC18ROGR    (0)    2 :  0.186 0.631 0.183 
560 OmyJC18ROGR    (8)    2 :  0.321 0.380 0.299 
561 OmyJC18ROGR    (0)    2 :  0.710 0.195 0.095 
562 OmyJC18ROGR    (8)    2 :  0.309 0.393 0.298 
563 OmyJC18ROGR    (2)    2 :  0.374 0.416 0.210 
564 OmyJC18ROGR    (4)    2 :  0.482 0.282 0.236 
565 OmyJC18ROGR    (3)    2 :  0.286 0.404 0.309 
566 OmyJC18ROGR    (1)    2 :  0.290 0.367 0.343 
567 OmyJC18ROGR    (0)    2 :  0.255 0.549 0.196 
568 OmyJC18ROGR    (5)    2 :  0.386 0.284 0.329 
569 OmyJC18ROGR    (2)    2 :  0.177 0.708 0.115 
570 OmyJC18ROGR    (0)    2 :  0.552 0.248 0.200 
571 OmyJC18ROGR    (2)    2 :  0.605 0.191 0.203 
572 OmyJC18ROGR    (6)    2 :  0.352 0.463 0.185 
573 OmyJC18ROGR    (5)    2 :  0.224 0.217 0.559 
574 OmyJC18ROGR    (8)    2 :  0.449 0.209 0.342 
575 OmyJC18ROGR    (3)    2 :  0.452 0.424 0.123 
576 OmyJC18ROGR    (0)    2 :  0.187 0.547 0.266 
577 OmyJC18ROGR    (0)    2 :  0.089 0.072 0.839 
578 OmyJC18ROGR    (1)    2 :  0.515 0.307 0.178 
579 OmyJC18ROGR    (0)    2 :  0.264 0.078 0.658 
580 OmyJC18ROGR    (0)    2 :  0.395 0.495 0.110 
581 OmyJC18ROGR    (6)    2 :  0.278 0.530 0.192 
582 OmyJC18ROGR    (7)    2 :  0.541 0.340 0.120 
583 OmyJC18ROGR    (3)    2 :  0.458 0.374 0.168 
584 OmyJC18ROGR    (5)    2 :  0.453 0.363 0.184 
585 OmyJC18ROGR    (1)    2 :  0.512 0.181 0.307 
586 OmyJC18ROGR    (2)    2 :  0.525 0.381 0.093 
587 OmyJC18ROGR    (0)    2 :  0.062 0.051 0.887 
588 OmyJC18ROGR    (0)    2 :  0.282 0.318 0.401 
589 OmyJC18ROGR    (1)    2 :  0.277 0.482 0.241 
590 OmyJC18ROGR    (2)    2 :  0.698 0.240 0.062 
591 OmyJC18ROGR    (0)    2 :  0.486 0.346 0.168 
592 OmyJC18ROGR    (4)    2 :  0.414 0.400 0.187 
593 OmyJC18ROGR    (0)    2 :  0.372 0.293 0.335 
594 OmyJC18ROGR    (1)    2 :  0.616 0.235 0.149 
595 OmyJC18ROGR    (0)    2 :  0.174 0.467 0.359 
596 OmyJC18ROGR    (0)    2 :  0.405 0.345 0.250 
597 OmyJC18ROGR    (0)    2 :  0.225 0.492 0.283 
598 OmyJC18ROGR    (0)    2 :  0.411 0.414 0.175 
599 OmyJC18ROGR    (0)    2 :  0.484 0.214 0.303 
600 OmyJC18ROGR    (0)    2 :  0.537 0.250 0.213 
601 OmyJC18ROGR    (0)    2 :  0.296 0.612 0.093 
602 OmyJC18ROGR    (0)    2 :  0.265 0.357 0.378 
603 OmyJC18ROGR    (0)    2 :  0.563 0.308 0.129 
604 OmyJC18ROGR    (0)    2 :  0.622 0.245 0.134 
605 OmyJC18ROGR    (0)    2 :  0.408 0.439 0.153 
606 OmyJC18ROGR    (0)    2 :  0.361 0.330 0.309 
607 OmyJC18ROGR    (0)    2 :  0.696 0.142 0.162 
608 OmyJC18ROGR    (0)    2 :  0.688 0.202 0.110 
609 OmyJC18ROGR    (0)    2 :  0.177 0.661 0.161 
610 OmyJC18ROGR    (6)    2 :  0.164 0.096 0.740 
611 OmyJC18ROGR    (0)    2 :  0.273 0.316 0.411 
612 OmyJC18ROGR    (3)    2 :  0.448 0.243 0.309 
613 OmyJC18ROGR    (0)    2 :  0.423 0.307 0.269 
614 OmyJC18ROGR    (0)    2 :  0.258 0.323 0.418 
615 OmyJC18ROGR    (0)    2 :  0.748 0.165 0.087 
616 OmyJC18ROGR    (0)    2 :  0.096 0.735 0.169 
617 OmyJC18ROGR    (0)    2 :  0.428 0.317 0.256 
618 OmyJC18ROGR    (0)    2 :  0.544 0.117 0.338 
619 OmyJC18ROGR    (0)    2 :  0.445 0.411 0.144 
620 OmyJC18ROGR    (0)    2 :  0.111 0.482 0.407 
621 OmyJC18ROGR    (2)    2 :  0.180 0.625 0.195 
622 OmyJC18ROGR    (3)    2 :  0.204 0.513 0.283 
623 OmyJC18ROGR    (1)    2 :  0.590 0.128 0.281 
624 OmyJC18ROGR    (2)    2 :  0.307 0.443 0.250 
625 OmyJC18ROGR    (1)    2 :  0.362 0.222 0.416 
626 OmyJC18ROGR    (9)    2 :  0.308 0.577 0.116 
627 OmyJC18ROGR    (0)    2 :  0.362 0.333 0.306 
628 OmyJC18ROGR    (0)    2 :  0.058 0.059 0.882 
629 OmyJC18ROGR    (2)    2 :  0.396 0.247 0.357 
630 OmyJC18ROGR    (1)    2 :  0.122 0.796 0.082 
631 OmyJC18ROGR    (4)    2 :  0.690 0.212 0.098 
632 OmyJC18ROGR    (0)    2 :  0.199 0.618 0.184 
633 OmyJC18ROGR    (7)    2 :  0.279 0.544 0.177 
634 OmyJC18ROGR    (2)    2 :  0.385 0.139 0.475 
635 OmyJC18ROGR    (0)    2 :  0.178 0.730 0.093 
636 OmyJC18ROGR    (0)    2 :  0.139 0.507 0.354 
637 OmyJC18ROGR    (0)    2 :  0.448 0.214 0.338 
638 OmyJC18ROGR    (0)    2 :  0.127 0.716 0.157 
639 OmyJC18ROGR    (1)    2 :  0.338 0.399 0.263 
640 OmyJC18ROGR    (2)    2 :  0.385 0.112 0.503 
641 OmyJC18ROGR    (1)    2 :  0.570 0.188 0.242 
642 OmyJC18ROGR    (3)    2 :  0.482 0.129 0.389 
643 OmyJC18ROGR    (1)    2 :  0.330 0.479 0.191 
644 OmyJC18ROGR   (10)    2 :  0.728 0.177 0.095 
645 OmyJC18ROGR    (6)    2 :  0.451 0.210 0.339 
646 OmyJC18ROGR    (0)    2 :  0.430 0.414 0.157 
647 OmyJC18ROGR    (2)    2 :  0.488 0.180 0.332 
648 OmyJC18ROGR    (0)    2 :  0.326 0.575 0.098 
649 OmyJC18ROGR    (0)    2 :  0.703 0.151 0.145 
650 OmyJC18ROGR    (1)    2 :  0.427 0.462 0.111 
651 OmyJC18ROGR    (6)    2 :  0.093 0.127 0.780 
652 OmyJC18ROGR    (1)    2 :  0.432 0.260 0.308 
653 OmyJC18ROGR    (4)    2 :  0.276 0.534 0.190 
654 OmyJC18ROGR    (1)    2 :  0.328 0.407 0.265 
655 OmyJC18ROGR    (4)    2 :  0.322 0.187 0.491 
656 OmyJC18ROGR    (0)    2 :  0.656 0.195 0.148 
657 OmyJC18ROGR    (0)    2 :  0.559 0.238 0.204 
658 OmyJC18ROGR    (0)    2 :  0.252 0.615 0.133 
659 OmyJC18ROGR    (7)    2 :  0.715 0.221 0.064 
660 OmyJC18ROGR    (4)    2 :  0.562 0.192 0.246 
661 OmyJC18ROGR    (3)    2 :  0.678 0.221 0.101 
662 OmyJC18ROGR    (2)    2 :  0.684 0.151 0.166 
663 OmyJC18ROGR    (2)    2 :  0.230 0.334 0.435 
664 OmyJC18ROGR    (0)    2 :  0.270 0.630 0.100 
665 OmyJC18ROGR    (1)    2 :  0.492 0.223 0.286 
666 OmyJC18ROGR    (0)    2 :  0.109 0.127 0.764 
667 OmyJC18ROGR    (0)    2 :  0.284 0.186 0.530 
668 OmyJC18ROGR    (1)    2 :  0.345 0.271 0.384 
669 OmyJC18ROGR    (5)    2 :  0.474 0.206 0.320 
670 OmyJC18ROGR   (10)    2 :  0.628 0.257 0.115 
671 OmyJC18ROGR    (3)    2 :  0.607 0.235 0.158 
672 OmyJC18ROGR    (0)    2 :  0.466 0.436 0.098 
673 OmyJC18ROGR    (6)    2 :  0.103 0.752 0.146 
674 OmyJC18ROGR    (0)    2 :  0.367 0.427 0.206 
675 OmyJC18ROGR    (0)    2 :  0.259 0.649 0.092 
676 OmyJC18ROGR    (1)    2 :  0.539 0.285 0.176 
677 OmyJC18ROGR    (4)    2 :  0.384 0.166 0.450 
678 OmyJC18ROGR    (9)    2 :  0.405 0.265 0.329 
679 OmyJC18ROGR    (1)    2 :  0.382 0.272 0.346 
680 OmyJC18ROGR    (1)    2 :  0.455 0.278 0.267 
681 OmyJC18ROGR    (1)    2 :  0.118 0.389 0.493 
682 OmyJC18ROGR    (2)    2 :  0.148 0.241 0.611 
683 OmyJC18ROGR    (0)    2 :  0.691 0.098 0.211 
684 OmyJC18ROGR    (0)    2 :  0.370 0.407 0.223 
685 OmyJC18ROGR    (0)    2 :  0.330 0.465 0.206 
686 OmyJC18ROGR    (0)    2 :  0.138 0.756 0.106 
687 OmyJC18ROGR    (4)    2 :  0.369 0.497 0.133 
688 OmyJC18ROGR    (2)    2 :  0.227 0.275 0.498 
689 OmyJC18ROGR    (2)    2 :  0.119 0.367 0.514 
690 OmyJC18ROGR    (6)    2 :  0.376 0.218 0.406 
691 OmyJC18ROGR    (7)    2 :  0.267 0.374 0.358 
692 OmyJC18ROGR    (0)    2 :  0.356 0.284 0.360 
693 OmyJC18ROGR    (3)    2 :  0.110 0.801 0.089 
694 OmyJC18ROGR    (0)    2 :  0.227 0.685 0.088 
695 OmyJC18ROGR    (0)    2 :  0.405 0.241 0.354 
696 OmyJC18ROGR    (0)    2 :  0.394 0.434 0.172 
697 OmyJC18ROGR    (3)    2 :  0.433 0.380 0.187 
698 OmyJC18ROGR    (0)    2 :  0.500 0.432 0.068 
699 OmyJC18ROGR    (0)    2 :  0.521 0.166 0.314 
700 OmyJC18ROGR    (0)    2 :  0.694 0.136 0.170 
701 OmyJC18ROGR    (0)    2 :  0.230 0.598 0.172 
702 OmyJC18ROGR    (1)    2 :  0.171 0.300 0.529 
703 OmyJC18ROGR    (0)    2 :  0.282 0.222 0.497 
704 OmyJC18ROGR    (0)    2 :  0.099 0.348 0.553 
705 OmyJC18ROGR    (0)    2 :  0.488 0.288 0.224 
706 OmyJC18ROGR    (0)    2 :  0.125 0.554 0.321 
707 OmyJC18ROGR    (2)    2 :  0.211 0.534 0.255 
708 OmyJC18ROGR    (1)    2 :  0.512 0.196 0.292 
709 OmyJC18ROGR    (0)    2 :  0.146 0.493 0.361 
710 OmyJC18ROGR    (0)    2 :  0.566 0.186 0.249 
711 OmyJC18ROGR    (0)    2 :  0.365 0.254 0.380 
712 OmyJC18ROGR    (1)    2 :  0.658 0.226 0.116 
713 OmyJC18ROGR    (0)    2 :  0.176 0.619 0.205 
714 OmyJC18ROGR    (0)    2 :  0.577 0.155 0.268 
715 OmyJC18ROGR    (0)    2 :  0.589 0.221 0.190 
716 OmyJC18ROGR    (0)    2 :  0.257 0.163 0.580 
717 OmyJC18ROGR    (2)    2 :  0.138 0.695 0.167 
718 OmyJC18ROGR    (1)    2 :  0.531 0.351 0.118 
719 OmyJC18ROGR    (9)    2 :  0.523 0.382 0.095 
720 OmyJC18ROGR    (4)    2 :  0.474 0.289 0.237 
721 OmyJC18ROGR    (2)    2 :  0.142 0.703 0.155 
722 OmyJC18ROGR    (0)    2 :  0.114 0.733 0.153 
723 OmyJC18ROGR    (0)    2 :  0.133 0.711 0.157 
724 OmyJC18ROGR    (0)    2 :  0.224 0.195 0.581 
725 OmyJC18ROGR    (0)    2 :  0.670 0.171 0.160 
726 OmyJC18ROGR    (0)    2 :  0.592 0.140 0.268 
727 OmyJC18ROGR    (1)    2 :  0.154 0.500 0.345 
728 OmyJC18ROGR    (1)    2 :  0.328 0.130 0.542 
729 OmyJC18ROGR    (1)    2 :  0.678 0.201 0.122 
730 OmyJC18ROGR    (0)    2 :  0.223 0.442 0.335 
731 OmyJC18ROGR    (2)    2 :  0.138 0.129 0.733 
732 OmyJC18ROGR    (1)    2 :  0.206 0.406 0.388 
733 OmyJC18ROGR    (0)    2 :  0.143 0.751 0.106 
734 OmyJC18ROGR    (0)    2 :  0.740 0.152 0.108 
735 OmyJC18ROGR    (0)    2 :  0.485 0.368 0.148 
736 OmyJC18ROGR    (0)    2 :  0.503 0.254 0.243 
737 OmyJC18ROGR    (0)    2 :  0.148 0.483 0.370 
738 OmyJC18ROGR    (0)    2 :  0.292 0.276 0.433 
739 OmyJC18ROGR    (0)    2 :  0.344 0.229 0.428 
740 OmyJC18ROGR    (0)    2 :  0.667 0.243 0.090 
741 OmyJC18ROGR    (0)    2 :  0.242 0.420 0.338 
742 OmyJC18ROGR    (0)    2 :  0.639 0.223 0.138 
743 OmyJC18ROGR    (0)    2 :  0.678 0.176 0.146 
744 OmyJC18ROGR    (0)    2 :  0.510 0.358 0.132 
745 OmyJC18ROGR    (0)    2 :  0.294 0.597 0.110 
746 OmyJC18ROGR    (0)    2 :  0.270 0.218 0.512 
747 OmyJC18ROGR    (0)    2 :  0.154 0.090 0.756 
748 OmyJC18ROGR    (2)    2 :  0.340 0.285 0.375 
749 OmyJC18ROGR    (7)    2 :  0.217 0.503 0.280 
750 OmyJC18ROGR    (2)    2 :  0.506 0.208 0.286 
751 OmyJC18ROGR    (0)    2 :  0.541 0.127 0.332 
752 OmyJC18ROGR    (5)    2 :  0.182 0.730 0.088 
753 OmyJC18ROGR    (0)    2 :  0.609 0.301 0.089 
754 OmyJC18ROGR    (0)    2 :  0.401 0.471 0.128 
755 OmyJC18ROGR    (0)    2 :  0.130 0.781 0.089 
756 OmyJC18ROGR    (0)    2 :  0.188 0.431 0.380 
757 OmyJC18ROGR    (0)    2 :  0.311 0.387 0.302 
758 OmyJC18ROGR    (1)    2 :  0.549 0.210 0.242 
759 OmyJC18ROGR    (0)    2 :  0.197 0.445 0.358 
760 OmyJC18ROGR    (0)    2 :  0.295 0.230 0.475 
761 OmyJC18ROGR    (0)    2 :  0.653 0.289 0.058 
