

----------------------------------------------------
STRUCTURE by Pritchard, Stephens and Donnelly (2000)
     and Falush, Stephens and Pritchard (2003)
       Code by Pritchard, Falush and Hubisz
             Version 2.3.4 (Jul 2012)
----------------------------------------------------



Command line arguments:   bin/structure -m "/Users/ddayan/FRA/half_pounder_2023/structure/halfpounder_p3/10k_20k_adm_corr_3/mainparams" -e "/Users/ddayan/FRA/half_pounder_2023/structure/halfpounder_p3/10k_20k_adm_corr_3/extraparams" 
Input File:    /Users/ddayan/FRA/half_pounder_2023/structure/halfpounder_p3/project_data

Run parameters:
   1000 individuals
   233 loci
   5 populations assumed
   10000 Burn-in period
   20000 Reps


--------------------------------------------
Proportion of membership of each pre-defined
 population in each of the 5 clusters

Given    Inferred Clusters                     Number of
 Pop       1      2      3      4      5      Individuals

  1:     0.166  0.207  0.219  0.203  0.205      275
  2:     0.207  0.195  0.195  0.200  0.203      643
  3:     0.370  0.058  0.241  0.137  0.194       42
  4:     0.239  0.058  0.228  0.262  0.215       40
--------------------------------------------

Allele-freq. divergence among pops (Net nucleotide distance),
computed using point estimates of P.

      1       2       3       4       5      
 1      -    0.0131  0.0041  0.0036  0.0034  
 2   0.0131     -    0.0104  0.0093  0.0093  
 3   0.0041  0.0104     -    0.0015  0.0010  
 4   0.0036  0.0093  0.0015     -    0.0007  
 5   0.0034  0.0093  0.0010  0.0007     -    

Average distances (expected heterozygosity) between individuals in same cluster:
cluster  1  : 0.3055 
cluster  2  : 0.2811 
cluster  3  : 0.3105 
cluster  4  : 0.3146 
cluster  5  : 0.3124 

--------------------------------------------
Estimated Ln Prob of Data   = -217641.4
Mean value of ln likelihood = -214747.2
Variance of ln likelihood   = 5788.5
Mean value of alpha         = 0.2341

Mean value of Fst_1         = 0.0275
Mean value of Fst_2         = 0.0762
Mean value of Fst_3         = 0.0170
Mean value of Fst_4         = 0.0119
Mean value of Fst_5         = 0.0112


Inferred ancestry of individuals:
        Label (%Miss) Pop:  Inferred clusters
  1 OmyAC19ROGR    (0)    1 :  0.139 0.031 0.178 0.286 0.366 
  2 OmyAC19ROGR    (0)    1 :  0.053 0.092 0.274 0.275 0.307 
  3 OmyAC19ROGR    (0)    1 :  0.208 0.057 0.191 0.235 0.309 
  4 OmyAC19ROGR    (0)    1 :  0.056 0.026 0.622 0.133 0.162 
  5 OmyAC19ROGR    (1)    1 :  0.032 0.884 0.024 0.030 0.030 
  6 OmyAC19ROGR    (0)    1 :  0.309 0.322 0.141 0.091 0.136 
  7 OmyAC19ROGR    (0)    1 :  0.242 0.277 0.095 0.234 0.151 
  8 OmyAC19ROGR    (0)    1 :  0.586 0.024 0.071 0.219 0.100 
  9 OmyAC19ROGR    (0)    1 :  0.107 0.399 0.144 0.123 0.227 
 10 OmyAC19ROGR    (0)    1 :  0.050 0.328 0.154 0.228 0.240 
 11 OmyAC19ROGR    (0)    1 :  0.483 0.059 0.223 0.119 0.117 
 12 OmyAC19ROGR    (0)    1 :  0.094 0.193 0.137 0.220 0.357 
 13 OmyAC19ROGR    (0)    1 :  0.291 0.029 0.084 0.474 0.122 
 14 OmyAC19ROGR    (0)    1 :  0.177 0.146 0.087 0.457 0.132 
 15 OmyAC19ROGR    (0)    1 :  0.059 0.389 0.102 0.317 0.135 
 16 OmyAC19ROGR    (0)    1 :  0.333 0.077 0.247 0.201 0.143 
 17 OmyAC19ROGR    (0)    1 :  0.035 0.116 0.354 0.362 0.133 
 18 OmyAC19ROGR    (3)    1 :  0.137 0.018 0.164 0.188 0.493 
 19 OmyAC19ROGR    (0)    1 :  0.704 0.047 0.049 0.098 0.102 
 20 OmyAC19ROGR    (0)    1 :  0.036 0.319 0.188 0.232 0.225 
 21 OmyAC19ROGR    (0)    1 :  0.066 0.310 0.226 0.156 0.243 
 22 OmyAC19ROGR    (0)    1 :  0.516 0.070 0.088 0.148 0.177 
 23 OmyAC19ROGR    (0)    1 :  0.166 0.307 0.082 0.243 0.201 
 24 OmyAC19ROGR    (1)    1 :  0.175 0.039 0.294 0.099 0.394 
 25 OmyAC19ROGR    (0)    1 :  0.166 0.435 0.068 0.237 0.094 
 26 OmyAC19ROGR    (0)    1 :  0.313 0.088 0.115 0.217 0.266 
 27 OmyAC19ROGR    (2)    1 :  0.225 0.056 0.094 0.428 0.196 
 28 OmyAC19ROGR    (0)    1 :  0.086 0.048 0.536 0.111 0.218 
 29 OmyAC19ROGR    (0)    1 :  0.056 0.065 0.257 0.269 0.353 
 30 OmyAC19ROGR    (0)    1 :  0.124 0.390 0.075 0.089 0.322 
 31 OmyAC19ROGR    (0)    1 :  0.259 0.063 0.299 0.149 0.229 
 32 OmyAC19ROGR    (0)    1 :  0.083 0.149 0.293 0.241 0.234 
 33 OmyAC19ROGR    (0)    1 :  0.093 0.085 0.492 0.086 0.244 
 34 OmyAC19ROGR    (0)    1 :  0.103 0.448 0.153 0.158 0.138 
 35 OmyAC19ROGR    (0)    1 :  0.087 0.069 0.394 0.152 0.298 
 36 OmyAC19ROGR    (0)    1 :  0.540 0.045 0.092 0.171 0.152 
 37 OmyAC19ROGR    (0)    1 :  0.622 0.169 0.069 0.065 0.075 
 38 OmyAC19ROGR    (0)    1 :  0.145 0.560 0.061 0.112 0.122 
 39 OmyAC19ROGR    (0)    1 :  0.048 0.064 0.157 0.279 0.451 
 40 OmyAC19ROGR    (0)    1 :  0.068 0.404 0.167 0.179 0.182 
 41 OmyAC19ROGR    (0)    1 :  0.093 0.048 0.253 0.235 0.371 
 42 OmyAC19ROGR    (0)    1 :  0.059 0.747 0.063 0.060 0.070 
 43 OmyAC19ROGR    (0)    1 :  0.059 0.045 0.127 0.306 0.463 
 44 OmyAC19ROGR    (8)    1 :  0.169 0.049 0.468 0.107 0.207 
 45 OmyAC19ROGR    (2)    1 :  0.197 0.416 0.186 0.087 0.115 
 46 OmyAC19ROGR    (0)    1 :  0.193 0.081 0.500 0.106 0.121 
 47 OmyAC19ROGR    (0)    1 :  0.624 0.034 0.112 0.082 0.148 
 48 OmyAC19ROGR    (0)    1 :  0.192 0.034 0.198 0.313 0.263 
 49 OmyAC19ROGR    (0)    1 :  0.220 0.046 0.304 0.311 0.120 
 50 OmyAC19ROGR    (0)    1 :  0.031 0.032 0.190 0.437 0.310 
 51 OmyAC19ROGR    (2)    1 :  0.055 0.735 0.068 0.066 0.076 
 52 OmyAC19ROGR    (0)    1 :  0.044 0.789 0.043 0.058 0.066 
 53 OmyAC19ROGR    (1)    1 :  0.488 0.034 0.156 0.163 0.160 
 54 OmyAC19ROGR    (0)    1 :  0.107 0.073 0.342 0.189 0.289 
 55 OmyAC19ROGR    (4)    1 :  0.329 0.064 0.121 0.240 0.247 
 56 OmyAC19ROGR    (0)    1 :  0.391 0.172 0.170 0.149 0.118 
 57 OmyAC19ROGR    (0)    1 :  0.827 0.030 0.044 0.059 0.040 
 58 OmyAC19ROGR    (0)    1 :  0.279 0.566 0.039 0.060 0.056 
 59 OmyAC19ROGR    (0)    1 :  0.569 0.033 0.099 0.122 0.178 
 60 OmyAC19ROGR    (0)    1 :  0.558 0.117 0.099 0.135 0.092 
 61 OmyAC19ROGR    (0)    1 :  0.076 0.067 0.138 0.525 0.194 
 62 OmyAC19ROGR    (0)    1 :  0.251 0.069 0.094 0.327 0.259 
 63 OmyAC19ROGR    (0)    1 :  0.156 0.172 0.290 0.276 0.105 
 64 OmyAC19ROGR    (2)    1 :  0.056 0.070 0.564 0.143 0.167 
 65 OmyAC19ROGR    (0)    1 :  0.242 0.044 0.188 0.251 0.275 
 66 OmyAC19ROGR    (5)    1 :  0.136 0.185 0.080 0.497 0.103 
 67 OmyAC19ROGR    (0)    1 :  0.606 0.037 0.182 0.095 0.080 
 68 OmyAC19ROGR    (1)    1 :  0.179 0.157 0.150 0.198 0.316 
 69 OmyAC19ROGR    (3)    1 :  0.310 0.146 0.165 0.230 0.149 
 70 OmyAC19ROGR    (0)    1 :  0.054 0.038 0.248 0.243 0.417 
 71 OmyAC19ROGR    (0)    1 :  0.244 0.063 0.185 0.366 0.142 
 72 OmyAC19ROGR    (5)    1 :  0.196 0.046 0.219 0.297 0.241 
 73 OmyAC19ROGR    (0)    1 :  0.078 0.149 0.140 0.257 0.376 
 74 OmyAC19ROGR    (0)    1 :  0.048 0.072 0.300 0.216 0.364 
 75 OmyAC19ROGR    (0)    1 :  0.084 0.106 0.481 0.140 0.190 
 76 OmyAC19ROGR    (0)    1 :  0.098 0.054 0.340 0.110 0.399 
 77 OmyAC19ROGR    (1)    1 :  0.020 0.923 0.018 0.017 0.021 
 78 OmyAC19ROGR    (0)    1 :  0.047 0.032 0.197 0.373 0.351 
 79 OmyAC19ROGR    (3)    1 :  0.088 0.068 0.253 0.167 0.424 
 80 OmyAC19ROGR    (0)    1 :  0.064 0.760 0.061 0.060 0.054 
 81 OmyAC19ROGR    (3)    1 :  0.136 0.277 0.139 0.227 0.222 
 82 OmyAC19ROGR    (1)    1 :  0.726 0.017 0.095 0.079 0.083 
 83 OmyAC19ROGR    (0)    1 :  0.133 0.041 0.393 0.221 0.212 
 84 OmyAC19ROGR    (0)    1 :  0.382 0.072 0.165 0.124 0.257 
 85 OmyAC19ROGR    (7)    1 :  0.108 0.053 0.262 0.291 0.285 
 86 OmyAC19ROGR    (0)    1 :  0.081 0.077 0.266 0.432 0.144 
 87 OmyAC19ROGR    (0)    1 :  0.096 0.038 0.593 0.053 0.221 
 88 OmyJC19ROGR    (0)    2 :  0.027 0.803 0.036 0.076 0.058 
 89 OmyJC19ROGR    (0)    2 :  0.316 0.050 0.091 0.237 0.306 
 90 OmyJC19ROGR    (0)    2 :  0.018 0.866 0.045 0.037 0.034 
 91 OmyJC19ROGR    (0)    2 :  0.407 0.016 0.190 0.277 0.109 
 92 OmyJC19ROGR    (0)    2 :  0.083 0.058 0.323 0.270 0.266 
 93 OmyJC19ROGR    (0)    2 :  0.106 0.046 0.378 0.101 0.369 
 94 OmyJC19ROGR    (0)    2 :  0.058 0.104 0.329 0.178 0.332 
 95 OmyJC19ROGR    (0)    2 :  0.101 0.135 0.330 0.136 0.298 
 96 OmyJC19ROGR    (0)    2 :  0.098 0.169 0.134 0.470 0.128 
 97 OmyJC19ROGR    (0)    2 :  0.136 0.275 0.184 0.131 0.274 
 98 OmyJC19ROGR    (0)    2 :  0.264 0.052 0.331 0.118 0.235 
 99 OmyJC19ROGR    (0)    2 :  0.274 0.053 0.409 0.101 0.163 
100 OmyJC19ROGR    (0)    2 :  0.205 0.038 0.094 0.176 0.486 
101 OmyJC19ROGR    (1)    2 :  0.128 0.525 0.083 0.139 0.126 
102 OmyJC19ROGR    (0)    2 :  0.274 0.096 0.277 0.179 0.175 
103 OmyJC19ROGR    (0)    2 :  0.118 0.289 0.193 0.186 0.213 
104 OmyJC19ROGR    (0)    2 :  0.443 0.029 0.110 0.145 0.273 
105 OmyJC19ROGR    (0)    2 :  0.132 0.239 0.438 0.066 0.125 
106 OmyJC19ROGR    (0)    2 :  0.022 0.860 0.032 0.036 0.049 
107 OmyJC19ROGR    (0)    2 :  0.534 0.181 0.149 0.052 0.084 
108 OmyJC19ROGR    (0)    2 :  0.072 0.063 0.437 0.254 0.174 
109 OmyJC19ROGR    (0)    2 :  0.199 0.118 0.099 0.372 0.213 
110 OmyJC19ROGR    (0)    2 :  0.113 0.529 0.145 0.099 0.114 
111 OmyJC19ROGR    (0)    2 :  0.616 0.062 0.137 0.101 0.084 
112 OmyJC19ROGR    (2)    2 :  0.218 0.191 0.091 0.191 0.309 
113 OmyJC19ROGR    (0)    2 :  0.087 0.494 0.062 0.209 0.148 
114 OmyJC19ROGR    (5)    2 :  0.086 0.049 0.139 0.203 0.523 
115 OmyJC19ROGR    (0)    2 :  0.060 0.035 0.480 0.242 0.184 
116 OmyJC19ROGR    (0)    2 :  0.061 0.097 0.193 0.204 0.445 
117 OmyJC19ROGR    (0)    2 :  0.167 0.101 0.253 0.321 0.157 
118 OmyJC19ROGR    (0)    2 :  0.136 0.028 0.487 0.128 0.220 
119 OmyJC19ROGR    (2)    2 :  0.108 0.035 0.399 0.171 0.287 
120 OmyJC19ROGR    (0)    2 :  0.602 0.030 0.082 0.111 0.175 
121 OmyJC19ROGR    (0)    2 :  0.514 0.030 0.163 0.151 0.143 
122 OmyJC19ROGR    (0)    2 :  0.181 0.078 0.228 0.266 0.247 
123 OmyJC19ROGR    (1)    2 :  0.116 0.021 0.451 0.128 0.284 
124 OmyJC19ROGR    (0)    2 :  0.067 0.204 0.276 0.144 0.308 
125 OmyJC19ROGR    (0)    2 :  0.090 0.080 0.134 0.211 0.485 
126 OmyJC19ROGR    (0)    2 :  0.035 0.744 0.085 0.073 0.062 
127 OmyJC19ROGR    (0)    2 :  0.359 0.030 0.160 0.285 0.166 
128 OmyJC19ROGR    (1)    2 :  0.154 0.033 0.250 0.237 0.326 
129 OmyJC19ROGR    (0)    2 :  0.057 0.224 0.156 0.325 0.237 
130 OmyJC19ROGR    (2)    2 :  0.052 0.117 0.137 0.363 0.331 
131 OmyJC19ROGR    (0)    2 :  0.424 0.058 0.139 0.156 0.223 
132 OmyJC19ROGR    (0)    2 :  0.127 0.058 0.565 0.053 0.197 
133 OmyJC19ROGR    (0)    2 :  0.097 0.026 0.563 0.135 0.179 
134 OmyJC19ROGR    (0)    2 :  0.167 0.048 0.354 0.279 0.152 
135 OmyJC19ROGR    (0)    2 :  0.614 0.060 0.085 0.091 0.150 
136 OmyJC19ROGR    (4)    2 :  0.099 0.098 0.494 0.104 0.205 
137 OmyJC19ROGR    (0)    2 :  0.166 0.147 0.113 0.393 0.181 
138 OmyJC19ROGR    (0)    2 :  0.127 0.667 0.071 0.058 0.076 
139 OmyJC19ROGR    (3)    2 :  0.202 0.032 0.094 0.428 0.244 
140 OmyJC19ROGR    (1)    2 :  0.079 0.083 0.105 0.530 0.203 
141 OmyJC19ROGR    (0)    2 :  0.078 0.118 0.130 0.312 0.362 
142 OmyJC19ROGR    (0)    2 :  0.148 0.451 0.127 0.121 0.153 
143 OmyJC19ROGR    (0)    2 :  0.091 0.130 0.428 0.155 0.195 
144 OmyJC19ROGR    (0)    2 :  0.382 0.020 0.076 0.401 0.121 
145 OmyJC19ROGR    (0)    2 :  0.114 0.033 0.167 0.348 0.337 
146 OmyJC19ROGR    (1)    2 :  0.266 0.093 0.170 0.272 0.197 
147 OmyJC19ROGR    (0)    2 :  0.506 0.182 0.138 0.095 0.079 
148 OmyJC19ROGR    (0)    2 :  0.627 0.055 0.136 0.099 0.082 
149 OmyJC19ROGR    (0)    2 :  0.243 0.043 0.392 0.205 0.117 
150 OmyJC19ROGR    (1)    2 :  0.077 0.064 0.382 0.105 0.372 
151 OmyJC19ROGR    (0)    2 :  0.047 0.096 0.127 0.503 0.227 
152 OmyJC19ROGR    (0)    2 :  0.345 0.038 0.476 0.048 0.094 
153 OmyJC19ROGR    (0)    2 :  0.485 0.072 0.243 0.084 0.117 
154 OmyJC19ROGR    (0)    2 :  0.305 0.071 0.168 0.231 0.225 
155 OmyJC19ROGR    (0)    2 :  0.061 0.052 0.206 0.528 0.154 
156 OmyJC19ROGR    (0)    2 :  0.213 0.078 0.345 0.115 0.249 
157 OmyJC19ROGR    (0)    2 :  0.095 0.216 0.183 0.242 0.263 
158 OmyJC19ROGR    (0)    2 :  0.206 0.022 0.582 0.067 0.124 
159 OmyJC19ROGR    (0)    2 :  0.112 0.028 0.454 0.131 0.274 
160 OmyJC19ROGR    (0)    2 :  0.158 0.086 0.124 0.217 0.415 
161 OmyJC19ROGR    (1)    2 :  0.653 0.027 0.106 0.079 0.135 
162 OmyJC19ROGR    (0)    2 :  0.258 0.201 0.347 0.100 0.094 
163 OmyJC19ROGR    (0)    2 :  0.436 0.091 0.132 0.093 0.248 
164 OmyJC19ROGR    (0)    2 :  0.338 0.022 0.121 0.344 0.174 
165 OmyJC19ROGR    (0)    2 :  0.197 0.029 0.409 0.204 0.161 
166 OmyJC19ROGR    (0)    2 :  0.087 0.065 0.328 0.298 0.222 
167 OmyJC19ROGR    (0)    2 :  0.245 0.128 0.168 0.109 0.350 
168 OmyJC19ROGR    (0)    2 :  0.125 0.094 0.209 0.202 0.371 
169 OmyJC19ROGR    (0)    2 :  0.018 0.887 0.034 0.031 0.030 
170 OmyJC19ROGR    (0)    2 :  0.101 0.079 0.284 0.321 0.214 
171 OmyJC19ROGR    (0)    2 :  0.170 0.042 0.322 0.193 0.272 
172 OmyJC19ROGR    (0)    2 :  0.322 0.255 0.105 0.161 0.157 
173 OmyJC19ROGR    (0)    2 :  0.045 0.808 0.050 0.044 0.053 
174 OmyJC19ROGR    (0)    2 :  0.088 0.033 0.146 0.285 0.447 
175 OmyJC19ROGR    (0)    2 :  0.061 0.036 0.411 0.258 0.234 
176 OmyJC19ROGR    (0)    2 :  0.277 0.190 0.099 0.285 0.149 
177 OmyJC19ROGR    (0)    2 :  0.743 0.018 0.138 0.038 0.064 
178 OmyJC19ROGR    (0)    2 :  0.135 0.048 0.172 0.411 0.234 
179 OmyJC19ROGR    (0)    2 :  0.081 0.040 0.224 0.303 0.352 
180 OmyJC19ROGR    (0)    2 :  0.038 0.827 0.050 0.037 0.048 
181 OmyJC19ROGR    (0)    2 :  0.074 0.069 0.219 0.158 0.479 
182 OmyJC19ROGR    (0)    2 :  0.330 0.071 0.094 0.306 0.200 
183 OmyJC19ROGR    (0)    2 :  0.251 0.049 0.266 0.184 0.250 
184 OmyJC19ROGR    (0)    2 :  0.079 0.710 0.103 0.060 0.048 
185 OmyJC19ROGR    (0)    2 :  0.083 0.021 0.068 0.526 0.302 
186 OmyJC19ROGR    (0)    2 :  0.152 0.297 0.162 0.169 0.219 
187 OmyJC19ROGR    (0)    2 :  0.046 0.053 0.539 0.135 0.227 
188 OmyJC19ROGR    (0)    2 :  0.148 0.043 0.309 0.304 0.196 
189 OmyJC19ROGR    (0)    2 :  0.105 0.266 0.276 0.081 0.271 
190 OmyJC19ROGR    (0)    2 :  0.382 0.084 0.241 0.112 0.181 
191 OmyJC19ROGR    (0)    2 :  0.123 0.062 0.501 0.093 0.221 
192 OmyJC19ROGR    (0)    2 :  0.107 0.028 0.234 0.547 0.086 
193 OmyJC19ROGR    (0)    2 :  0.412 0.222 0.096 0.116 0.155 
194 OmyJC19ROGR    (0)    2 :  0.480 0.023 0.157 0.225 0.115 
195 OmyJC19ROGR    (0)    2 :  0.029 0.786 0.067 0.064 0.054 
196 OmyJC19ROGR    (0)    2 :  0.029 0.039 0.281 0.106 0.546 
197 OmyJC19ROGR    (0)    2 :  0.180 0.046 0.224 0.290 0.261 
198 OmyJC19ROGR    (0)    2 :  0.049 0.812 0.046 0.040 0.053 
199 OmyJC19ROGR    (0)    2 :  0.220 0.024 0.110 0.452 0.194 
200 OmyJC19ROGR    (0)    2 :  0.175 0.191 0.269 0.131 0.233 
201 OmyJC19ROGR    (0)    2 :  0.298 0.028 0.181 0.304 0.189 
202 OmyJC19ROGR    (0)    2 :  0.360 0.028 0.330 0.125 0.158 
203 OmyJC19ROGR    (0)    2 :  0.061 0.040 0.639 0.095 0.165 
204 OmyJC19ROGR    (0)    2 :  0.164 0.096 0.339 0.214 0.187 
205 OmyJC19ROGR    (0)    2 :  0.253 0.124 0.171 0.122 0.331 
206 OmyJC19ROGR    (0)    2 :  0.024 0.882 0.019 0.036 0.039 
207 OmyJC19ROGR    (0)    2 :  0.284 0.401 0.079 0.113 0.123 
208 OmyJC19ROGR    (0)    2 :  0.191 0.050 0.139 0.472 0.148 
209 OmyJC19ROGR    (0)    2 :  0.167 0.287 0.107 0.320 0.119 
210 OmyJC19ROGR    (0)    2 :  0.018 0.859 0.051 0.032 0.040 
211 OmyJC19ROGR    (0)    2 :  0.274 0.105 0.112 0.367 0.141 
212 OmyJC19ROGR    (1)    2 :  0.623 0.204 0.080 0.042 0.052 
213 OmyJC19ROGR    (1)    2 :  0.048 0.088 0.181 0.279 0.404 
214 OmyJC19ROGR    (0)    2 :  0.416 0.131 0.185 0.147 0.121 
215 OmyJC19ROGR    (0)    2 :  0.103 0.026 0.361 0.341 0.170 
216 OmyJC19ROGR    (0)    2 :  0.178 0.494 0.076 0.127 0.125 
217 OmyJC19ROGR    (0)    2 :  0.083 0.567 0.089 0.125 0.135 
218 OmyJC19ROGR    (0)    2 :  0.072 0.052 0.605 0.135 0.136 
219 OmyJC19ROGR    (0)    2 :  0.255 0.189 0.083 0.236 0.237 
220 OmyJC19ROGR    (0)    2 :  0.586 0.016 0.131 0.126 0.142 
221 OmyJC19ROGR    (0)    2 :  0.453 0.165 0.132 0.094 0.156 
222 OmyJC19ROGR    (0)    2 :  0.172 0.036 0.172 0.290 0.330 
223 OmyJC19ROGR    (0)    2 :  0.281 0.124 0.231 0.170 0.193 
224 OmyJC19ROGR    (1)    2 :  0.122 0.077 0.192 0.359 0.250 
225 OmyJC19ROGR    (0)    2 :  0.121 0.768 0.040 0.032 0.038 
226 OmyJC19ROGR    (0)    2 :  0.031 0.344 0.156 0.241 0.227 
227 OmyJC19ROGR    (0)    2 :  0.033 0.852 0.048 0.032 0.036 
228 OmyJC19ROGR    (0)    2 :  0.206 0.046 0.160 0.443 0.145 
229 OmyJC19ROGR    (0)    2 :  0.110 0.031 0.564 0.089 0.206 
230 OmyJC19ROGR    (0)    2 :  0.200 0.190 0.243 0.178 0.189 
231 OmyJC19ROGR    (0)    2 :  0.270 0.136 0.170 0.245 0.179 
232 OmyJC19ROGR    (2)    2 :  0.325 0.109 0.169 0.202 0.195 
233 OmyJC19ROGR    (0)    2 :  0.301 0.182 0.211 0.169 0.138 
234 OmyJC19ROGR    (0)    2 :  0.021 0.897 0.029 0.030 0.023 
235 OmyJC19ROGR    (0)    2 :  0.066 0.699 0.071 0.094 0.070 
236 OmyJC19ROGR    (0)    2 :  0.718 0.031 0.071 0.120 0.060 
237 OmyJC19ROGR    (0)    2 :  0.426 0.107 0.081 0.284 0.102 
238 OmyJC19ROGR    (0)    2 :  0.731 0.075 0.065 0.065 0.065 
239 OmyJC19ROGR    (0)    2 :  0.249 0.046 0.107 0.341 0.257 
240 OmyJC19ROGR    (0)    2 :  0.095 0.074 0.214 0.370 0.247 
241 OmyJC19ROGR    (0)    2 :  0.071 0.192 0.162 0.135 0.440 
242 OmyJC19ROGR    (0)    2 :  0.499 0.022 0.091 0.261 0.126 
243 OmyJC19ROGR    (0)    2 :  0.138 0.039 0.382 0.223 0.218 
244 OmyJC19ROGR    (0)    2 :  0.102 0.051 0.554 0.111 0.183 
245 OmyJC19ROGR    (0)    2 :  0.042 0.847 0.038 0.030 0.043 
246 OmyJC19ROGR    (0)    2 :  0.215 0.136 0.264 0.141 0.244 
247 OmyJC19ROGR    (0)    2 :  0.056 0.646 0.165 0.059 0.074 
248 OmyJC19ROGR    (0)    2 :  0.039 0.380 0.144 0.271 0.165 
249 OmyJC19ROGR    (0)    2 :  0.068 0.082 0.488 0.153 0.210 
250 OmyJC19ROGR    (0)    2 :  0.085 0.097 0.344 0.267 0.208 
251 OmyJC19ROGR    (0)    2 :  0.045 0.063 0.347 0.119 0.426 
252 OmyJC19ROGR    (0)    2 :  0.310 0.081 0.136 0.155 0.318 
253 OmyJC19ROGR    (0)    2 :  0.057 0.107 0.184 0.349 0.303 
254 OmyJC19ROGR    (0)    2 :  0.070 0.125 0.331 0.232 0.243 
255 OmyJC19ROGR    (0)    2 :  0.226 0.052 0.283 0.136 0.303 
256 OmyJC19ROGR    (0)    2 :  0.139 0.129 0.285 0.099 0.348 
257 OmyJC19ROGR    (0)    2 :  0.066 0.079 0.535 0.128 0.192 
258 OmyAC19ROGR    (0)    1 :  0.107 0.096 0.070 0.555 0.173 
259 OmyAC19ROGR    (0)    1 :  0.132 0.309 0.090 0.295 0.174 
260 OmyAC19ROGR    (0)    1 :  0.036 0.051 0.128 0.622 0.163 
261 OmyAC19ROGR    (0)    1 :  0.042 0.101 0.299 0.366 0.191 
262 OmyAC19ROGR    (0)    1 :  0.047 0.095 0.106 0.199 0.552 
263 OmyAC19ROGR    (0)    1 :  0.231 0.084 0.443 0.083 0.160 
264 OmyAC19ROGR    (0)    1 :  0.083 0.066 0.396 0.157 0.299 
265 OmyAC19ROGR    (0)    1 :  0.044 0.038 0.757 0.047 0.113 
266 OmyAC19ROGR    (0)    1 :  0.085 0.039 0.351 0.198 0.328 
267 OmyAC19ROGR    (0)    1 :  0.042 0.274 0.347 0.100 0.237 
268 OmyAC19ROGR    (0)    1 :  0.250 0.125 0.221 0.176 0.228 
269 OmyAC19ROGR    (1)    1 :  0.061 0.171 0.205 0.147 0.416 
270 OmyAC19ROGR    (0)    1 :  0.045 0.048 0.432 0.112 0.363 
271 OmyAC19ROGR    (0)    1 :  0.082 0.369 0.247 0.140 0.162 
272 OmyAC19ROGR    (0)    1 :  0.155 0.145 0.126 0.128 0.445 
273 OmyAC19ROGR    (0)    1 :  0.130 0.031 0.231 0.388 0.220 
274 OmyAC19ROGR    (0)    1 :  0.068 0.591 0.094 0.099 0.148 
275 OmyAC19ROGR    (0)    1 :  0.604 0.073 0.053 0.167 0.104 
276 OmyAC19ROGR    (0)    1 :  0.162 0.072 0.238 0.340 0.187 
277 OmyAC19ROGR    (0)    1 :  0.079 0.136 0.107 0.396 0.282 
278 OmyAC19ROGR    (0)    1 :  0.387 0.246 0.161 0.091 0.115 
279 OmyAC19ROGR    (0)    1 :  0.210 0.141 0.040 0.544 0.065 
280 OmyAC19ROGR    (0)    1 :  0.094 0.172 0.234 0.282 0.218 
281 OmyAC19ROGR    (0)    1 :  0.096 0.066 0.448 0.222 0.168 
282 OmyAC19ROGR    (0)    1 :  0.129 0.191 0.142 0.180 0.358 
283 OmyAC19ROGR    (0)    1 :  0.142 0.102 0.397 0.162 0.196 
284 OmyAC19ROGR    (0)    1 :  0.073 0.041 0.629 0.075 0.183 
285 OmyAC19ROGR    (0)    1 :  0.140 0.057 0.450 0.178 0.175 
286 OmyAC19ROGR    (0)    1 :  0.115 0.038 0.357 0.341 0.150 
287 OmyAC19ROGR    (0)    1 :  0.013 0.922 0.019 0.022 0.024 
288 OmyAC19ROGR    (0)    1 :  0.289 0.578 0.043 0.046 0.044 
289 OmyAC19ROGR    (0)    1 :  0.094 0.121 0.385 0.207 0.193 
290 OmyAC19ROGR    (1)    1 :  0.030 0.890 0.028 0.028 0.024 
291 OmyAC19ROGR    (0)    1 :  0.074 0.397 0.192 0.106 0.231 
292 OmyAC19ROGR    (0)    1 :  0.089 0.118 0.123 0.385 0.286 
293 OmyAC19ROGR    (0)    1 :  0.440 0.059 0.209 0.122 0.170 
294 OmyAC19ROGR    (0)    1 :  0.042 0.265 0.362 0.179 0.152 
295 OmyAC19ROGR    (0)    1 :  0.027 0.031 0.181 0.571 0.189 
296 OmyAC19ROGR    (0)    1 :  0.602 0.039 0.065 0.206 0.089 
297 OmyAC19ROGR    (0)    1 :  0.039 0.575 0.192 0.083 0.111 
298 OmyAC19ROGR    (0)    1 :  0.138 0.048 0.242 0.473 0.099 
299 OmyAC19ROGR    (0)    1 :  0.110 0.185 0.370 0.179 0.156 
300 OmyAC19ROGR    (0)    1 :  0.128 0.059 0.477 0.168 0.167 
301 OmyAC19ROGR    (0)    1 :  0.035 0.838 0.045 0.034 0.048 
302 OmyAC19ROGR    (0)    1 :  0.121 0.544 0.125 0.091 0.119 
303 OmyAC19ROGR    (0)    1 :  0.114 0.098 0.258 0.284 0.246 
304 OmyAC19ROGR    (0)    1 :  0.428 0.322 0.066 0.108 0.075 
305 OmyAC19ROGR    (0)    1 :  0.102 0.049 0.569 0.128 0.152 
306 OmyAC19ROGR    (0)    1 :  0.057 0.485 0.103 0.222 0.132 
307 OmyAC19ROGR    (1)    1 :  0.202 0.041 0.411 0.192 0.155 
308 OmyAC19ROGR    (0)    1 :  0.111 0.125 0.201 0.112 0.451 
309 OmyAC19ROGR    (0)    1 :  0.027 0.744 0.071 0.095 0.063 
310 OmyAC19ROGR    (0)    1 :  0.079 0.285 0.244 0.129 0.263 
311 OmyAC19ROGR    (0)    1 :  0.066 0.556 0.053 0.154 0.171 
312 OmyAC19ROGR    (0)    1 :  0.073 0.053 0.545 0.128 0.200 
313 OmyAC19ROGR    (0)    1 :  0.210 0.067 0.290 0.166 0.268 
314 OmyAC19ROGR    (0)    1 :  0.231 0.135 0.276 0.123 0.235 
315 OmyAC19ROGR    (0)    1 :  0.054 0.133 0.274 0.225 0.315 
316 OmyAC19ROGR    (0)    1 :  0.034 0.036 0.566 0.117 0.247 
317 OmyAC19ROGR    (0)    1 :  0.631 0.039 0.071 0.133 0.126 
318 OmyAC19ROGR    (0)    1 :  0.285 0.027 0.198 0.123 0.367 
319 OmyAC19ROGR    (0)    1 :  0.165 0.033 0.338 0.235 0.229 
320 OmyAC19ROGR    (0)    1 :  0.153 0.023 0.618 0.092 0.115 
321 OmyAC19ROGR    (0)    1 :  0.124 0.034 0.193 0.403 0.247 
322 OmyAC19ROGR    (0)    1 :  0.048 0.287 0.051 0.457 0.158 
323 OmyAC19ROGR    (0)    1 :  0.108 0.055 0.090 0.581 0.167 
324 OmyAC19ROGR    (0)    1 :  0.051 0.029 0.477 0.129 0.313 
325 OmyAC19ROGR    (0)    1 :  0.065 0.211 0.197 0.188 0.338 
326 OmyAC19ROGR    (0)    1 :  0.068 0.044 0.477 0.140 0.271 
327 OmyAC19ROGR    (0)    1 :  0.053 0.044 0.570 0.173 0.160 
328 OmyAC20ROGR    (0)    1 :  0.336 0.048 0.280 0.129 0.208 
329 OmyAC20ROGR    (0)    1 :  0.182 0.139 0.344 0.148 0.187 
330 OmyAC20ROGR    (0)    1 :  0.219 0.160 0.152 0.217 0.252 
331 OmyAC20ROGR    (0)    1 :  0.081 0.595 0.145 0.098 0.081 
332 OmyAC20ROGR    (0)    1 :  0.112 0.198 0.289 0.165 0.236 
333 OmyAC20ROGR    (0)    1 :  0.051 0.211 0.532 0.075 0.131 
334 OmyAC20ROGR    (0)    1 :  0.067 0.076 0.507 0.134 0.215 
335 OmyAC20ROGR    (0)    1 :  0.094 0.038 0.234 0.248 0.386 
336 OmyAC20ROGR    (0)    1 :  0.094 0.142 0.249 0.121 0.394 
337 OmyAC20ROGR    (0)    1 :  0.090 0.452 0.136 0.179 0.143 
338 OmyAC20ROGR    (0)    1 :  0.050 0.082 0.291 0.120 0.456 
339 OmyAC20ROGR    (0)    1 :  0.176 0.082 0.202 0.394 0.146 
340 OmyAC20ROGR    (0)    1 :  0.141 0.060 0.317 0.157 0.324 
341 OmyAC20ROGR    (0)    1 :  0.472 0.063 0.135 0.132 0.198 
342 OmyAC20ROGR    (0)    1 :  0.158 0.142 0.230 0.305 0.164 
343 OmyAC20ROGR    (0)    1 :  0.567 0.047 0.144 0.077 0.165 
344 OmyAC20ROGR    (0)    1 :  0.160 0.284 0.224 0.135 0.197 
345 OmyAC20ROGR    (1)    1 :  0.031 0.134 0.326 0.208 0.301 
346 OmyAC20ROGR    (0)    1 :  0.049 0.202 0.450 0.122 0.176 
347 OmyAC20ROGR    (0)    1 :  0.178 0.303 0.119 0.165 0.234 
348 OmyAC20ROGR    (0)    1 :  0.390 0.143 0.232 0.101 0.134 
349 OmyAC20ROGR    (0)    1 :  0.303 0.042 0.362 0.099 0.194 
350 OmyAC20ROGR    (0)    1 :  0.696 0.068 0.083 0.085 0.069 
351 OmyAC20ROGR    (0)    1 :  0.077 0.072 0.280 0.260 0.310 
352 OmyAC20ROGR    (0)    1 :  0.103 0.050 0.190 0.420 0.237 
353 OmyAC20ROGR    (0)    1 :  0.077 0.075 0.309 0.101 0.438 
354 OmyAC20ROGR    (0)    1 :  0.288 0.323 0.093 0.158 0.138 
355 OmyAC20ROGR    (0)    1 :  0.655 0.121 0.111 0.059 0.054 
356 OmyAC20ROGR    (0)    1 :  0.096 0.231 0.253 0.199 0.221 
357 OmyAC20ROGR    (0)    1 :  0.175 0.062 0.242 0.219 0.302 
358 OmyAC20ROGR    (0)    1 :  0.148 0.043 0.195 0.357 0.258 
359 OmyAC20ROGR    (0)    1 :  0.120 0.318 0.043 0.426 0.093 
360 OmyAC20ROGR    (0)    1 :  0.085 0.154 0.203 0.301 0.258 
361 OmyAC20ROGR    (0)    1 :  0.275 0.033 0.103 0.481 0.108 
362 OmyAC20ROGR    (0)    1 :  0.090 0.103 0.179 0.420 0.208 
363 OmyAC20ROGR    (0)    1 :  0.326 0.355 0.122 0.078 0.120 
364 OmyAC20ROGR    (1)    1 :  0.195 0.067 0.356 0.226 0.156 
365 OmyAC20ROGR    (0)    1 :  0.110 0.036 0.385 0.152 0.317 
366 OmyAC20ROGR    (0)    1 :  0.051 0.024 0.382 0.221 0.321 
367 OmyAC20ROGR    (0)    1 :  0.056 0.066 0.126 0.427 0.325 
368 OmyAC20ROGR    (0)    1 :  0.154 0.043 0.113 0.211 0.479 
369 OmyAC20ROGR    (0)    1 :  0.266 0.288 0.117 0.196 0.133 
370 OmyAC20ROGR    (0)    1 :  0.039 0.652 0.055 0.167 0.088 
371 OmyAC20ROGR    (0)    1 :  0.055 0.764 0.061 0.065 0.056 
372 OmyAC20ROGR    (2)    1 :  0.031 0.854 0.044 0.030 0.040 
373 OmyAC20ROGR    (0)    1 :  0.129 0.652 0.064 0.084 0.072 
374 OmyAC20ROGR    (0)    1 :  0.102 0.032 0.163 0.347 0.356 
375 OmyAC20ROGR    (0)    1 :  0.094 0.126 0.344 0.207 0.228 
376 OmyAC20ROGR    (0)    1 :  0.185 0.215 0.160 0.195 0.245 
377 OmyAC20ROGR    (0)    1 :  0.113 0.038 0.474 0.129 0.246 
378 OmyAC20ROGR    (0)    1 :  0.202 0.028 0.315 0.196 0.259 
379 OmyAC20ROGR    (0)    1 :  0.123 0.446 0.168 0.095 0.168 
380 OmyAC20ROGR    (0)    1 :  0.037 0.034 0.403 0.159 0.366 
381 OmyAC20ROGR    (0)    1 :  0.095 0.116 0.201 0.294 0.294 
382 OmyAC20ROGR    (0)    1 :  0.045 0.817 0.039 0.047 0.051 
383 OmyAC20ROGR    (0)    1 :  0.030 0.108 0.483 0.155 0.224 
384 OmyAC20ROGR    (0)    1 :  0.110 0.410 0.174 0.143 0.162 
385 OmyAC20ROGR    (0)    1 :  0.127 0.197 0.124 0.314 0.238 
386 OmyAC20ROGR    (0)    1 :  0.060 0.254 0.178 0.103 0.405 
387 OmyAC20ROGR    (0)    1 :  0.047 0.472 0.184 0.111 0.185 
388 OmyAC20ROGR    (0)    1 :  0.094 0.452 0.192 0.107 0.154 
389 OmyAC20ROGR    (0)    1 :  0.066 0.042 0.522 0.131 0.238 
390 OmyAC20ROGR    (0)    1 :  0.694 0.021 0.063 0.159 0.062 
391 OmyAC20ROGR    (0)    1 :  0.196 0.581 0.081 0.066 0.075 
392 OmyAC20ROGR    (0)    1 :  0.133 0.386 0.133 0.199 0.149 
393 OmyAC20ROGR    (0)    1 :  0.290 0.099 0.279 0.153 0.179 
394 OmyAC20ROGR    (0)    1 :  0.120 0.134 0.081 0.447 0.219 
395 OmyAC20ROGR    (0)    1 :  0.263 0.089 0.139 0.301 0.209 
396 OmyAC20ROGR    (0)    1 :  0.163 0.083 0.145 0.416 0.193 
397 OmyAC20ROGR    (0)    1 :  0.052 0.203 0.247 0.256 0.242 
398 OmyAC20ROGR    (0)    1 :  0.039 0.593 0.116 0.097 0.154 
399 OmyAC20ROGR    (0)    1 :  0.036 0.157 0.105 0.307 0.395 
400 OmyAC20ROGR    (0)    1 :  0.051 0.106 0.349 0.262 0.232 
401 OmyAC20ROGR    (0)    1 :  0.106 0.704 0.036 0.111 0.044 
402 OmyAC20ROGR    (0)    1 :  0.410 0.019 0.242 0.170 0.160 
403 OmyAC20ROGR    (0)    1 :  0.146 0.109 0.112 0.102 0.530 
404 OmyAC20ROGR    (0)    1 :  0.107 0.024 0.645 0.087 0.137 
405 OmyAC20ROGR    (0)    1 :  0.171 0.450 0.070 0.191 0.118 
406 OmyAC20ROGR    (0)    1 :  0.233 0.049 0.125 0.364 0.228 
407 OmyAC20ROGR    (0)    1 :  0.037 0.049 0.156 0.308 0.449 
408 OmyAC20ROGR    (0)    1 :  0.683 0.114 0.076 0.050 0.077 
409 OmyAC20ROGR    (0)    1 :  0.067 0.043 0.543 0.169 0.177 
410 OmyAC20ROGR    (0)    1 :  0.023 0.818 0.051 0.053 0.056 
411 OmyAC20ROGR    (0)    1 :  0.053 0.659 0.089 0.117 0.082 
412 OmyAC20ROGR    (0)    1 :  0.109 0.263 0.345 0.098 0.186 
413 OmyAC20ROGR    (0)    1 :  0.047 0.111 0.331 0.289 0.222 
414 OmyAC20ROGR    (0)    1 :  0.091 0.346 0.136 0.242 0.185 
415 OmyAC20ROGR    (0)    1 :  0.101 0.049 0.165 0.483 0.202 
416 OmyAC20ROGR    (0)    1 :  0.076 0.052 0.494 0.099 0.279 
417 OmyAC20ROGR    (0)    1 :  0.088 0.028 0.578 0.126 0.181 
418 OmyAC20ROGR    (0)    1 :  0.095 0.182 0.268 0.127 0.327 
419 OmyAC20ROGR    (0)    1 :  0.147 0.466 0.110 0.173 0.104 
420 OmyAC20ROGR    (0)    1 :  0.565 0.053 0.048 0.246 0.089 
421 OmyAC20ROGR    (0)    1 :  0.053 0.086 0.297 0.444 0.121 
422 OmyAC20ROGR    (0)    1 :  0.030 0.839 0.044 0.052 0.036 
423 OmyAC20ROGR    (0)    1 :  0.043 0.048 0.320 0.255 0.334 
424 OmyAC20ROGR    (0)    1 :  0.349 0.030 0.057 0.328 0.236 
425 OmyAC20ROGR    (0)    1 :  0.041 0.842 0.038 0.036 0.042 
426 OmyAC20ROGR    (0)    1 :  0.036 0.056 0.685 0.080 0.143 
427 OmyAC20ROGR    (0)    1 :  0.066 0.068 0.266 0.237 0.362 
428 OmyAC20ROGR    (0)    1 :  0.027 0.810 0.056 0.052 0.056 
429 OmyAC20ROGR    (0)    1 :  0.462 0.029 0.289 0.108 0.112 
430 OmyAC20ROGR    (0)    1 :  0.117 0.089 0.129 0.477 0.187 
431 OmyAC20ROGR    (0)    1 :  0.060 0.533 0.109 0.098 0.200 
432 OmyAC20ROGR    (0)    1 :  0.023 0.870 0.025 0.039 0.043 
433 OmyAC20ROGR    (0)    1 :  0.148 0.704 0.043 0.051 0.054 
434 OmyAC20ROGR    (0)    1 :  0.053 0.336 0.148 0.171 0.292 
435 OmyAC20ROGR    (0)    1 :  0.056 0.040 0.196 0.130 0.578 
436 OmyAC20ROGR    (0)    1 :  0.036 0.082 0.289 0.280 0.313 
437 OmyAC20ROGR    (0)    1 :  0.100 0.679 0.095 0.061 0.065 
438 OmyAC20ROGR    (0)    1 :  0.087 0.291 0.076 0.395 0.151 
439 OmyAC20ROGR    (0)    1 :  0.029 0.072 0.097 0.486 0.316 
440 OmyAC20ROGR    (0)    1 :  0.048 0.618 0.150 0.097 0.088 
441 OmyAC20ROGR    (0)    1 :  0.298 0.034 0.097 0.448 0.124 
442 OmyAC20ROGR    (0)    1 :  0.110 0.088 0.130 0.425 0.247 
443 OmyAC20ROGR    (0)    1 :  0.063 0.039 0.126 0.499 0.273 
444 OmyAC20ROGR    (0)    1 :  0.045 0.225 0.479 0.093 0.158 
445 OmyAC20ROGR    (0)    1 :  0.156 0.142 0.088 0.403 0.211 
446 OmyJC18ROGR    (0)    2 :  0.212 0.294 0.196 0.149 0.150 
447 OmyJC18ROGR    (0)    2 :  0.183 0.101 0.274 0.154 0.288 
448 OmyJC18ROGR    (0)    2 :  0.068 0.093 0.093 0.488 0.259 
449 OmyJC18ROGR    (0)    2 :  0.226 0.588 0.046 0.075 0.064 
450 OmyJC18ROGR    (0)    2 :  0.096 0.609 0.076 0.077 0.142 
451 OmyJC18ROGR    (0)    2 :  0.027 0.817 0.045 0.068 0.043 
452 OmyJC18ROGR    (0)    2 :  0.075 0.336 0.149 0.251 0.189 
453 OmyJC18ROGR    (0)    2 :  0.805 0.025 0.052 0.063 0.056 
454 OmyJC18ROGR    (0)    2 :  0.044 0.781 0.057 0.062 0.056 
455 OmyJC18ROGR    (0)    2 :  0.100 0.091 0.363 0.188 0.258 
456 OmyJC18ROGR    (0)    2 :  0.037 0.819 0.038 0.053 0.053 
457 OmyJC18ROGR    (0)    2 :  0.040 0.080 0.423 0.158 0.300 
458 OmyJC18ROGR    (0)    2 :  0.518 0.153 0.115 0.109 0.103 
459 OmyJC18ROGR    (1)    2 :  0.061 0.025 0.673 0.113 0.127 
460 OmyJC18ROGR    (2)    2 :  0.105 0.131 0.110 0.272 0.382 
461 OmyJC18ROGR    (2)    2 :  0.077 0.335 0.109 0.112 0.367 
462 OmyJC18ROGR    (3)    2 :  0.225 0.223 0.077 0.231 0.244 
463 OmyJC18ROGR    (0)    2 :  0.088 0.692 0.040 0.072 0.108 
464 OmyJC18ROGR    (4)    2 :  0.082 0.028 0.370 0.265 0.254 
465 OmyJC18ROGR    (3)    2 :  0.158 0.097 0.243 0.328 0.174 
466 OmyJC18ROGR    (0)    2 :  0.075 0.091 0.073 0.251 0.510 
467 OmyJC18ROGR    (0)    2 :  0.078 0.070 0.355 0.195 0.302 
468 OmyJC18ROGR    (0)    2 :  0.399 0.110 0.104 0.210 0.176 
469 OmyJC18ROGR    (0)    2 :  0.021 0.811 0.055 0.071 0.042 
470 OmyJC18ROGR    (5)    2 :  0.120 0.459 0.128 0.198 0.095 
471 OmyJC18ROGR    (1)    2 :  0.078 0.134 0.116 0.357 0.316 
472 OmyJC18ROGR    (2)    2 :  0.048 0.072 0.145 0.496 0.240 
473 OmyJC18ROGR    (3)    2 :  0.140 0.038 0.158 0.113 0.551 
474 OmyJC18ROGR    (0)    2 :  0.784 0.044 0.076 0.040 0.056 
475 OmyJC18ROGR    (2)    2 :  0.128 0.383 0.087 0.103 0.299 
476 OmyJC18ROGR    (1)    2 :  0.054 0.030 0.119 0.358 0.439 
477 OmyJC18ROGR    (4)    2 :  0.329 0.202 0.068 0.233 0.167 
478 OmyJC18ROGR    (0)    2 :  0.103 0.063 0.499 0.179 0.156 
479 OmyJC18ROGR    (0)    2 :  0.074 0.028 0.203 0.351 0.344 
480 OmyJC18ROGR    (1)    2 :  0.127 0.130 0.367 0.201 0.175 
481 OmyJC18ROGR    (3)    2 :  0.209 0.070 0.126 0.447 0.148 
482 OmyJC18ROGR    (3)    2 :  0.471 0.027 0.096 0.208 0.198 
483 OmyJC18ROGR    (4)    2 :  0.196 0.037 0.112 0.467 0.187 
484 OmyJC18ROGR    (4)    2 :  0.108 0.048 0.263 0.320 0.261 
485 OmyJC18ROGR    (3)    2 :  0.124 0.445 0.196 0.122 0.112 
486 OmyJC18ROGR    (3)    2 :  0.131 0.398 0.114 0.147 0.210 
487 OmyJC18ROGR    (1)    2 :  0.358 0.113 0.229 0.076 0.223 
488 OmyJC18ROGR    (5)    2 :  0.127 0.053 0.337 0.166 0.318 
489 OmyJC18ROGR    (0)    2 :  0.086 0.033 0.132 0.580 0.170 
490 OmyJC18ROGR    (3)    2 :  0.069 0.075 0.090 0.376 0.390 
491 OmyJC18ROGR    (7)    2 :  0.754 0.060 0.050 0.061 0.075 
492 OmyJC18ROGR    (6)    2 :  0.778 0.024 0.071 0.060 0.067 
493 OmyJC18ROGR    (3)    2 :  0.060 0.107 0.242 0.314 0.277 
494 OmyJC18ROGR    (3)    2 :  0.041 0.777 0.060 0.069 0.052 
495 OmyJC18ROGR    (5)    2 :  0.116 0.298 0.286 0.136 0.164 
496 OmyJC18ROGR    (0)    2 :  0.147 0.113 0.234 0.304 0.201 
497 OmyJC18ROGR    (5)    2 :  0.580 0.021 0.104 0.103 0.193 
498 OmyJC18ROGR    (6)    2 :  0.067 0.090 0.081 0.303 0.459 
499 OmyJC18ROGR    (0)    2 :  0.059 0.046 0.209 0.337 0.348 
500 OmyJC18ROGR    (1)    2 :  0.480 0.050 0.114 0.140 0.216 
501 OmyJC18ROGR    (4)    2 :  0.071 0.391 0.095 0.314 0.129 
502 OmyJC18ROGR    (2)    2 :  0.185 0.175 0.112 0.422 0.105 
503 OmyJC18ROGR    (5)    2 :  0.235 0.048 0.157 0.414 0.147 
504 OmyJC18ROGR    (2)    2 :  0.082 0.149 0.040 0.551 0.179 
505 OmyJC18ROGR    (0)    2 :  0.152 0.291 0.247 0.171 0.139 
506 OmyJC18ROGR    (8)    2 :  0.320 0.069 0.138 0.224 0.249 
507 OmyJC18ROGR    (0)    2 :  0.241 0.119 0.129 0.300 0.211 
508 OmyJC18ROGR    (0)    2 :  0.313 0.172 0.118 0.273 0.124 
509 OmyJC18ROGR    (1)    2 :  0.036 0.887 0.023 0.030 0.024 
510 OmyJC18ROGR    (1)    2 :  0.105 0.084 0.161 0.262 0.388 
511 OmyJC18ROGR    (5)    2 :  0.205 0.147 0.252 0.146 0.250 
512 OmyJC18ROGR    (2)    2 :  0.079 0.773 0.040 0.057 0.051 
513 OmyJC18ROGR    (9)    2 :  0.188 0.284 0.235 0.135 0.158 
514 OmyJC18ROGR    (4)    2 :  0.241 0.389 0.131 0.110 0.128 
515 OmyJC18ROGR    (1)    2 :  0.380 0.103 0.251 0.105 0.161 
516 OmyJC18ROGR    (3)    2 :  0.115 0.126 0.206 0.159 0.394 
517 OmyJC18ROGR    (3)    2 :  0.096 0.473 0.076 0.132 0.223 
518 OmyJC18ROGR    (0)    2 :  0.352 0.057 0.082 0.310 0.199 
519 OmyJC18ROGR    (9)    2 :  0.208 0.067 0.371 0.151 0.204 
520 OmyJC18ROGR    (6)    2 :  0.072 0.074 0.066 0.543 0.244 
521 OmyJC18ROGR    (2)    2 :  0.195 0.101 0.118 0.192 0.393 
522 OmyJC18ROGR    (1)    2 :  0.069 0.083 0.137 0.550 0.161 
523 OmyJC18ROGR    (4)    2 :  0.144 0.072 0.301 0.247 0.236 
524 OmyJC18ROGR    (0)    2 :  0.045 0.070 0.372 0.349 0.164 
525 OmyJC18ROGR    (2)    2 :  0.283 0.061 0.293 0.185 0.178 
526 OmyJC18ROGR    (3)    2 :  0.440 0.069 0.153 0.132 0.207 
527 OmyJC18ROGR    (0)    2 :  0.095 0.045 0.185 0.229 0.446 
528 OmyJC18ROGR    (0)    2 :  0.269 0.040 0.345 0.165 0.181 
529 OmyJC18ROGR    (1)    2 :  0.051 0.054 0.295 0.285 0.315 
530 OmyJC18ROGR    (0)    2 :  0.311 0.040 0.177 0.267 0.205 
531 OmyJC18ROGR    (0)    2 :  0.047 0.181 0.215 0.224 0.333 
532 OmyJC18ROGR    (2)    2 :  0.148 0.026 0.329 0.350 0.147 
533 OmyJC18ROGR    (2)    2 :  0.061 0.017 0.294 0.182 0.446 
534 OmyJC18ROGR    (2)    2 :  0.112 0.052 0.191 0.521 0.124 
535 OmyJC18ROGR    (0)    2 :  0.097 0.052 0.138 0.173 0.539 
536 OmyJC18ROGR    (0)    2 :  0.119 0.034 0.323 0.163 0.360 
537 OmyJC18ROGR    (0)    2 :  0.153 0.022 0.198 0.221 0.406 
538 OmyJC18ROGR    (0)    2 :  0.106 0.059 0.207 0.151 0.477 
539 OmyJC18ROGR    (0)    2 :  0.123 0.054 0.344 0.300 0.179 
540 OmyJC18ROGR    (8)    2 :  0.620 0.065 0.065 0.117 0.133 
541 OmyJC18ROGR    (1)    2 :  0.089 0.092 0.479 0.113 0.228 
542 OmyJC18ROGR    (1)    2 :  0.263 0.281 0.165 0.147 0.144 
543 OmyJC18ROGR    (0)    2 :  0.355 0.087 0.136 0.150 0.271 
544 OmyJC18ROGR    (2)    2 :  0.128 0.048 0.406 0.077 0.341 
545 OmyJC18ROGR    (1)    2 :  0.043 0.470 0.064 0.340 0.083 
546 OmyJC18ROGR    (9)    2 :  0.121 0.023 0.164 0.157 0.536 
547 OmyJC18ROGR    (0)    2 :  0.049 0.118 0.295 0.323 0.216 
548 OmyJC18ROGR    (0)    2 :  0.261 0.216 0.118 0.188 0.217 
549 OmyJC18ROGR    (0)    2 :  0.188 0.098 0.245 0.147 0.322 
550 OmyJC18ROGR    (1)    2 :  0.061 0.524 0.241 0.069 0.105 
551 OmyJC18ROGR    (1)    2 :  0.329 0.060 0.292 0.121 0.198 
552 OmyJC18ROGR    (2)    2 :  0.049 0.088 0.413 0.161 0.290 
553 OmyJC18ROGR   (10)    2 :  0.246 0.053 0.272 0.140 0.289 
554 OmyJC18ROGR    (2)    2 :  0.253 0.048 0.162 0.172 0.364 
555 OmyJC18ROGR    (4)    2 :  0.320 0.045 0.173 0.311 0.151 
556 OmyJC18ROGR    (0)    2 :  0.312 0.096 0.200 0.069 0.322 
557 OmyJC18ROGR    (2)    2 :  0.085 0.171 0.077 0.470 0.197 
558 OmyJC18ROGR    (0)    2 :  0.046 0.244 0.203 0.213 0.294 
559 OmyJC18ROGR    (0)    2 :  0.511 0.064 0.078 0.214 0.132 
560 OmyJC18ROGR    (8)    2 :  0.327 0.127 0.163 0.176 0.207 
561 OmyJC18ROGR    (0)    2 :  0.043 0.024 0.598 0.186 0.149 
562 OmyJC18ROGR    (8)    2 :  0.284 0.133 0.245 0.084 0.254 
563 OmyJC18ROGR    (2)    2 :  0.146 0.060 0.132 0.254 0.407 
564 OmyJC18ROGR    (4)    2 :  0.088 0.080 0.571 0.096 0.165 
565 OmyJC18ROGR    (3)    2 :  0.207 0.132 0.397 0.162 0.103 
566 OmyJC18ROGR    (1)    2 :  0.140 0.136 0.093 0.485 0.146 
567 OmyJC18ROGR    (0)    2 :  0.204 0.055 0.072 0.551 0.118 
568 OmyJC18ROGR    (5)    2 :  0.141 0.130 0.299 0.069 0.361 
569 OmyJC18ROGR    (2)    2 :  0.579 0.034 0.084 0.216 0.087 
570 OmyJC18ROGR    (0)    2 :  0.072 0.059 0.181 0.355 0.332 
571 OmyJC18ROGR    (2)    2 :  0.059 0.054 0.171 0.168 0.547 
572 OmyJC18ROGR    (6)    2 :  0.289 0.057 0.194 0.209 0.252 
573 OmyJC18ROGR    (5)    2 :  0.093 0.426 0.138 0.217 0.125 
574 OmyJC18ROGR    (8)    2 :  0.095 0.161 0.165 0.313 0.266 
575 OmyJC18ROGR    (3)    2 :  0.128 0.031 0.202 0.242 0.397 
576 OmyJC18ROGR    (0)    2 :  0.510 0.113 0.139 0.095 0.143 
577 OmyJC18ROGR    (0)    2 :  0.018 0.866 0.046 0.038 0.033 
578 OmyJC18ROGR    (1)    2 :  0.103 0.047 0.142 0.248 0.460 
579 OmyJC18ROGR    (0)    2 :  0.025 0.564 0.102 0.218 0.091 
580 OmyJC18ROGR    (0)    2 :  0.265 0.032 0.174 0.197 0.332 
581 OmyJC18ROGR    (6)    2 :  0.437 0.056 0.131 0.232 0.144 
582 OmyJC18ROGR    (7)    2 :  0.128 0.034 0.501 0.157 0.180 
583 OmyJC18ROGR    (3)    2 :  0.151 0.047 0.429 0.140 0.234 
584 OmyJC18ROGR    (5)    2 :  0.214 0.065 0.239 0.211 0.272 
585 OmyJC18ROGR    (1)    2 :  0.053 0.100 0.100 0.334 0.413 
586 OmyJC18ROGR    (2)    2 :  0.133 0.025 0.137 0.252 0.452 
587 OmyJC18ROGR    (0)    2 :  0.018 0.901 0.032 0.024 0.025 
588 OmyJC18ROGR    (0)    2 :  0.126 0.208 0.093 0.377 0.196 
589 OmyJC18ROGR    (1)    2 :  0.222 0.079 0.434 0.129 0.137 
590 OmyJC18ROGR    (2)    2 :  0.067 0.014 0.195 0.457 0.267 
591 OmyJC18ROGR    (0)    2 :  0.159 0.048 0.295 0.154 0.344 
592 OmyJC18ROGR    (4)    2 :  0.157 0.044 0.099 0.476 0.224 
593 OmyJC18ROGR    (0)    2 :  0.116 0.115 0.173 0.187 0.410 
594 OmyJC18ROGR    (1)    2 :  0.066 0.038 0.133 0.277 0.487 
595 OmyJC18ROGR    (0)    2 :  0.440 0.197 0.129 0.106 0.128 
596 OmyJC18ROGR    (0)    2 :  0.200 0.084 0.228 0.210 0.278 
597 OmyJC18ROGR    (0)    2 :  0.351 0.123 0.143 0.173 0.210 
598 OmyJC18ROGR    (0)    2 :  0.159 0.055 0.196 0.421 0.169 
599 OmyJC18ROGR    (0)    2 :  0.065 0.118 0.574 0.096 0.147 
600 OmyJC18ROGR    (0)    2 :  0.111 0.063 0.190 0.130 0.506 
601 OmyJC18ROGR    (0)    2 :  0.476 0.024 0.205 0.139 0.156 
602 OmyJC18ROGR    (0)    2 :  0.137 0.204 0.417 0.126 0.117 
603 OmyJC18ROGR    (0)    2 :  0.078 0.034 0.141 0.565 0.182 
604 OmyJC18ROGR    (0)    2 :  0.066 0.035 0.657 0.082 0.160 
605 OmyJC18ROGR    (0)    2 :  0.234 0.039 0.232 0.147 0.348 
606 OmyJC18ROGR    (0)    2 :  0.146 0.096 0.129 0.298 0.332 
607 OmyJC18ROGR    (0)    2 :  0.038 0.039 0.645 0.111 0.166 
608 OmyJC18ROGR    (0)    2 :  0.070 0.039 0.367 0.369 0.155 
