

----------------------------------------------------
STRUCTURE by Pritchard, Stephens and Donnelly (2000)
     and Falush, Stephens and Pritchard (2003)
       Code by Pritchard, Falush and Hubisz
             Version 2.3.4 (Jul 2012)
----------------------------------------------------



Command line arguments:   bin/structure -m "/Users/ddayan/FRA/half_pounder_2023/structure/halfpounder_p3/10k_20k_adm_corr_3/mainparams" -e "/Users/ddayan/FRA/half_pounder_2023/structure/halfpounder_p3/10k_20k_adm_corr_3/extraparams" 
Input File:    /Users/ddayan/FRA/half_pounder_2023/structure/halfpounder_p3/project_data

Run parameters:
   1000 individuals
   233 loci
   3 populations assumed
   10000 Burn-in period
   20000 Reps


--------------------------------------------
Proportion of membership of each pre-defined
 population in each of the 3 clusters

Given    Inferred Clusters       Number of
 Pop       1      2      3      Individuals

  1:     0.367  0.332  0.301      275
  2:     0.343  0.315  0.341      643
  3:     0.321  0.169  0.510       42
  4:     0.402  0.176  0.422       40
--------------------------------------------

Allele-freq. divergence among pops (Net nucleotide distance),
computed using point estimates of P.

      1       2       3      
 1      -    0.0110  0.0042  
 2   0.0110     -    0.0138  
 3   0.0042  0.0138     -    

Average distances (expected heterozygosity) between individuals in same cluster:
cluster  1  : 0.3155 
cluster  2  : 0.2840 
cluster  3  : 0.3082 

--------------------------------------------
Estimated Ln Prob of Data   = -216203.0
Mean value of ln likelihood = -215292.3
Variance of ln likelihood   = 1821.5
Mean value of alpha         = 0.7962

Mean value of Fst_1         = 0.0092
Mean value of Fst_2         = 0.0825
Mean value of Fst_3         = 0.0319


Inferred ancestry of individuals:
        Label (%Miss) Pop:  Inferred clusters
  1 OmyAC19ROGR    (0)    1 :  0.499 0.123 0.378 
  2 OmyAC19ROGR    (0)    1 :  0.578 0.267 0.155 
  3 OmyAC19ROGR    (0)    1 :  0.362 0.195 0.442 
  4 OmyAC19ROGR    (0)    1 :  0.706 0.095 0.199 
  5 OmyAC19ROGR    (1)    1 :  0.077 0.858 0.065 
  6 OmyAC19ROGR    (0)    1 :  0.167 0.446 0.387 
  7 OmyAC19ROGR    (0)    1 :  0.169 0.438 0.393 
  8 OmyAC19ROGR    (0)    1 :  0.237 0.092 0.672 
  9 OmyAC19ROGR    (0)    1 :  0.228 0.537 0.235 
 10 OmyAC19ROGR    (0)    1 :  0.395 0.462 0.143 
 11 OmyAC19ROGR    (0)    1 :  0.190 0.159 0.651 
 12 OmyAC19ROGR    (0)    1 :  0.359 0.380 0.260 
 13 OmyAC19ROGR    (0)    1 :  0.248 0.118 0.634 
 14 OmyAC19ROGR    (0)    1 :  0.221 0.357 0.422 
 15 OmyAC19ROGR    (0)    1 :  0.263 0.541 0.195 
 16 OmyAC19ROGR    (0)    1 :  0.321 0.219 0.459 
 17 OmyAC19ROGR    (0)    1 :  0.613 0.279 0.108 
 18 OmyAC19ROGR    (3)    1 :  0.598 0.066 0.336 
 19 OmyAC19ROGR    (0)    1 :  0.134 0.161 0.705 
 20 OmyAC19ROGR    (0)    1 :  0.453 0.446 0.102 
 21 OmyAC19ROGR    (0)    1 :  0.363 0.487 0.150 
 22 OmyAC19ROGR    (0)    1 :  0.193 0.196 0.610 
 23 OmyAC19ROGR    (0)    1 :  0.220 0.505 0.275 
 24 OmyAC19ROGR    (1)    1 :  0.536 0.128 0.336 
 25 OmyAC19ROGR    (0)    1 :  0.157 0.562 0.280 
 26 OmyAC19ROGR    (0)    1 :  0.274 0.262 0.464 
 27 OmyAC19ROGR    (2)    1 :  0.321 0.174 0.504 
 28 OmyAC19ROGR    (0)    1 :  0.566 0.188 0.246 
 29 OmyAC19ROGR    (0)    1 :  0.551 0.240 0.209 
 30 OmyAC19ROGR    (0)    1 :  0.227 0.563 0.210 
 31 OmyAC19ROGR    (0)    1 :  0.299 0.204 0.497 
 32 OmyAC19ROGR    (0)    1 :  0.475 0.326 0.200 
 33 OmyAC19ROGR    (0)    1 :  0.452 0.245 0.303 
 34 OmyAC19ROGR    (0)    1 :  0.205 0.572 0.223 
 35 OmyAC19ROGR    (0)    1 :  0.553 0.201 0.246 
 36 OmyAC19ROGR    (0)    1 :  0.215 0.162 0.622 
 37 OmyAC19ROGR    (0)    1 :  0.128 0.373 0.499 
 38 OmyAC19ROGR    (0)    1 :  0.127 0.669 0.205 
 39 OmyAC19ROGR    (0)    1 :  0.667 0.197 0.136 
 40 OmyAC19ROGR    (0)    1 :  0.341 0.499 0.160 
 41 OmyAC19ROGR    (0)    1 :  0.577 0.178 0.245 
 42 OmyAC19ROGR    (0)    1 :  0.130 0.764 0.106 
 43 OmyAC19ROGR    (0)    1 :  0.648 0.179 0.173 
 44 OmyAC19ROGR    (8)    1 :  0.456 0.158 0.386 
 45 OmyAC19ROGR    (2)    1 :  0.184 0.505 0.311 
 46 OmyAC19ROGR    (0)    1 :  0.310 0.226 0.464 
 47 OmyAC19ROGR    (0)    1 :  0.190 0.127 0.683 
 48 OmyAC19ROGR    (0)    1 :  0.531 0.114 0.355 
 49 OmyAC19ROGR    (0)    1 :  0.342 0.157 0.501 
 50 OmyAC19ROGR    (0)    1 :  0.764 0.114 0.122 
 51 OmyAC19ROGR    (2)    1 :  0.120 0.758 0.122 
 52 OmyAC19ROGR    (0)    1 :  0.105 0.791 0.104 
 53 OmyAC19ROGR    (1)    1 :  0.274 0.126 0.600 
 54 OmyAC19ROGR    (0)    1 :  0.527 0.223 0.250 
 55 OmyAC19ROGR    (4)    1 :  0.300 0.199 0.501 
 56 OmyAC19ROGR    (0)    1 :  0.187 0.374 0.439 
 57 OmyAC19ROGR    (0)    1 :  0.102 0.079 0.819 
 58 OmyAC19ROGR    (0)    1 :  0.081 0.629 0.290 
 59 OmyAC19ROGR    (0)    1 :  0.271 0.126 0.603 
 60 OmyAC19ROGR    (0)    1 :  0.157 0.286 0.558 
 61 OmyAC19ROGR    (0)    1 :  0.482 0.237 0.282 
 62 OmyAC19ROGR    (0)    1 :  0.323 0.206 0.472 
 63 OmyAC19ROGR    (0)    1 :  0.265 0.347 0.388 
 64 OmyAC19ROGR    (2)    1 :  0.634 0.204 0.163 
 65 OmyAC19ROGR    (0)    1 :  0.425 0.132 0.442 
 66 OmyAC19ROGR    (5)    1 :  0.228 0.424 0.348 
 67 OmyAC19ROGR    (0)    1 :  0.174 0.139 0.686 
 68 OmyAC19ROGR    (1)    1 :  0.377 0.338 0.285 
 69 OmyAC19ROGR    (3)    1 :  0.253 0.315 0.433 
 70 OmyAC19ROGR    (0)    1 :  0.712 0.118 0.170 
 71 OmyAC19ROGR    (0)    1 :  0.229 0.175 0.596 
 72 OmyAC19ROGR    (5)    1 :  0.411 0.145 0.444 
 73 OmyAC19ROGR    (0)    1 :  0.430 0.334 0.236 
 74 OmyAC19ROGR    (0)    1 :  0.594 0.202 0.204 
 75 OmyAC19ROGR    (0)    1 :  0.478 0.286 0.235 
 76 OmyAC19ROGR    (0)    1 :  0.539 0.186 0.275 
 77 OmyAC19ROGR    (1)    1 :  0.057 0.891 0.052 
 78 OmyAC19ROGR    (0)    1 :  0.732 0.116 0.152 
 79 OmyAC19ROGR    (3)    1 :  0.542 0.218 0.241 
 80 OmyAC19ROGR    (0)    1 :  0.114 0.768 0.118 
 81 OmyAC19ROGR    (3)    1 :  0.281 0.474 0.245 
 82 OmyAC19ROGR    (1)    1 :  0.178 0.054 0.768 
 83 OmyAC19ROGR    (0)    1 :  0.519 0.145 0.336 
 84 OmyAC19ROGR    (0)    1 :  0.286 0.234 0.480 
 85 OmyAC19ROGR    (7)    1 :  0.508 0.168 0.324 
 86 OmyAC19ROGR    (0)    1 :  0.483 0.248 0.269 
 87 OmyAC19ROGR    (0)    1 :  0.547 0.133 0.320 
 88 OmyJC19ROGR    (0)    2 :  0.105 0.820 0.076 
 89 OmyJC19ROGR    (0)    2 :  0.356 0.205 0.439 
 90 OmyJC19ROGR    (0)    2 :  0.090 0.848 0.063 
 91 OmyJC19ROGR    (0)    2 :  0.335 0.052 0.613 
 92 OmyJC19ROGR    (0)    2 :  0.632 0.171 0.197 
 93 OmyJC19ROGR    (0)    2 :  0.511 0.173 0.316 
 94 OmyJC19ROGR    (0)    2 :  0.586 0.270 0.144 
 95 OmyJC19ROGR    (0)    2 :  0.384 0.342 0.274 
 96 OmyJC19ROGR    (0)    2 :  0.314 0.380 0.306 
 97 OmyJC19ROGR    (0)    2 :  0.282 0.456 0.262 
 98 OmyJC19ROGR    (0)    2 :  0.375 0.151 0.474 
 99 OmyJC19ROGR    (0)    2 :  0.363 0.167 0.470 
100 OmyJC19ROGR    (0)    2 :  0.343 0.131 0.526 
101 OmyJC19ROGR    (1)    2 :  0.194 0.594 0.212 
102 OmyJC19ROGR    (0)    2 :  0.284 0.261 0.455 
103 OmyJC19ROGR    (0)    2 :  0.286 0.455 0.259 
104 OmyJC19ROGR    (0)    2 :  0.274 0.102 0.624 
105 OmyJC19ROGR    (0)    2 :  0.278 0.409 0.313 
106 OmyJC19ROGR    (0)    2 :  0.091 0.837 0.072 
107 OmyJC19ROGR    (0)    2 :  0.135 0.356 0.510 
108 OmyJC19ROGR    (0)    2 :  0.514 0.221 0.265 
109 OmyJC19ROGR    (0)    2 :  0.302 0.314 0.383 
110 OmyJC19ROGR    (0)    2 :  0.205 0.599 0.195 
111 OmyJC19ROGR    (0)    2 :  0.153 0.146 0.701 
112 OmyJC19ROGR    (2)    2 :  0.232 0.376 0.392 
113 OmyJC19ROGR    (0)    2 :  0.243 0.602 0.155 
114 OmyJC19ROGR    (5)    2 :  0.651 0.152 0.198 
115 OmyJC19ROGR    (0)    2 :  0.689 0.117 0.194 
116 OmyJC19ROGR    (0)    2 :  0.527 0.279 0.194 
117 OmyJC19ROGR    (0)    2 :  0.371 0.283 0.346 
118 OmyJC19ROGR    (0)    2 :  0.510 0.091 0.400 
119 OmyJC19ROGR    (2)    2 :  0.613 0.117 0.269 
120 OmyJC19ROGR    (0)    2 :  0.250 0.093 0.657 
121 OmyJC19ROGR    (0)    2 :  0.240 0.096 0.663 
122 OmyJC19ROGR    (0)    2 :  0.473 0.184 0.343 
123 OmyJC19ROGR    (1)    2 :  0.568 0.075 0.357 
124 OmyJC19ROGR    (0)    2 :  0.472 0.349 0.179 
125 OmyJC19ROGR    (0)    2 :  0.443 0.241 0.317 
126 OmyJC19ROGR    (0)    2 :  0.180 0.742 0.077 
127 OmyJC19ROGR    (0)    2 :  0.295 0.125 0.580 
128 OmyJC19ROGR    (1)    2 :  0.445 0.135 0.420 
129 OmyJC19ROGR    (0)    2 :  0.424 0.428 0.148 
130 OmyJC19ROGR    (2)    2 :  0.571 0.280 0.149 
131 OmyJC19ROGR    (0)    2 :  0.226 0.185 0.589 
132 OmyJC19ROGR    (0)    2 :  0.490 0.199 0.311 
133 OmyJC19ROGR    (0)    2 :  0.596 0.097 0.306 
134 OmyJC19ROGR    (0)    2 :  0.415 0.155 0.430 
135 OmyJC19ROGR    (0)    2 :  0.160 0.183 0.657 
136 OmyJC19ROGR    (4)    2 :  0.474 0.235 0.290 
137 OmyJC19ROGR    (0)    2 :  0.300 0.331 0.369 
138 OmyJC19ROGR    (0)    2 :  0.111 0.674 0.215 
139 OmyJC19ROGR    (3)    2 :  0.387 0.109 0.504 
140 OmyJC19ROGR    (1)    2 :  0.507 0.270 0.222 
141 OmyJC19ROGR    (0)    2 :  0.442 0.346 0.212 
142 OmyJC19ROGR    (0)    2 :  0.198 0.549 0.253 
143 OmyJC19ROGR    (0)    2 :  0.445 0.299 0.256 
144 OmyJC19ROGR    (0)    2 :  0.246 0.079 0.675 
145 OmyJC19ROGR    (0)    2 :  0.460 0.129 0.411 
146 OmyJC19ROGR    (1)    2 :  0.306 0.228 0.466 
147 OmyJC19ROGR    (0)    2 :  0.142 0.361 0.498 
148 OmyJC19ROGR    (0)    2 :  0.139 0.155 0.707 
149 OmyJC19ROGR    (0)    2 :  0.350 0.134 0.516 
150 OmyJC19ROGR    (1)    2 :  0.595 0.199 0.206 
151 OmyJC19ROGR    (0)    2 :  0.544 0.269 0.187 
152 OmyJC19ROGR    (0)    2 :  0.282 0.136 0.582 
153 OmyJC19ROGR    (0)    2 :  0.169 0.215 0.616 
154 OmyJC19ROGR    (0)    2 :  0.267 0.241 0.492 
155 OmyJC19ROGR    (0)    2 :  0.567 0.202 0.231 
156 OmyJC19ROGR    (0)    2 :  0.358 0.231 0.411 
157 OmyJC19ROGR    (0)    2 :  0.366 0.397 0.237 
158 OmyJC19ROGR    (0)    2 :  0.394 0.068 0.537 
159 OmyJC19ROGR    (0)    2 :  0.561 0.135 0.304 
160 OmyJC19ROGR    (0)    2 :  0.404 0.271 0.325 
161 OmyJC19ROGR    (1)    2 :  0.186 0.097 0.717 
162 OmyJC19ROGR    (0)    2 :  0.228 0.412 0.360 
163 OmyJC19ROGR    (0)    2 :  0.212 0.240 0.548 
164 OmyJC19ROGR    (0)    2 :  0.325 0.075 0.600 
165 OmyJC19ROGR    (0)    2 :  0.415 0.101 0.484 
166 OmyJC19ROGR    (0)    2 :  0.591 0.195 0.214 
167 OmyJC19ROGR    (0)    2 :  0.315 0.285 0.400 
168 OmyJC19ROGR    (0)    2 :  0.507 0.224 0.269 
169 OmyJC19ROGR    (0)    2 :  0.082 0.858 0.060 
170 OmyJC19ROGR    (0)    2 :  0.422 0.251 0.327 
171 OmyJC19ROGR    (0)    2 :  0.516 0.139 0.345 
172 OmyJC19ROGR    (0)    2 :  0.167 0.441 0.391 
173 OmyJC19ROGR    (0)    2 :  0.085 0.833 0.082 
174 OmyJC19ROGR    (0)    2 :  0.602 0.139 0.258 
175 OmyJC19ROGR    (0)    2 :  0.642 0.123 0.235 
176 OmyJC19ROGR    (0)    2 :  0.197 0.365 0.438 
177 OmyJC19ROGR    (0)    2 :  0.156 0.072 0.772 
178 OmyJC19ROGR    (0)    2 :  0.493 0.165 0.342 
179 OmyJC19ROGR    (0)    2 :  0.560 0.168 0.272 
180 OmyJC19ROGR    (0)    2 :  0.091 0.810 0.100 
181 OmyJC19ROGR    (0)    2 :  0.574 0.235 0.191 
182 OmyJC19ROGR    (0)    2 :  0.265 0.222 0.513 
183 OmyJC19ROGR    (0)    2 :  0.296 0.158 0.546 
184 OmyJC19ROGR    (0)    2 :  0.113 0.715 0.171 
185 OmyJC19ROGR    (0)    2 :  0.642 0.081 0.277 
186 OmyJC19ROGR    (0)    2 :  0.280 0.428 0.292 
187 OmyJC19ROGR    (0)    2 :  0.658 0.162 0.180 
188 OmyJC19ROGR    (0)    2 :  0.497 0.133 0.370 
189 OmyJC19ROGR    (0)    2 :  0.286 0.442 0.272 
190 OmyJC19ROGR    (0)    2 :  0.255 0.230 0.516 
191 OmyJC19ROGR    (0)    2 :  0.523 0.187 0.290 
192 OmyJC19ROGR    (0)    2 :  0.560 0.117 0.323 
193 OmyJC19ROGR    (0)    2 :  0.175 0.368 0.457 
194 OmyJC19ROGR    (0)    2 :  0.248 0.078 0.674 
195 OmyJC19ROGR    (0)    2 :  0.158 0.767 0.074 
196 OmyJC19ROGR    (0)    2 :  0.755 0.121 0.124 
197 OmyJC19ROGR    (0)    2 :  0.422 0.158 0.420 
198 OmyJC19ROGR    (0)    2 :  0.091 0.784 0.124 
199 OmyJC19ROGR    (0)    2 :  0.360 0.087 0.553 
200 OmyJC19ROGR    (0)    2 :  0.311 0.355 0.333 
201 OmyJC19ROGR    (0)    2 :  0.318 0.093 0.589 
202 OmyJC19ROGR    (0)    2 :  0.330 0.096 0.574 
203 OmyJC19ROGR    (0)    2 :  0.570 0.143 0.287 
204 OmyJC19ROGR    (0)    2 :  0.369 0.253 0.379 
205 OmyJC19ROGR    (0)    2 :  0.299 0.302 0.399 
206 OmyJC19ROGR    (0)    2 :  0.072 0.866 0.061 
207 OmyJC19ROGR    (0)    2 :  0.143 0.516 0.341 
208 OmyJC19ROGR    (0)    2 :  0.344 0.180 0.476 
209 OmyJC19ROGR    (0)    2 :  0.227 0.486 0.287 
210 OmyJC19ROGR    (0)    2 :  0.098 0.846 0.057 
211 OmyJC19ROGR    (0)    2 :  0.246 0.292 0.462 
212 OmyJC19ROGR    (1)    2 :  0.118 0.361 0.521 
213 OmyJC19ROGR    (1)    2 :  0.558 0.254 0.188 
214 OmyJC19ROGR    (0)    2 :  0.186 0.312 0.502 
215 OmyJC19ROGR    (0)    2 :  0.583 0.100 0.317 
216 OmyJC19ROGR    (0)    2 :  0.148 0.572 0.280 
217 OmyJC19ROGR    (0)    2 :  0.194 0.642 0.164 
218 OmyJC19ROGR    (0)    2 :  0.536 0.196 0.268 
219 OmyJC19ROGR    (0)    2 :  0.221 0.404 0.374 
220 OmyJC19ROGR    (0)    2 :  0.259 0.053 0.687 
221 OmyJC19ROGR    (0)    2 :  0.176 0.313 0.511 
222 OmyJC19ROGR    (0)    2 :  0.510 0.130 0.360 
223 OmyJC19ROGR    (0)    2 :  0.262 0.294 0.444 
224 OmyJC19ROGR    (1)    2 :  0.500 0.209 0.291 
225 OmyJC19ROGR    (0)    2 :  0.067 0.751 0.182 
226 OmyJC19ROGR    (0)    2 :  0.403 0.489 0.107 
227 OmyJC19ROGR    (0)    2 :  0.090 0.828 0.081 
228 OmyJC19ROGR    (0)    2 :  0.407 0.153 0.440 
229 OmyJC19ROGR    (0)    2 :  0.434 0.133 0.432 
230 OmyJC19ROGR    (0)    2 :  0.256 0.370 0.373 
231 OmyJC19ROGR    (0)    2 :  0.237 0.305 0.458 
232 OmyJC19ROGR    (2)    2 :  0.287 0.264 0.448 
233 OmyJC19ROGR    (0)    2 :  0.237 0.383 0.379 
234 OmyJC19ROGR    (0)    2 :  0.066 0.871 0.064 
235 OmyJC19ROGR    (0)    2 :  0.144 0.719 0.137 
236 OmyJC19ROGR    (0)    2 :  0.131 0.111 0.758 
237 OmyJC19ROGR    (0)    2 :  0.193 0.245 0.562 
238 OmyJC19ROGR    (0)    2 :  0.145 0.181 0.674 
239 OmyJC19ROGR    (0)    2 :  0.384 0.176 0.440 
240 OmyJC19ROGR    (0)    2 :  0.500 0.207 0.293 
241 OmyJC19ROGR    (0)    2 :  0.409 0.402 0.189 
242 OmyJC19ROGR    (0)    2 :  0.241 0.079 0.680 
243 OmyJC19ROGR    (0)    2 :  0.465 0.149 0.386 
244 OmyJC19ROGR    (0)    2 :  0.479 0.173 0.349 
245 OmyJC19ROGR    (0)    2 :  0.079 0.848 0.073 
246 OmyJC19ROGR    (0)    2 :  0.279 0.324 0.397 
247 OmyJC19ROGR    (0)    2 :  0.160 0.699 0.141 
248 OmyJC19ROGR    (0)    2 :  0.378 0.487 0.135 
249 OmyJC19ROGR    (0)    2 :  0.575 0.240 0.185 
250 OmyJC19ROGR    (0)    2 :  0.495 0.271 0.234 
251 OmyJC19ROGR    (0)    2 :  0.614 0.215 0.172 
252 OmyJC19ROGR    (0)    2 :  0.300 0.237 0.462 
253 OmyJC19ROGR    (0)    2 :  0.585 0.267 0.148 
254 OmyJC19ROGR    (0)    2 :  0.474 0.304 0.222 
255 OmyJC19ROGR    (0)    2 :  0.398 0.195 0.407 
256 OmyJC19ROGR    (0)    2 :  0.394 0.317 0.290 
257 OmyJC19ROGR    (0)    2 :  0.628 0.222 0.150 
258 OmyAC19ROGR    (0)    1 :  0.406 0.258 0.336 
259 OmyAC19ROGR    (0)    1 :  0.195 0.547 0.258 
260 OmyAC19ROGR    (0)    1 :  0.645 0.200 0.155 
261 OmyAC19ROGR    (0)    1 :  0.561 0.289 0.150 
262 OmyAC19ROGR    (0)    1 :  0.542 0.301 0.157 
263 OmyAC19ROGR    (0)    1 :  0.332 0.233 0.435 
264 OmyAC19ROGR    (0)    1 :  0.576 0.202 0.222 
265 OmyAC19ROGR    (0)    1 :  0.590 0.172 0.238 
266 OmyAC19ROGR    (0)    1 :  0.679 0.107 0.214 
267 OmyAC19ROGR    (0)    1 :  0.442 0.427 0.131 
268 OmyAC19ROGR    (0)    1 :  0.302 0.316 0.383 
269 OmyAC19ROGR    (1)    1 :  0.461 0.348 0.191 
270 OmyAC19ROGR    (0)    1 :  0.638 0.178 0.184 
271 OmyAC19ROGR    (0)    1 :  0.263 0.536 0.202 
272 OmyAC19ROGR    (0)    1 :  0.337 0.358 0.304 
273 OmyAC19ROGR    (0)    1 :  0.571 0.105 0.324 
274 OmyAC19ROGR    (0)    1 :  0.190 0.687 0.123 
275 OmyAC19ROGR    (0)    1 :  0.146 0.208 0.646 
276 OmyAC19ROGR    (0)    1 :  0.415 0.235 0.349 
277 OmyAC19ROGR    (0)    1 :  0.376 0.364 0.260 
278 OmyAC19ROGR    (0)    1 :  0.184 0.405 0.411 
279 OmyAC19ROGR    (0)    1 :  0.182 0.361 0.456 
280 OmyAC19ROGR    (0)    1 :  0.414 0.373 0.213 
281 OmyAC19ROGR    (0)    1 :  0.505 0.187 0.307 
282 OmyAC19ROGR    (0)    1 :  0.409 0.359 0.232 
283 OmyAC19ROGR    (0)    1 :  0.307 0.292 0.401 
284 OmyAC19ROGR    (0)    1 :  0.560 0.144 0.296 
285 OmyAC19ROGR    (0)    1 :  0.490 0.161 0.349 
286 OmyAC19ROGR    (0)    1 :  0.570 0.118 0.312 
287 OmyAC19ROGR    (0)    1 :  0.058 0.901 0.041 
288 OmyAC19ROGR    (0)    1 :  0.070 0.616 0.315 
289 OmyAC19ROGR    (0)    1 :  0.448 0.271 0.282 
290 OmyAC19ROGR    (1)    1 :  0.054 0.885 0.061 
291 OmyAC19ROGR    (0)    1 :  0.275 0.534 0.191 
292 OmyAC19ROGR    (0)    1 :  0.422 0.299 0.279 
293 OmyAC19ROGR    (0)    1 :  0.229 0.177 0.594 
294 OmyAC19ROGR    (0)    1 :  0.455 0.436 0.109 
295 OmyAC19ROGR    (0)    1 :  0.777 0.116 0.107 
296 OmyAC19ROGR    (0)    1 :  0.246 0.137 0.617 
297 OmyAC19ROGR    (0)    1 :  0.260 0.649 0.092 
298 OmyAC19ROGR    (0)    1 :  0.387 0.163 0.450 
299 OmyAC19ROGR    (0)    1 :  0.314 0.371 0.314 
300 OmyAC19ROGR    (0)    1 :  0.443 0.221 0.336 
301 OmyAC19ROGR    (0)    1 :  0.105 0.820 0.075 
302 OmyAC19ROGR    (0)    1 :  0.156 0.626 0.218 
303 OmyAC19ROGR    (0)    1 :  0.492 0.252 0.257 
304 OmyAC19ROGR    (0)    1 :  0.155 0.417 0.428 
305 OmyAC19ROGR    (0)    1 :  0.455 0.185 0.361 
306 OmyAC19ROGR    (0)    1 :  0.273 0.617 0.109 
307 OmyAC19ROGR    (1)    1 :  0.448 0.146 0.406 
308 OmyAC19ROGR    (0)    1 :  0.464 0.309 0.227 
309 OmyAC19ROGR    (0)    1 :  0.149 0.763 0.088 
310 OmyAC19ROGR    (0)    1 :  0.375 0.451 0.174 
311 OmyAC19ROGR    (0)    1 :  0.199 0.662 0.140 
312 OmyAC19ROGR    (0)    1 :  0.505 0.209 0.287 
313 OmyAC19ROGR    (0)    1 :  0.336 0.206 0.458 
314 OmyAC19ROGR    (0)    1 :  0.279 0.300 0.421 
315 OmyAC19ROGR    (0)    1 :  0.532 0.315 0.153 
316 OmyAC19ROGR    (0)    1 :  0.771 0.117 0.112 
317 OmyAC19ROGR    (0)    1 :  0.194 0.121 0.684 
318 OmyAC19ROGR    (0)    1 :  0.388 0.086 0.526 
319 OmyAC19ROGR    (0)    1 :  0.503 0.090 0.407 
320 OmyAC19ROGR    (0)    1 :  0.374 0.082 0.544 
321 OmyAC19ROGR    (0)    1 :  0.569 0.129 0.302 
322 OmyAC19ROGR    (0)    1 :  0.327 0.509 0.164 
323 OmyAC19ROGR    (0)    1 :  0.454 0.215 0.331 
324 OmyAC19ROGR    (0)    1 :  0.685 0.103 0.211 
325 OmyAC19ROGR    (0)    1 :  0.430 0.381 0.189 
326 OmyAC19ROGR    (0)    1 :  0.571 0.173 0.256 
327 OmyAC19ROGR    (0)    1 :  0.627 0.155 0.218 
328 OmyAC20ROGR    (0)    1 :  0.365 0.143 0.492 
329 OmyAC20ROGR    (0)    1 :  0.293 0.324 0.383 
330 OmyAC20ROGR    (0)    1 :  0.295 0.339 0.366 
331 OmyAC20ROGR    (0)    1 :  0.177 0.655 0.168 
332 OmyAC20ROGR    (0)    1 :  0.399 0.372 0.229 
333 OmyAC20ROGR    (0)    1 :  0.417 0.418 0.165 
334 OmyAC20ROGR    (0)    1 :  0.564 0.225 0.211 
335 OmyAC20ROGR    (0)    1 :  0.615 0.137 0.248 
336 OmyAC20ROGR    (0)    1 :  0.398 0.347 0.256 
337 OmyAC20ROGR    (0)    1 :  0.193 0.597 0.210 
338 OmyAC20ROGR    (0)    1 :  0.592 0.248 0.160 
339 OmyAC20ROGR    (0)    1 :  0.411 0.229 0.359 
340 OmyAC20ROGR    (0)    1 :  0.480 0.225 0.295 
341 OmyAC20ROGR    (0)    1 :  0.257 0.188 0.555 
342 OmyAC20ROGR    (0)    1 :  0.256 0.373 0.371 
343 OmyAC20ROGR    (0)    1 :  0.236 0.144 0.620 
344 OmyAC20ROGR    (0)    1 :  0.263 0.451 0.286 
345 OmyAC20ROGR    (1)    1 :  0.603 0.306 0.091 
346 OmyAC20ROGR    (0)    1 :  0.425 0.421 0.154 
347 OmyAC20ROGR    (0)    1 :  0.250 0.431 0.319 
348 OmyAC20ROGR    (0)    1 :  0.252 0.299 0.449 
349 OmyAC20ROGR    (0)    1 :  0.335 0.141 0.525 
350 OmyAC20ROGR    (0)    1 :  0.135 0.197 0.668 
351 OmyAC20ROGR    (0)    1 :  0.501 0.235 0.264 
352 OmyAC20ROGR    (0)    1 :  0.512 0.171 0.316 
353 OmyAC20ROGR    (0)    1 :  0.508 0.261 0.231 
354 OmyAC20ROGR    (0)    1 :  0.189 0.491 0.320 
355 OmyAC20ROGR    (0)    1 :  0.126 0.258 0.616 
356 OmyAC20ROGR    (0)    1 :  0.377 0.424 0.199 
357 OmyAC20ROGR    (0)    1 :  0.451 0.180 0.369 
358 OmyAC20ROGR    (0)    1 :  0.461 0.162 0.376 
359 OmyAC20ROGR    (0)    1 :  0.174 0.535 0.290 
360 OmyAC20ROGR    (0)    1 :  0.419 0.374 0.207 
361 OmyAC20ROGR    (0)    1 :  0.280 0.121 0.599 
362 OmyAC20ROGR    (0)    1 :  0.414 0.316 0.270 
363 OmyAC20ROGR    (0)    1 :  0.142 0.510 0.348 
364 OmyAC20ROGR    (1)    1 :  0.444 0.203 0.354 
365 OmyAC20ROGR    (0)    1 :  0.592 0.126 0.282 
366 OmyAC20ROGR    (0)    1 :  0.746 0.089 0.165 
367 OmyAC20ROGR    (0)    1 :  0.582 0.229 0.189 
368 OmyAC20ROGR    (0)    1 :  0.499 0.177 0.324 
369 OmyAC20ROGR    (0)    1 :  0.174 0.454 0.373 
370 OmyAC20ROGR    (0)    1 :  0.169 0.713 0.119 
371 OmyAC20ROGR    (0)    1 :  0.116 0.777 0.108 
372 OmyAC20ROGR    (2)    1 :  0.098 0.829 0.073 
373 OmyAC20ROGR    (0)    1 :  0.123 0.666 0.211 
374 OmyAC20ROGR    (0)    1 :  0.567 0.103 0.331 
375 OmyAC20ROGR    (0)    1 :  0.412 0.291 0.298 
376 OmyAC20ROGR    (0)    1 :  0.305 0.360 0.334 
377 OmyAC20ROGR    (0)    1 :  0.517 0.114 0.369 
378 OmyAC20ROGR    (0)    1 :  0.446 0.115 0.439 
379 OmyAC20ROGR    (0)    1 :  0.218 0.568 0.214 
380 OmyAC20ROGR    (0)    1 :  0.751 0.111 0.138 
381 OmyAC20ROGR    (0)    1 :  0.356 0.316 0.328 
382 OmyAC20ROGR    (0)    1 :  0.092 0.817 0.090 
383 OmyAC20ROGR    (0)    1 :  0.613 0.267 0.120 
384 OmyAC20ROGR    (0)    1 :  0.268 0.510 0.222 
385 OmyAC20ROGR    (0)    1 :  0.272 0.393 0.334 
386 OmyAC20ROGR    (0)    1 :  0.406 0.443 0.151 
387 OmyAC20ROGR    (0)    1 :  0.349 0.536 0.115 
388 OmyAC20ROGR    (0)    1 :  0.222 0.575 0.203 
389 OmyAC20ROGR    (0)    1 :  0.650 0.172 0.178 
390 OmyAC20ROGR    (0)    1 :  0.166 0.064 0.770 
391 OmyAC20ROGR    (0)    1 :  0.120 0.630 0.250 
392 OmyAC20ROGR    (0)    1 :  0.233 0.528 0.239 
393 OmyAC20ROGR    (0)    1 :  0.282 0.268 0.450 
394 OmyAC20ROGR    (0)    1 :  0.292 0.363 0.345 
395 OmyAC20ROGR    (0)    1 :  0.302 0.243 0.455 
396 OmyAC20ROGR    (0)    1 :  0.386 0.259 0.355 
397 OmyAC20ROGR    (0)    1 :  0.482 0.371 0.147 
398 OmyAC20ROGR    (0)    1 :  0.244 0.647 0.109 
399 OmyAC20ROGR    (0)    1 :  0.516 0.366 0.117 
400 OmyAC20ROGR    (0)    1 :  0.565 0.283 0.152 
401 OmyAC20ROGR    (0)    1 :  0.099 0.736 0.165 
402 OmyAC20ROGR    (0)    1 :  0.276 0.072 0.652 
403 OmyAC20ROGR    (0)    1 :  0.333 0.318 0.349 
404 OmyAC20ROGR    (0)    1 :  0.553 0.088 0.359 
405 OmyAC20ROGR    (0)    1 :  0.154 0.535 0.311 
406 OmyAC20ROGR    (0)    1 :  0.387 0.168 0.445 
407 OmyAC20ROGR    (0)    1 :  0.694 0.178 0.128 
408 OmyAC20ROGR    (0)    1 :  0.121 0.257 0.622 
409 OmyAC20ROGR    (0)    1 :  0.589 0.163 0.248 
410 OmyAC20ROGR    (0)    1 :  0.143 0.790 0.067 
411 OmyAC20ROGR    (0)    1 :  0.187 0.676 0.137 
412 OmyAC20ROGR    (0)    1 :  0.295 0.415 0.290 
413 OmyAC20ROGR    (0)    1 :  0.544 0.275 0.181 
414 OmyAC20ROGR    (0)    1 :  0.236 0.527 0.237 
415 OmyAC20ROGR    (0)    1 :  0.596 0.161 0.243 
416 OmyAC20ROGR    (0)    1 :  0.625 0.169 0.207 
417 OmyAC20ROGR    (0)    1 :  0.631 0.113 0.256 
418 OmyAC20ROGR    (0)    1 :  0.365 0.390 0.245 
419 OmyAC20ROGR    (0)    1 :  0.175 0.595 0.229 
420 OmyAC20ROGR    (0)    1 :  0.151 0.179 0.670 
421 OmyAC20ROGR    (0)    1 :  0.530 0.269 0.201 
422 OmyAC20ROGR    (0)    1 :  0.096 0.842 0.062 
423 OmyAC20ROGR    (0)    1 :  0.712 0.148 0.140 
424 OmyAC20ROGR    (0)    1 :  0.237 0.105 0.658 
425 OmyAC20ROGR    (0)    1 :  0.086 0.819 0.095 
426 OmyAC20ROGR    (0)    1 :  0.660 0.181 0.159 
427 OmyAC20ROGR    (0)    1 :  0.568 0.212 0.219 
428 OmyAC20ROGR    (0)    1 :  0.115 0.801 0.084 
429 OmyAC20ROGR    (0)    1 :  0.234 0.104 0.662 
430 OmyAC20ROGR    (0)    1 :  0.414 0.249 0.336 
431 OmyAC20ROGR    (0)    1 :  0.239 0.625 0.136 
432 OmyAC20ROGR    (0)    1 :  0.085 0.849 0.066 
433 OmyAC20ROGR    (0)    1 :  0.083 0.702 0.215 
434 OmyAC20ROGR    (0)    1 :  0.354 0.500 0.146 
435 OmyAC20ROGR    (0)    1 :  0.692 0.153 0.155 
436 OmyAC20ROGR    (0)    1 :  0.635 0.223 0.142 
437 OmyAC20ROGR    (0)    1 :  0.114 0.703 0.182 
438 OmyAC20ROGR    (0)    1 :  0.245 0.536 0.219 
439 OmyAC20ROGR    (0)    1 :  0.639 0.243 0.119 
440 OmyAC20ROGR    (0)    1 :  0.208 0.657 0.135 
441 OmyAC20ROGR    (0)    1 :  0.303 0.126 0.571 
442 OmyAC20ROGR    (0)    1 :  0.415 0.273 0.312 
443 OmyAC20ROGR    (0)    1 :  0.603 0.166 0.230 
444 OmyAC20ROGR    (0)    1 :  0.424 0.444 0.132 
445 OmyAC20ROGR    (0)    1 :  0.316 0.337 0.347 
446 OmyJC18ROGR    (0)    2 :  0.199 0.449 0.352 
447 OmyJC18ROGR    (0)    2 :  0.366 0.284 0.350 
448 OmyJC18ROGR    (0)    2 :  0.470 0.282 0.248 
449 OmyJC18ROGR    (0)    2 :  0.108 0.601 0.291 
450 OmyJC18ROGR    (0)    2 :  0.185 0.673 0.142 
451 OmyJC18ROGR    (0)    2 :  0.128 0.804 0.068 
452 OmyJC18ROGR    (0)    2 :  0.354 0.451 0.196 
453 OmyJC18ROGR    (0)    2 :  0.139 0.085 0.776 
454 OmyJC18ROGR    (0)    2 :  0.113 0.782 0.105 
455 OmyJC18ROGR    (0)    2 :  0.449 0.281 0.270 
456 OmyJC18ROGR    (0)    2 :  0.103 0.825 0.073 
457 OmyJC18ROGR    (0)    2 :  0.639 0.246 0.115 
458 OmyJC18ROGR    (0)    2 :  0.149 0.291 0.559 
459 OmyJC18ROGR    (1)    2 :  0.671 0.088 0.241 
460 OmyJC18ROGR    (2)    2 :  0.356 0.354 0.290 
461 OmyJC18ROGR    (2)    2 :  0.327 0.495 0.178 
462 OmyJC18ROGR    (3)    2 :  0.219 0.431 0.350 
463 OmyJC18ROGR    (0)    2 :  0.113 0.748 0.139 
464 OmyJC18ROGR    (4)    2 :  0.669 0.084 0.247 
465 OmyJC18ROGR    (3)    2 :  0.364 0.247 0.389 
466 OmyJC18ROGR    (0)    2 :  0.435 0.317 0.249 
467 OmyJC18ROGR    (0)    2 :  0.575 0.207 0.218 
468 OmyJC18ROGR    (0)    2 :  0.221 0.296 0.483 
469 OmyJC18ROGR    (0)    2 :  0.123 0.811 0.066 
470 OmyJC18ROGR    (5)    2 :  0.187 0.601 0.212 
471 OmyJC18ROGR    (1)    2 :  0.417 0.341 0.242 
472 OmyJC18ROGR    (2)    2 :  0.544 0.239 0.217 
473 OmyJC18ROGR    (3)    2 :  0.480 0.126 0.393 
474 OmyJC18ROGR    (0)    2 :  0.112 0.117 0.771 
475 OmyJC18ROGR    (2)    2 :  0.225 0.550 0.225 
476 OmyJC18ROGR    (1)    2 :  0.677 0.147 0.176 
477 OmyJC18ROGR    (4)    2 :  0.207 0.354 0.439 
478 OmyJC18ROGR    (0)    2 :  0.514 0.198 0.288 
479 OmyJC18ROGR    (0)    2 :  0.694 0.110 0.196 
480 OmyJC18ROGR    (1)    2 :  0.383 0.293 0.323 
481 OmyJC18ROGR    (3)    2 :  0.344 0.247 0.409 
482 OmyJC18ROGR    (3)    2 :  0.316 0.093 0.591 
483 OmyJC18ROGR    (4)    2 :  0.309 0.137 0.554 
484 OmyJC18ROGR    (4)    2 :  0.440 0.187 0.373 
485 OmyJC18ROGR    (3)    2 :  0.200 0.541 0.259 
486 OmyJC18ROGR    (3)    2 :  0.229 0.530 0.241 
487 OmyJC18ROGR    (1)    2 :  0.240 0.281 0.479 
488 OmyJC18ROGR    (5)    2 :  0.545 0.180 0.275 
489 OmyJC18ROGR    (0)    2 :  0.499 0.136 0.365 
490 OmyJC18ROGR    (3)    2 :  0.505 0.254 0.241 
491 OmyJC18ROGR    (7)    2 :  0.132 0.184 0.684 
492 OmyJC18ROGR    (6)    2 :  0.141 0.091 0.768 
493 OmyJC18ROGR    (3)    2 :  0.530 0.289 0.182 
494 OmyJC18ROGR    (3)    2 :  0.129 0.772 0.099 
495 OmyJC18ROGR    (5)    2 :  0.304 0.480 0.216 
496 OmyJC18ROGR    (0)    2 :  0.432 0.262 0.306 
497 OmyJC18ROGR    (5)    2 :  0.249 0.084 0.667 
498 OmyJC18ROGR    (6)    2 :  0.486 0.296 0.218 
499 OmyJC18ROGR    (0)    2 :  0.688 0.134 0.178 
500 OmyJC18ROGR    (1)    2 :  0.237 0.165 0.598 
501 OmyJC18ROGR    (4)    2 :  0.267 0.543 0.190 
502 OmyJC18ROGR    (2)    2 :  0.222 0.371 0.407 
503 OmyJC18ROGR    (5)    2 :  0.348 0.157 0.495 
504 OmyJC18ROGR    (2)    2 :  0.284 0.427 0.290 
505 OmyJC18ROGR    (0)    2 :  0.298 0.428 0.274 
506 OmyJC18ROGR    (8)    2 :  0.289 0.186 0.525 
507 OmyJC18ROGR    (0)    2 :  0.231 0.309 0.459 
508 OmyJC18ROGR    (0)    2 :  0.235 0.319 0.446 
509 OmyJC18ROGR    (1)    2 :  0.080 0.859 0.060 
510 OmyJC18ROGR    (1)    2 :  0.502 0.250 0.248 
511 OmyJC18ROGR    (5)    2 :  0.324 0.327 0.349 
512 OmyJC18ROGR    (2)    2 :  0.109 0.738 0.153 
513 OmyJC18ROGR    (9)    2 :  0.224 0.475 0.301 
514 OmyJC18ROGR    (4)    2 :  0.202 0.489 0.309 
515 OmyJC18ROGR    (1)    2 :  0.223 0.222 0.556 
516 OmyJC18ROGR    (3)    2 :  0.489 0.305 0.206 
517 OmyJC18ROGR    (3)    2 :  0.207 0.583 0.210 
518 OmyJC18ROGR    (0)    2 :  0.219 0.208 0.573 
519 OmyJC18ROGR    (9)    2 :  0.438 0.192 0.370 
520 OmyJC18ROGR    (6)    2 :  0.396 0.310 0.293 
521 OmyJC18ROGR    (2)    2 :  0.330 0.281 0.388 
522 OmyJC18ROGR    (1)    2 :  0.506 0.271 0.223 
523 OmyJC18ROGR    (4)    2 :  0.376 0.239 0.385 
524 OmyJC18ROGR    (0)    2 :  0.620 0.210 0.170 
525 OmyJC18ROGR    (2)    2 :  0.334 0.199 0.467 
526 OmyJC18ROGR    (3)    2 :  0.257 0.233 0.510 
527 OmyJC18ROGR    (0)    2 :  0.561 0.159 0.280 
528 OmyJC18ROGR    (0)    2 :  0.437 0.144 0.419 
529 OmyJC18ROGR    (1)    2 :  0.640 0.166 0.193 
530 OmyJC18ROGR    (0)    2 :  0.371 0.134 0.495 
531 OmyJC18ROGR    (0)    2 :  0.543 0.328 0.129 
532 OmyJC18ROGR    (2)    2 :  0.439 0.107 0.454 
533 OmyJC18ROGR    (2)    2 :  0.710 0.084 0.206 
534 OmyJC18ROGR    (2)    2 :  0.417 0.202 0.381 
535 OmyJC18ROGR    (0)    2 :  0.578 0.173 0.248 
536 OmyJC18ROGR    (0)    2 :  0.491 0.131 0.378 
537 OmyJC18ROGR    (0)    2 :  0.516 0.078 0.407 
538 OmyJC18ROGR    (0)    2 :  0.558 0.179 0.263 
539 OmyJC18ROGR    (0)    2 :  0.555 0.167 0.278 
540 OmyJC18ROGR    (8)    2 :  0.147 0.194 0.658 
541 OmyJC18ROGR    (1)    2 :  0.509 0.243 0.248 
542 OmyJC18ROGR    (1)    2 :  0.191 0.412 0.397 
543 OmyJC18ROGR    (0)    2 :  0.211 0.228 0.562 
544 OmyJC18ROGR    (2)    2 :  0.518 0.157 0.325 
545 OmyJC18ROGR    (1)    2 :  0.251 0.602 0.147 
546 OmyJC18ROGR    (9)    2 :  0.501 0.100 0.399 
547 OmyJC18ROGR    (0)    2 :  0.540 0.298 0.161 
548 OmyJC18ROGR    (0)    2 :  0.264 0.351 0.385 
549 OmyJC18ROGR    (0)    2 :  0.430 0.268 0.302 
550 OmyJC18ROGR    (1)    2 :  0.231 0.620 0.149 
551 OmyJC18ROGR    (1)    2 :  0.337 0.183 0.481 
552 OmyJC18ROGR    (2)    2 :  0.560 0.260 0.180 
553 OmyJC18ROGR   (10)    2 :  0.438 0.182 0.381 
554 OmyJC18ROGR    (2)    2 :  0.366 0.163 0.471 
555 OmyJC18ROGR    (4)    2 :  0.419 0.151 0.430 
556 OmyJC18ROGR    (0)    2 :  0.359 0.245 0.396 
557 OmyJC18ROGR    (2)    2 :  0.338 0.391 0.271 
558 OmyJC18ROGR    (0)    2 :  0.387 0.476 0.137 
559 OmyJC18ROGR    (0)    2 :  0.191 0.178 0.631 
560 OmyJC18ROGR    (8)    2 :  0.340 0.297 0.363 
561 OmyJC18ROGR    (0)    2 :  0.724 0.090 0.186 
562 OmyJC18ROGR    (8)    2 :  0.322 0.285 0.392 
563 OmyJC18ROGR    (2)    2 :  0.374 0.201 0.426 
564 OmyJC18ROGR    (4)    2 :  0.478 0.232 0.290 
565 OmyJC18ROGR    (3)    2 :  0.303 0.302 0.395 
566 OmyJC18ROGR    (1)    2 :  0.312 0.337 0.351 
567 OmyJC18ROGR    (0)    2 :  0.249 0.187 0.564 
568 OmyJC18ROGR    (5)    2 :  0.384 0.350 0.266 
569 OmyJC18ROGR    (2)    2 :  0.181 0.108 0.711 
570 OmyJC18ROGR    (0)    2 :  0.574 0.184 0.242 
571 OmyJC18ROGR    (2)    2 :  0.605 0.208 0.187 
572 OmyJC18ROGR    (6)    2 :  0.335 0.178 0.487 
573 OmyJC18ROGR    (5)    2 :  0.228 0.546 0.226 
574 OmyJC18ROGR    (8)    2 :  0.424 0.333 0.243 
575 OmyJC18ROGR    (3)    2 :  0.466 0.121 0.413 
576 OmyJC18ROGR    (0)    2 :  0.176 0.275 0.548 
577 OmyJC18ROGR    (0)    2 :  0.096 0.842 0.061 
578 OmyJC18ROGR    (1)    2 :  0.532 0.184 0.284 
579 OmyJC18ROGR    (0)    2 :  0.228 0.690 0.082 
580 OmyJC18ROGR    (0)    2 :  0.395 0.108 0.497 
581 OmyJC18ROGR    (6)    2 :  0.272 0.185 0.543 
582 OmyJC18ROGR    (7)    2 :  0.528 0.119 0.353 
583 OmyJC18ROGR    (3)    2 :  0.451 0.166 0.384 
584 OmyJC18ROGR    (5)    2 :  0.437 0.185 0.377 
585 OmyJC18ROGR    (1)    2 :  0.535 0.295 0.170 
586 OmyJC18ROGR    (2)    2 :  0.524 0.088 0.387 
587 OmyJC18ROGR    (0)    2 :  0.062 0.884 0.054 
588 OmyJC18ROGR    (0)    2 :  0.269 0.414 0.317 
589 OmyJC18ROGR    (1)    2 :  0.260 0.233 0.508 
590 OmyJC18ROGR    (2)    2 :  0.741 0.052 0.206 
591 OmyJC18ROGR    (0)    2 :  0.496 0.163 0.341 
592 OmyJC18ROGR    (4)    2 :  0.409 0.183 0.408 
593 OmyJC18ROGR    (0)    2 :  0.396 0.321 0.283 
594 OmyJC18ROGR    (1)    2 :  0.628 0.138 0.234 
595 OmyJC18ROGR    (0)    2 :  0.170 0.349 0.481 
596 OmyJC18ROGR    (0)    2 :  0.434 0.237 0.330 
597 OmyJC18ROGR    (0)    2 :  0.234 0.257 0.509 
598 OmyJC18ROGR    (0)    2 :  0.388 0.170 0.442 
599 OmyJC18ROGR    (0)    2 :  0.483 0.299 0.217 
600 OmyJC18ROGR    (0)    2 :  0.523 0.225 0.252 
601 OmyJC18ROGR    (0)    2 :  0.279 0.089 0.632 
602 OmyJC18ROGR    (0)    2 :  0.273 0.366 0.361 
603 OmyJC18ROGR    (0)    2 :  0.540 0.128 0.331 
604 OmyJC18ROGR    (0)    2 :  0.606 0.134 0.260 
605 OmyJC18ROGR    (0)    2 :  0.407 0.148 0.446 
606 OmyJC18ROGR    (0)    2 :  0.365 0.308 0.328 
607 OmyJC18ROGR    (0)    2 :  0.699 0.158 0.143 
608 OmyJC18ROGR    (0)    2 :  0.671 0.109 0.220 
609 OmyJC18ROGR    (0)    2 :  0.170 0.158 0.672 
610 OmyJC18ROGR    (6)    2 :  0.176 0.739 0.085 
611 OmyJC18ROGR    (0)    2 :  0.274 0.413 0.312 
612 OmyJC18ROGR    (3)    2 :  0.441 0.314 0.245 
613 OmyJC18ROGR    (0)    2 :  0.423 0.273 0.304 
614 OmyJC18ROGR    (0)    2 :  0.248 0.416 0.337 
615 OmyJC18ROGR    (0)    2 :  0.778 0.076 0.146 
616 OmyJC18ROGR    (0)    2 :  0.088 0.160 0.752 
617 OmyJC18ROGR    (0)    2 :  0.424 0.257 0.320 
618 OmyJC18ROGR    (0)    2 :  0.530 0.343 0.127 
619 OmyJC18ROGR    (0)    2 :  0.439 0.146 0.415 
620 OmyJC18ROGR    (0)    2 :  0.120 0.406 0.474 
621 OmyJC18ROGR    (2)    2 :  0.177 0.192 0.631 
622 OmyJC18ROGR    (3)    2 :  0.249 0.284 0.467 
623 OmyJC18ROGR    (1)    2 :  0.608 0.260 0.132 
624 OmyJC18ROGR    (2)    2 :  0.343 0.248 0.408 
625 OmyJC18ROGR    (1)    2 :  0.381 0.414 0.206 
626 OmyJC18ROGR    (9)    2 :  0.312 0.116 0.572 
627 OmyJC18ROGR    (0)    2 :  0.379 0.309 0.311 
628 OmyJC18ROGR    (0)    2 :  0.054 0.885 0.061 
629 OmyJC18ROGR    (2)    2 :  0.415 0.345 0.240 
630 OmyJC18ROGR    (1)    2 :  0.123 0.083 0.794 
631 OmyJC18ROGR    (4)    2 :  0.688 0.091 0.222 
632 OmyJC18ROGR    (0)    2 :  0.198 0.176 0.626 
633 OmyJC18ROGR    (7)    2 :  0.267 0.166 0.567 
634 OmyJC18ROGR    (2)    2 :  0.389 0.480 0.131 
635 OmyJC18ROGR    (0)    2 :  0.179 0.092 0.729 
636 OmyJC18ROGR    (0)    2 :  0.133 0.345 0.522 
637 OmyJC18ROGR    (0)    2 :  0.479 0.325 0.196 
638 OmyJC18ROGR    (0)    2 :  0.122 0.175 0.704 
639 OmyJC18ROGR    (1)    2 :  0.359 0.279 0.362 
640 OmyJC18ROGR    (2)    2 :  0.381 0.507 0.112 
641 OmyJC18ROGR    (1)    2 :  0.554 0.249 0.197 
642 OmyJC18ROGR    (3)    2 :  0.477 0.383 0.140 
643 OmyJC18ROGR    (1)    2 :  0.367 0.178 0.455 
644 OmyJC18ROGR   (10)    2 :  0.747 0.086 0.167 
645 OmyJC18ROGR    (6)    2 :  0.471 0.327 0.202 
646 OmyJC18ROGR    (0)    2 :  0.466 0.149 0.385 
647 OmyJC18ROGR    (2)    2 :  0.517 0.324 0.159 
648 OmyJC18ROGR    (0)    2 :  0.290 0.100 0.610 
649 OmyJC18ROGR    (0)    2 :  0.704 0.139 0.157 
650 OmyJC18ROGR    (1)    2 :  0.418 0.108 0.474 
651 OmyJC18ROGR    (6)    2 :  0.095 0.778 0.127 
652 OmyJC18ROGR    (1)    2 :  0.402 0.322 0.276 
653 OmyJC18ROGR    (4)    2 :  0.276 0.185 0.539 
654 OmyJC18ROGR    (1)    2 :  0.300 0.264 0.436 
655 OmyJC18ROGR    (4)    2 :  0.341 0.496 0.163 
656 OmyJC18ROGR    (0)    2 :  0.664 0.147 0.189 
657 OmyJC18ROGR    (0)    2 :  0.554 0.204 0.242 
658 OmyJC18ROGR    (0)    2 :  0.233 0.126 0.642 
659 OmyJC18ROGR    (7)    2 :  0.716 0.060 0.225 
660 OmyJC18ROGR    (4)    2 :  0.580 0.241 0.179 
661 OmyJC18ROGR    (3)    2 :  0.689 0.099 0.212 
662 OmyJC18ROGR    (2)    2 :  0.709 0.147 0.144 
663 OmyJC18ROGR    (2)    2 :  0.242 0.450 0.308 
664 OmyJC18ROGR    (0)    2 :  0.258 0.089 0.653 
665 OmyJC18ROGR    (1)    2 :  0.522 0.272 0.206 
666 OmyJC18ROGR    (0)    2 :  0.106 0.761 0.133 
667 OmyJC18ROGR    (0)    2 :  0.277 0.529 0.194 
668 OmyJC18ROGR    (1)    2 :  0.339 0.389 0.272 
669 OmyJC18ROGR    (5)    2 :  0.456 0.326 0.218 
670 OmyJC18ROGR   (10)    2 :  0.660 0.105 0.235 
671 OmyJC18ROGR    (3)    2 :  0.604 0.157 0.239 
672 OmyJC18ROGR    (0)    2 :  0.490 0.082 0.428 
673 OmyJC18ROGR    (6)    2 :  0.102 0.142 0.756 
674 OmyJC18ROGR    (0)    2 :  0.362 0.203 0.435 
675 OmyJC18ROGR    (0)    2 :  0.275 0.087 0.638 
676 OmyJC18ROGR    (1)    2 :  0.532 0.170 0.298 
677 OmyJC18ROGR    (4)    2 :  0.390 0.444 0.166 
678 OmyJC18ROGR    (9)    2 :  0.375 0.338 0.287 
679 OmyJC18ROGR    (1)    2 :  0.359 0.355 0.286 
680 OmyJC18ROGR    (1)    2 :  0.445 0.271 0.284 
681 OmyJC18ROGR    (1)    2 :  0.115 0.498 0.386 
682 OmyJC18ROGR    (2)    2 :  0.142 0.628 0.230 
683 OmyJC18ROGR    (0)    2 :  0.689 0.205 0.106 
684 OmyJC18ROGR    (0)    2 :  0.359 0.220 0.420 
685 OmyJC18ROGR    (0)    2 :  0.324 0.201 0.475 
686 OmyJC18ROGR    (0)    2 :  0.114 0.092 0.793 
687 OmyJC18ROGR    (4)    2 :  0.361 0.136 0.502 
688 OmyJC18ROGR    (2)    2 :  0.221 0.506 0.273 
689 OmyJC18ROGR    (2)    2 :  0.113 0.533 0.353 
690 OmyJC18ROGR    (6)    2 :  0.397 0.397 0.206 
691 OmyJC18ROGR    (7)    2 :  0.255 0.357 0.388 
692 OmyJC18ROGR    (0)    2 :  0.325 0.364 0.311 
693 OmyJC18ROGR    (3)    2 :  0.109 0.084 0.807 
694 OmyJC18ROGR    (0)    2 :  0.225 0.085 0.690 
695 OmyJC18ROGR    (0)    2 :  0.389 0.359 0.252 
696 OmyJC18ROGR    (0)    2 :  0.411 0.160 0.429 
697 OmyJC18ROGR    (3)    2 :  0.451 0.183 0.366 
698 OmyJC18ROGR    (0)    2 :  0.461 0.074 0.465 
699 OmyJC18ROGR    (0)    2 :  0.531 0.318 0.151 
700 OmyJC18ROGR    (0)    2 :  0.670 0.183 0.147 
701 OmyJC18ROGR    (0)    2 :  0.219 0.173 0.609 
702 OmyJC18ROGR    (1)    2 :  0.169 0.525 0.305 
703 OmyJC18ROGR    (0)    2 :  0.299 0.491 0.210 
704 OmyJC18ROGR    (0)    2 :  0.099 0.555 0.345 
705 OmyJC18ROGR    (0)    2 :  0.521 0.207 0.273 
706 OmyJC18ROGR    (0)    2 :  0.122 0.307 0.571 
707 OmyJC18ROGR    (2)    2 :  0.208 0.260 0.533 
708 OmyJC18ROGR    (1)    2 :  0.516 0.290 0.194 
709 OmyJC18ROGR    (0)    2 :  0.144 0.374 0.482 
710 OmyJC18ROGR    (0)    2 :  0.607 0.229 0.164 
711 OmyJC18ROGR    (0)    2 :  0.352 0.393 0.255 
712 OmyJC18ROGR    (1)    2 :  0.628 0.124 0.248 
713 OmyJC18ROGR    (0)    2 :  0.163 0.213 0.624 
714 OmyJC18ROGR    (0)    2 :  0.601 0.245 0.155 
715 OmyJC18ROGR    (0)    2 :  0.592 0.196 0.212 
716 OmyJC18ROGR    (0)    2 :  0.267 0.564 0.169 
717 OmyJC18ROGR    (2)    2 :  0.143 0.159 0.698 
718 OmyJC18ROGR    (1)    2 :  0.551 0.110 0.339 
719 OmyJC18ROGR    (9)    2 :  0.486 0.091 0.422 
720 OmyJC18ROGR    (4)    2 :  0.502 0.221 0.277 
721 OmyJC18ROGR    (2)    2 :  0.129 0.165 0.707 
722 OmyJC18ROGR    (0)    2 :  0.109 0.155 0.735 
723 OmyJC18ROGR    (0)    2 :  0.140 0.160 0.700 
724 OmyJC18ROGR    (0)    2 :  0.224 0.575 0.202 
725 OmyJC18ROGR    (0)    2 :  0.681 0.144 0.175 
726 OmyJC18ROGR    (0)    2 :  0.584 0.282 0.134 
727 OmyJC18ROGR    (1)    2 :  0.164 0.355 0.480 
728 OmyJC18ROGR    (1)    2 :  0.314 0.536 0.150 
729 OmyJC18ROGR    (1)    2 :  0.693 0.122 0.185 
730 OmyJC18ROGR    (0)    2 :  0.211 0.344 0.446 
731 OmyJC18ROGR    (2)    2 :  0.145 0.738 0.117 
732 OmyJC18ROGR    (1)    2 :  0.228 0.385 0.387 
733 OmyJC18ROGR    (0)    2 :  0.140 0.100 0.760 
734 OmyJC18ROGR    (0)    2 :  0.755 0.100 0.145 
735 OmyJC18ROGR    (0)    2 :  0.459 0.143 0.398 
736 OmyJC18ROGR    (0)    2 :  0.513 0.252 0.235 
737 OmyJC18ROGR    (0)    2 :  0.164 0.371 0.465 
738 OmyJC18ROGR    (0)    2 :  0.299 0.441 0.260 
739 OmyJC18ROGR    (0)    2 :  0.353 0.415 0.232 
740 OmyJC18ROGR    (0)    2 :  0.708 0.081 0.211 
741 OmyJC18ROGR    (0)    2 :  0.227 0.334 0.439 
742 OmyJC18ROGR    (0)    2 :  0.645 0.132 0.223 
743 OmyJC18ROGR    (0)    2 :  0.650 0.149 0.201 
744 OmyJC18ROGR    (0)    2 :  0.510 0.127 0.363 
745 OmyJC18ROGR    (0)    2 :  0.319 0.110 0.571 
746 OmyJC18ROGR    (0)    2 :  0.258 0.518 0.224 
747 OmyJC18ROGR    (0)    2 :  0.138 0.772 0.090 
748 OmyJC18ROGR    (2)    2 :  0.350 0.381 0.269 
749 OmyJC18ROGR    (7)    2 :  0.203 0.276 0.521 
750 OmyJC18ROGR    (2)    2 :  0.527 0.270 0.204 
751 OmyJC18ROGR    (0)    2 :  0.525 0.349 0.126 
752 OmyJC18ROGR    (5)    2 :  0.165 0.079 0.756 
753 OmyJC18ROGR    (0)    2 :  0.572 0.081 0.347 
754 OmyJC18ROGR    (0)    2 :  0.378 0.124 0.499 
755 OmyJC18ROGR    (0)    2 :  0.132 0.089 0.779 
756 OmyJC18ROGR    (0)    2 :  0.177 0.386 0.436 
757 OmyJC18ROGR    (0)    2 :  0.342 0.275 0.383 
758 OmyJC18ROGR    (1)    2 :  0.577 0.226 0.197 
759 OmyJC18ROGR    (0)    2 :  0.189 0.369 0.442 
760 OmyJC18ROGR    (0)    2 :  0.298 0.486 0.216 
761 OmyJC18ROGR    (0)    2 :  0.646 0.060 0.294 
