

----------------------------------------------------
STRUCTURE by Pritchard, Stephens and Donnelly (2000)
     and Falush, Stephens and Pritchard (2003)
       Code by Pritchard, Falush and Hubisz
             Version 2.3.4 (Jul 2012)
----------------------------------------------------



Command line arguments:   bin/structure -m "/Users/ddayan/FRA/half_pounder_2023/structure/halfpounder_p3/10k_20k_adm_corr_3/mainparams" -e "/Users/ddayan/FRA/half_pounder_2023/structure/halfpounder_p3/10k_20k_adm_corr_3/extraparams" 
Input File:    /Users/ddayan/FRA/half_pounder_2023/structure/halfpounder_p3/project_data

Run parameters:
   1000 individuals
   233 loci
   3 populations assumed
   10000 Burn-in period
   20000 Reps


--------------------------------------------
Proportion of membership of each pre-defined
 population in each of the 3 clusters

Given    Inferred Clusters       Number of
 Pop       1      2      3      Individuals

  1:     0.331  0.300  0.369      275
  2:     0.314  0.341  0.345      643
  3:     0.170  0.515  0.315       42
  4:     0.174  0.418  0.407       40
--------------------------------------------

Allele-freq. divergence among pops (Net nucleotide distance),
computed using point estimates of P.

      1       2       3      
 1      -    0.0142  0.0109  
 2   0.0142     -    0.0041  
 3   0.0109  0.0041     -    

Average distances (expected heterozygosity) between individuals in same cluster:
cluster  1  : 0.2836 
cluster  2  : 0.3078 
cluster  3  : 0.3161 

--------------------------------------------
Estimated Ln Prob of Data   = -216165.5
Mean value of ln likelihood = -215295.4
Variance of ln likelihood   = 1740.2
Mean value of alpha         = 0.8009

Mean value of Fst_1         = 0.0854
Mean value of Fst_2         = 0.0346
Mean value of Fst_3         = 0.0049


Inferred ancestry of individuals:
        Label (%Miss) Pop:  Inferred clusters
  1 OmyAC19ROGR    (0)    1 :  0.126 0.375 0.499 
  2 OmyAC19ROGR    (0)    1 :  0.261 0.151 0.588 
  3 OmyAC19ROGR    (0)    1 :  0.190 0.444 0.366 
  4 OmyAC19ROGR    (0)    1 :  0.101 0.215 0.684 
  5 OmyAC19ROGR    (1)    1 :  0.855 0.069 0.076 
  6 OmyAC19ROGR    (0)    1 :  0.450 0.378 0.172 
  7 OmyAC19ROGR    (0)    1 :  0.430 0.377 0.193 
  8 OmyAC19ROGR    (0)    1 :  0.087 0.670 0.242 
  9 OmyAC19ROGR    (0)    1 :  0.541 0.237 0.222 
 10 OmyAC19ROGR    (0)    1 :  0.483 0.132 0.385 
 11 OmyAC19ROGR    (0)    1 :  0.173 0.630 0.197 
 12 OmyAC19ROGR    (0)    1 :  0.378 0.236 0.386 
 13 OmyAC19ROGR    (0)    1 :  0.111 0.638 0.251 
 14 OmyAC19ROGR    (0)    1 :  0.359 0.410 0.230 
 15 OmyAC19ROGR    (0)    1 :  0.548 0.188 0.264 
 16 OmyAC19ROGR    (0)    1 :  0.232 0.461 0.307 
 17 OmyAC19ROGR    (0)    1 :  0.258 0.109 0.633 
 18 OmyAC19ROGR    (3)    1 :  0.063 0.365 0.572 
 19 OmyAC19ROGR    (0)    1 :  0.150 0.700 0.150 
 20 OmyAC19ROGR    (0)    1 :  0.440 0.100 0.460 
 21 OmyAC19ROGR    (0)    1 :  0.496 0.159 0.345 
 22 OmyAC19ROGR    (0)    1 :  0.193 0.628 0.179 
 23 OmyAC19ROGR    (0)    1 :  0.500 0.268 0.232 
 24 OmyAC19ROGR    (1)    1 :  0.131 0.390 0.480 
 25 OmyAC19ROGR    (0)    1 :  0.545 0.280 0.175 
 26 OmyAC19ROGR    (0)    1 :  0.271 0.425 0.304 
 27 OmyAC19ROGR    (2)    1 :  0.173 0.496 0.331 
 28 OmyAC19ROGR    (0)    1 :  0.191 0.251 0.558 
 29 OmyAC19ROGR    (0)    1 :  0.240 0.191 0.569 
 30 OmyAC19ROGR    (0)    1 :  0.561 0.189 0.250 
 31 OmyAC19ROGR    (0)    1 :  0.202 0.496 0.302 
 32 OmyAC19ROGR    (0)    1 :  0.313 0.195 0.491 
 33 OmyAC19ROGR    (0)    1 :  0.243 0.337 0.420 
 34 OmyAC19ROGR    (0)    1 :  0.566 0.220 0.214 
 35 OmyAC19ROGR    (0)    1 :  0.198 0.251 0.551 
 36 OmyAC19ROGR    (0)    1 :  0.167 0.615 0.218 
 37 OmyAC19ROGR    (0)    1 :  0.357 0.509 0.134 
 38 OmyAC19ROGR    (0)    1 :  0.654 0.221 0.125 
 39 OmyAC19ROGR    (0)    1 :  0.214 0.141 0.645 
 40 OmyAC19ROGR    (0)    1 :  0.511 0.183 0.306 
 41 OmyAC19ROGR    (0)    1 :  0.168 0.245 0.588 
 42 OmyAC19ROGR    (0)    1 :  0.754 0.111 0.135 
 43 OmyAC19ROGR    (0)    1 :  0.182 0.188 0.630 
 44 OmyAC19ROGR    (8)    1 :  0.161 0.382 0.457 
 45 OmyAC19ROGR    (2)    1 :  0.498 0.312 0.190 
 46 OmyAC19ROGR    (0)    1 :  0.225 0.488 0.287 
 47 OmyAC19ROGR    (0)    1 :  0.124 0.682 0.194 
 48 OmyAC19ROGR    (0)    1 :  0.111 0.308 0.581 
 49 OmyAC19ROGR    (0)    1 :  0.150 0.458 0.392 
 50 OmyAC19ROGR    (0)    1 :  0.111 0.120 0.769 
 51 OmyAC19ROGR    (2)    1 :  0.744 0.127 0.130 
 52 OmyAC19ROGR    (0)    1 :  0.778 0.108 0.114 
 53 OmyAC19ROGR    (1)    1 :  0.127 0.604 0.269 
 54 OmyAC19ROGR    (0)    1 :  0.206 0.262 0.532 
 55 OmyAC19ROGR    (4)    1 :  0.199 0.494 0.308 
 56 OmyAC19ROGR    (0)    1 :  0.368 0.434 0.199 
 57 OmyAC19ROGR    (0)    1 :  0.082 0.813 0.105 
 58 OmyAC19ROGR    (0)    1 :  0.614 0.300 0.087 
 59 OmyAC19ROGR    (0)    1 :  0.126 0.627 0.247 
 60 OmyAC19ROGR    (0)    1 :  0.278 0.563 0.159 
 61 OmyAC19ROGR    (0)    1 :  0.230 0.270 0.500 
 62 OmyAC19ROGR    (0)    1 :  0.209 0.459 0.332 
 63 OmyAC19ROGR    (0)    1 :  0.351 0.370 0.279 
 64 OmyAC19ROGR    (2)    1 :  0.210 0.187 0.604 
 65 OmyAC19ROGR    (0)    1 :  0.137 0.435 0.428 
 66 OmyAC19ROGR    (5)    1 :  0.425 0.343 0.232 
 67 OmyAC19ROGR    (0)    1 :  0.132 0.682 0.186 
 68 OmyAC19ROGR    (1)    1 :  0.353 0.306 0.341 
 69 OmyAC19ROGR    (3)    1 :  0.329 0.423 0.249 
 70 OmyAC19ROGR    (0)    1 :  0.113 0.204 0.683 
 71 OmyAC19ROGR    (0)    1 :  0.185 0.562 0.253 
 72 OmyAC19ROGR    (5)    1 :  0.152 0.403 0.445 
 73 OmyAC19ROGR    (0)    1 :  0.339 0.223 0.438 
 74 OmyAC19ROGR    (0)    1 :  0.206 0.207 0.587 
 75 OmyAC19ROGR    (0)    1 :  0.301 0.255 0.444 
 76 OmyAC19ROGR    (0)    1 :  0.183 0.285 0.533 
 77 OmyAC19ROGR    (1)    1 :  0.886 0.051 0.063 
 78 OmyAC19ROGR    (0)    1 :  0.112 0.138 0.751 
 79 OmyAC19ROGR    (3)    1 :  0.223 0.248 0.528 
 80 OmyAC19ROGR    (0)    1 :  0.769 0.118 0.113 
 81 OmyAC19ROGR    (3)    1 :  0.453 0.235 0.312 
 82 OmyAC19ROGR    (1)    1 :  0.058 0.763 0.179 
 83 OmyAC19ROGR    (0)    1 :  0.143 0.335 0.522 
 84 OmyAC19ROGR    (0)    1 :  0.231 0.498 0.271 
 85 OmyAC19ROGR    (7)    1 :  0.165 0.338 0.498 
 86 OmyAC19ROGR    (0)    1 :  0.251 0.258 0.491 
 87 OmyAC19ROGR    (0)    1 :  0.154 0.334 0.512 
 88 OmyJC19ROGR    (0)    2 :  0.819 0.078 0.104 
 89 OmyJC19ROGR    (0)    2 :  0.204 0.422 0.374 
 90 OmyJC19ROGR    (0)    2 :  0.850 0.054 0.095 
 91 OmyJC19ROGR    (0)    2 :  0.054 0.591 0.355 
 92 OmyJC19ROGR    (0)    2 :  0.170 0.219 0.611 
 93 OmyJC19ROGR    (0)    2 :  0.163 0.309 0.527 
 94 OmyJC19ROGR    (0)    2 :  0.261 0.140 0.599 
 95 OmyJC19ROGR    (0)    2 :  0.332 0.265 0.404 
 96 OmyJC19ROGR    (0)    2 :  0.371 0.309 0.320 
 97 OmyJC19ROGR    (0)    2 :  0.442 0.286 0.272 
 98 OmyJC19ROGR    (0)    2 :  0.151 0.488 0.362 
 99 OmyJC19ROGR    (0)    2 :  0.179 0.499 0.322 
100 OmyJC19ROGR    (0)    2 :  0.128 0.500 0.373 
101 OmyJC19ROGR    (1)    2 :  0.585 0.207 0.208 
102 OmyJC19ROGR    (0)    2 :  0.248 0.453 0.299 
103 OmyJC19ROGR    (0)    2 :  0.459 0.250 0.291 
104 OmyJC19ROGR    (0)    2 :  0.108 0.601 0.292 
105 OmyJC19ROGR    (0)    2 :  0.415 0.315 0.270 
106 OmyJC19ROGR    (0)    2 :  0.828 0.081 0.091 
107 OmyJC19ROGR    (0)    2 :  0.363 0.486 0.151 
108 OmyJC19ROGR    (0)    2 :  0.230 0.308 0.462 
109 OmyJC19ROGR    (0)    2 :  0.312 0.363 0.325 
110 OmyJC19ROGR    (0)    2 :  0.598 0.192 0.210 
111 OmyJC19ROGR    (0)    2 :  0.155 0.706 0.139 
112 OmyJC19ROGR    (2)    2 :  0.374 0.394 0.232 
113 OmyJC19ROGR    (0)    2 :  0.588 0.174 0.238 
114 OmyJC19ROGR    (5)    2 :  0.151 0.204 0.646 
115 OmyJC19ROGR    (0)    2 :  0.131 0.219 0.650 
116 OmyJC19ROGR    (0)    2 :  0.282 0.183 0.535 
117 OmyJC19ROGR    (0)    2 :  0.283 0.337 0.380 
118 OmyJC19ROGR    (0)    2 :  0.099 0.434 0.467 
119 OmyJC19ROGR    (2)    2 :  0.126 0.259 0.615 
120 OmyJC19ROGR    (0)    2 :  0.104 0.620 0.277 
121 OmyJC19ROGR    (0)    2 :  0.104 0.656 0.240 
122 OmyJC19ROGR    (0)    2 :  0.192 0.349 0.459 
123 OmyJC19ROGR    (1)    2 :  0.076 0.371 0.553 
124 OmyJC19ROGR    (0)    2 :  0.339 0.173 0.488 
125 OmyJC19ROGR    (0)    2 :  0.247 0.298 0.455 
126 OmyJC19ROGR    (0)    2 :  0.757 0.078 0.165 
127 OmyJC19ROGR    (0)    2 :  0.123 0.561 0.316 
128 OmyJC19ROGR    (1)    2 :  0.125 0.419 0.456 
129 OmyJC19ROGR    (0)    2 :  0.427 0.135 0.438 
130 OmyJC19ROGR    (2)    2 :  0.250 0.145 0.605 
131 OmyJC19ROGR    (0)    2 :  0.197 0.567 0.236 
132 OmyJC19ROGR    (0)    2 :  0.203 0.322 0.475 
133 OmyJC19ROGR    (0)    2 :  0.090 0.324 0.586 
134 OmyJC19ROGR    (0)    2 :  0.158 0.439 0.402 
135 OmyJC19ROGR    (0)    2 :  0.172 0.651 0.177 
136 OmyJC19ROGR    (4)    2 :  0.235 0.281 0.484 
137 OmyJC19ROGR    (0)    2 :  0.353 0.357 0.291 
138 OmyJC19ROGR    (0)    2 :  0.664 0.212 0.123 
139 OmyJC19ROGR    (3)    2 :  0.120 0.492 0.388 
140 OmyJC19ROGR    (1)    2 :  0.262 0.207 0.531 
141 OmyJC19ROGR    (0)    2 :  0.343 0.195 0.462 
142 OmyJC19ROGR    (0)    2 :  0.551 0.242 0.207 
143 OmyJC19ROGR    (0)    2 :  0.314 0.268 0.418 
144 OmyJC19ROGR    (0)    2 :  0.085 0.654 0.261 
145 OmyJC19ROGR    (0)    2 :  0.126 0.400 0.474 
146 OmyJC19ROGR    (1)    2 :  0.232 0.470 0.298 
147 OmyJC19ROGR    (0)    2 :  0.366 0.480 0.154 
148 OmyJC19ROGR    (0)    2 :  0.154 0.690 0.156 
149 OmyJC19ROGR    (0)    2 :  0.141 0.500 0.359 
150 OmyJC19ROGR    (1)    2 :  0.204 0.232 0.564 
151 OmyJC19ROGR    (0)    2 :  0.279 0.174 0.548 
152 OmyJC19ROGR    (0)    2 :  0.137 0.577 0.286 
153 OmyJC19ROGR    (0)    2 :  0.212 0.624 0.164 
154 OmyJC19ROGR    (0)    2 :  0.235 0.503 0.263 
155 OmyJC19ROGR    (0)    2 :  0.182 0.207 0.611 
156 OmyJC19ROGR    (0)    2 :  0.244 0.422 0.334 
157 OmyJC19ROGR    (0)    2 :  0.393 0.210 0.397 
158 OmyJC19ROGR    (0)    2 :  0.064 0.553 0.383 
159 OmyJC19ROGR    (0)    2 :  0.137 0.317 0.546 
160 OmyJC19ROGR    (0)    2 :  0.283 0.365 0.352 
161 OmyJC19ROGR    (1)    2 :  0.092 0.733 0.175 
162 OmyJC19ROGR    (0)    2 :  0.423 0.361 0.216 
163 OmyJC19ROGR    (0)    2 :  0.243 0.551 0.207 
164 OmyJC19ROGR    (0)    2 :  0.078 0.575 0.347 
165 OmyJC19ROGR    (0)    2 :  0.095 0.522 0.383 
166 OmyJC19ROGR    (0)    2 :  0.201 0.209 0.590 
167 OmyJC19ROGR    (0)    2 :  0.288 0.403 0.310 
168 OmyJC19ROGR    (0)    2 :  0.224 0.263 0.513 
169 OmyJC19ROGR    (0)    2 :  0.861 0.058 0.081 
170 OmyJC19ROGR    (0)    2 :  0.253 0.328 0.419 
171 OmyJC19ROGR    (0)    2 :  0.142 0.342 0.516 
172 OmyJC19ROGR    (0)    2 :  0.441 0.390 0.170 
173 OmyJC19ROGR    (0)    2 :  0.819 0.084 0.097 
174 OmyJC19ROGR    (0)    2 :  0.129 0.243 0.628 
175 OmyJC19ROGR    (0)    2 :  0.115 0.222 0.663 
176 OmyJC19ROGR    (0)    2 :  0.363 0.428 0.209 
177 OmyJC19ROGR    (0)    2 :  0.066 0.777 0.157 
178 OmyJC19ROGR    (0)    2 :  0.161 0.332 0.507 
179 OmyJC19ROGR    (0)    2 :  0.162 0.274 0.565 
180 OmyJC19ROGR    (0)    2 :  0.803 0.100 0.097 
181 OmyJC19ROGR    (0)    2 :  0.246 0.196 0.559 
182 OmyJC19ROGR    (0)    2 :  0.209 0.505 0.286 
183 OmyJC19ROGR    (0)    2 :  0.157 0.509 0.334 
184 OmyJC19ROGR    (0)    2 :  0.716 0.173 0.110 
185 OmyJC19ROGR    (0)    2 :  0.077 0.264 0.660 
186 OmyJC19ROGR    (0)    2 :  0.435 0.297 0.268 
187 OmyJC19ROGR    (0)    2 :  0.161 0.172 0.667 
188 OmyJC19ROGR    (0)    2 :  0.151 0.346 0.503 
189 OmyJC19ROGR    (0)    2 :  0.435 0.280 0.284 
190 OmyJC19ROGR    (0)    2 :  0.240 0.517 0.243 
191 OmyJC19ROGR    (0)    2 :  0.194 0.327 0.479 
192 OmyJC19ROGR    (0)    2 :  0.113 0.270 0.617 
193 OmyJC19ROGR    (0)    2 :  0.377 0.455 0.168 
194 OmyJC19ROGR    (0)    2 :  0.080 0.679 0.241 
195 OmyJC19ROGR    (0)    2 :  0.760 0.078 0.162 
196 OmyJC19ROGR    (0)    2 :  0.131 0.119 0.750 
197 OmyJC19ROGR    (0)    2 :  0.164 0.414 0.422 
198 OmyJC19ROGR    (0)    2 :  0.788 0.125 0.087 
199 OmyJC19ROGR    (0)    2 :  0.088 0.543 0.369 
200 OmyJC19ROGR    (0)    2 :  0.347 0.324 0.330 
201 OmyJC19ROGR    (0)    2 :  0.087 0.574 0.339 
202 OmyJC19ROGR    (0)    2 :  0.086 0.576 0.338 
203 OmyJC19ROGR    (0)    2 :  0.126 0.286 0.588 
204 OmyJC19ROGR    (0)    2 :  0.240 0.367 0.393 
205 OmyJC19ROGR    (0)    2 :  0.299 0.395 0.306 
206 OmyJC19ROGR    (0)    2 :  0.874 0.054 0.072 
207 OmyJC19ROGR    (0)    2 :  0.514 0.318 0.168 
208 OmyJC19ROGR    (0)    2 :  0.166 0.426 0.407 
209 OmyJC19ROGR    (0)    2 :  0.488 0.281 0.231 
210 OmyJC19ROGR    (0)    2 :  0.840 0.057 0.103 
211 OmyJC19ROGR    (0)    2 :  0.282 0.469 0.248 
212 OmyJC19ROGR    (1)    2 :  0.351 0.540 0.108 
213 OmyJC19ROGR    (1)    2 :  0.252 0.195 0.553 
214 OmyJC19ROGR    (0)    2 :  0.302 0.496 0.202 
215 OmyJC19ROGR    (0)    2 :  0.097 0.380 0.523 
216 OmyJC19ROGR    (0)    2 :  0.568 0.286 0.146 
217 OmyJC19ROGR    (0)    2 :  0.643 0.162 0.195 
218 OmyJC19ROGR    (0)    2 :  0.186 0.270 0.543 
219 OmyJC19ROGR    (0)    2 :  0.405 0.375 0.220 
220 OmyJC19ROGR    (0)    2 :  0.056 0.707 0.236 
221 OmyJC19ROGR    (0)    2 :  0.320 0.496 0.184 
222 OmyJC19ROGR    (0)    2 :  0.126 0.371 0.503 
223 OmyJC19ROGR    (0)    2 :  0.279 0.438 0.283 
224 OmyJC19ROGR    (1)    2 :  0.196 0.278 0.526 
225 OmyJC19ROGR    (0)    2 :  0.757 0.180 0.063 
226 OmyJC19ROGR    (0)    2 :  0.480 0.097 0.424 
227 OmyJC19ROGR    (0)    2 :  0.836 0.074 0.090 
228 OmyJC19ROGR    (0)    2 :  0.153 0.462 0.385 
229 OmyJC19ROGR    (0)    2 :  0.126 0.413 0.461 
230 OmyJC19ROGR    (0)    2 :  0.362 0.351 0.286 
231 OmyJC19ROGR    (0)    2 :  0.288 0.466 0.246 
232 OmyJC19ROGR    (2)    2 :  0.261 0.452 0.287 
233 OmyJC19ROGR    (0)    2 :  0.390 0.374 0.236 
234 OmyJC19ROGR    (0)    2 :  0.866 0.064 0.070 
235 OmyJC19ROGR    (0)    2 :  0.708 0.148 0.144 
236 OmyJC19ROGR    (0)    2 :  0.117 0.727 0.156 
237 OmyJC19ROGR    (0)    2 :  0.252 0.551 0.198 
238 OmyJC19ROGR    (0)    2 :  0.194 0.667 0.139 
239 OmyJC19ROGR    (0)    2 :  0.171 0.419 0.410 
240 OmyJC19ROGR    (0)    2 :  0.206 0.269 0.525 
241 OmyJC19ROGR    (0)    2 :  0.401 0.188 0.411 
242 OmyJC19ROGR    (0)    2 :  0.079 0.683 0.238 
243 OmyJC19ROGR    (0)    2 :  0.157 0.444 0.399 
244 OmyJC19ROGR    (0)    2 :  0.161 0.318 0.520 
245 OmyJC19ROGR    (0)    2 :  0.851 0.071 0.078 
246 OmyJC19ROGR    (0)    2 :  0.323 0.399 0.279 
247 OmyJC19ROGR    (0)    2 :  0.705 0.130 0.165 
248 OmyJC19ROGR    (0)    2 :  0.500 0.147 0.354 
249 OmyJC19ROGR    (0)    2 :  0.239 0.185 0.577 
250 OmyJC19ROGR    (0)    2 :  0.262 0.221 0.517 
251 OmyJC19ROGR    (0)    2 :  0.190 0.170 0.640 
252 OmyJC19ROGR    (0)    2 :  0.228 0.477 0.295 
253 OmyJC19ROGR    (0)    2 :  0.261 0.136 0.602 
254 OmyJC19ROGR    (0)    2 :  0.299 0.215 0.486 
255 OmyJC19ROGR    (0)    2 :  0.195 0.420 0.385 
256 OmyJC19ROGR    (0)    2 :  0.315 0.315 0.370 
257 OmyJC19ROGR    (0)    2 :  0.239 0.169 0.592 
258 OmyAC19ROGR    (0)    1 :  0.264 0.332 0.404 
259 OmyAC19ROGR    (0)    1 :  0.526 0.267 0.207 
260 OmyAC19ROGR    (0)    1 :  0.189 0.146 0.665 
261 OmyAC19ROGR    (0)    1 :  0.276 0.133 0.591 
262 OmyAC19ROGR    (0)    1 :  0.301 0.156 0.543 
263 OmyAC19ROGR    (0)    1 :  0.227 0.461 0.312 
264 OmyAC19ROGR    (0)    1 :  0.201 0.231 0.568 
265 OmyAC19ROGR    (0)    1 :  0.177 0.244 0.579 
266 OmyAC19ROGR    (0)    1 :  0.111 0.222 0.667 
267 OmyAC19ROGR    (0)    1 :  0.419 0.151 0.429 
268 OmyAC19ROGR    (0)    1 :  0.308 0.395 0.297 
269 OmyAC19ROGR    (1)    1 :  0.344 0.181 0.475 
270 OmyAC19ROGR    (0)    1 :  0.171 0.179 0.650 
271 OmyAC19ROGR    (0)    1 :  0.538 0.193 0.269 
272 OmyAC19ROGR    (0)    1 :  0.363 0.300 0.337 
273 OmyAC19ROGR    (0)    1 :  0.107 0.327 0.567 
274 OmyAC19ROGR    (0)    1 :  0.673 0.128 0.199 
275 OmyAC19ROGR    (0)    1 :  0.219 0.631 0.150 
276 OmyAC19ROGR    (0)    1 :  0.242 0.396 0.362 
277 OmyAC19ROGR    (0)    1 :  0.365 0.261 0.374 
278 OmyAC19ROGR    (0)    1 :  0.401 0.431 0.169 
279 OmyAC19ROGR    (0)    1 :  0.350 0.446 0.204 
280 OmyAC19ROGR    (0)    1 :  0.383 0.220 0.397 
281 OmyAC19ROGR    (0)    1 :  0.189 0.287 0.524 
282 OmyAC19ROGR    (0)    1 :  0.354 0.256 0.390 
283 OmyAC19ROGR    (0)    1 :  0.285 0.381 0.333 
284 OmyAC19ROGR    (0)    1 :  0.135 0.308 0.556 
285 OmyAC19ROGR    (0)    1 :  0.171 0.336 0.493 
286 OmyAC19ROGR    (0)    1 :  0.120 0.315 0.565 
287 OmyAC19ROGR    (0)    1 :  0.903 0.039 0.058 
288 OmyAC19ROGR    (0)    1 :  0.618 0.309 0.073 
289 OmyAC19ROGR    (0)    1 :  0.287 0.290 0.423 
290 OmyAC19ROGR    (1)    1 :  0.874 0.066 0.060 
291 OmyAC19ROGR    (0)    1 :  0.533 0.183 0.284 
292 OmyAC19ROGR    (0)    1 :  0.295 0.264 0.441 
293 OmyAC19ROGR    (0)    1 :  0.181 0.578 0.241 
294 OmyAC19ROGR    (0)    1 :  0.439 0.119 0.442 
295 OmyAC19ROGR    (0)    1 :  0.113 0.103 0.784 
296 OmyAC19ROGR    (0)    1 :  0.137 0.601 0.262 
297 OmyAC19ROGR    (0)    1 :  0.651 0.093 0.257 
298 OmyAC19ROGR    (0)    1 :  0.181 0.436 0.383 
299 OmyAC19ROGR    (0)    1 :  0.379 0.301 0.319 
300 OmyAC19ROGR    (0)    1 :  0.217 0.347 0.436 
301 OmyAC19ROGR    (0)    1 :  0.824 0.078 0.098 
302 OmyAC19ROGR    (0)    1 :  0.612 0.215 0.174 
303 OmyAC19ROGR    (0)    1 :  0.244 0.263 0.493 
304 OmyAC19ROGR    (0)    1 :  0.423 0.419 0.158 
305 OmyAC19ROGR    (0)    1 :  0.189 0.370 0.440 
306 OmyAC19ROGR    (0)    1 :  0.594 0.115 0.291 
307 OmyAC19ROGR    (1)    1 :  0.144 0.380 0.476 
308 OmyAC19ROGR    (0)    1 :  0.302 0.214 0.484 
309 OmyAC19ROGR    (0)    1 :  0.750 0.086 0.164 
310 OmyAC19ROGR    (0)    1 :  0.442 0.183 0.375 
311 OmyAC19ROGR    (0)    1 :  0.667 0.141 0.192 
312 OmyAC19ROGR    (0)    1 :  0.200 0.274 0.526 
313 OmyAC19ROGR    (0)    1 :  0.210 0.492 0.298 
314 OmyAC19ROGR    (0)    1 :  0.291 0.418 0.291 
315 OmyAC19ROGR    (0)    1 :  0.315 0.144 0.540 
316 OmyAC19ROGR    (0)    1 :  0.116 0.111 0.773 
317 OmyAC19ROGR    (0)    1 :  0.139 0.651 0.210 
318 OmyAC19ROGR    (0)    1 :  0.092 0.532 0.376 
319 OmyAC19ROGR    (0)    1 :  0.087 0.420 0.493 
320 OmyAC19ROGR    (0)    1 :  0.079 0.530 0.390 
321 OmyAC19ROGR    (0)    1 :  0.123 0.269 0.608 
322 OmyAC19ROGR    (0)    1 :  0.507 0.170 0.323 
323 OmyAC19ROGR    (0)    1 :  0.214 0.333 0.454 
324 OmyAC19ROGR    (0)    1 :  0.107 0.217 0.676 
325 OmyAC19ROGR    (0)    1 :  0.404 0.186 0.410 
326 OmyAC19ROGR    (0)    1 :  0.166 0.246 0.589 
327 OmyAC19ROGR    (0)    1 :  0.144 0.217 0.639 
328 OmyAC20ROGR    (0)    1 :  0.141 0.491 0.368 
329 OmyAC20ROGR    (0)    1 :  0.316 0.392 0.292 
330 OmyAC20ROGR    (0)    1 :  0.325 0.371 0.304 
331 OmyAC20ROGR    (0)    1 :  0.669 0.153 0.179 
332 OmyAC20ROGR    (0)    1 :  0.361 0.229 0.410 
333 OmyAC20ROGR    (0)    1 :  0.408 0.158 0.434 
334 OmyAC20ROGR    (0)    1 :  0.230 0.221 0.549 
335 OmyAC20ROGR    (0)    1 :  0.128 0.223 0.649 
336 OmyAC20ROGR    (0)    1 :  0.354 0.267 0.379 
337 OmyAC20ROGR    (0)    1 :  0.584 0.219 0.197 
338 OmyAC20ROGR    (0)    1 :  0.239 0.156 0.605 
339 OmyAC20ROGR    (0)    1 :  0.232 0.362 0.406 
340 OmyAC20ROGR    (0)    1 :  0.207 0.310 0.484 
341 OmyAC20ROGR    (0)    1 :  0.186 0.551 0.263 
342 OmyAC20ROGR    (0)    1 :  0.355 0.390 0.255 
343 OmyAC20ROGR    (0)    1 :  0.155 0.633 0.212 
344 OmyAC20ROGR    (0)    1 :  0.452 0.298 0.250 
345 OmyAC20ROGR    (1)    1 :  0.309 0.100 0.591 
346 OmyAC20ROGR    (0)    1 :  0.407 0.154 0.439 
347 OmyAC20ROGR    (0)    1 :  0.409 0.342 0.249 
348 OmyAC20ROGR    (0)    1 :  0.299 0.437 0.263 
349 OmyAC20ROGR    (0)    1 :  0.136 0.545 0.319 
350 OmyAC20ROGR    (0)    1 :  0.196 0.665 0.139 
351 OmyAC20ROGR    (0)    1 :  0.239 0.263 0.498 
352 OmyAC20ROGR    (0)    1 :  0.165 0.345 0.490 
353 OmyAC20ROGR    (0)    1 :  0.260 0.232 0.508 
354 OmyAC20ROGR    (0)    1 :  0.474 0.335 0.191 
355 OmyAC20ROGR    (0)    1 :  0.267 0.613 0.119 
356 OmyAC20ROGR    (0)    1 :  0.418 0.223 0.359 
357 OmyAC20ROGR    (0)    1 :  0.183 0.337 0.480 
358 OmyAC20ROGR    (0)    1 :  0.148 0.347 0.505 
359 OmyAC20ROGR    (0)    1 :  0.520 0.269 0.211 
360 OmyAC20ROGR    (0)    1 :  0.374 0.198 0.429 
361 OmyAC20ROGR    (0)    1 :  0.125 0.577 0.298 
362 OmyAC20ROGR    (0)    1 :  0.299 0.233 0.468 
363 OmyAC20ROGR    (0)    1 :  0.504 0.338 0.158 
364 OmyAC20ROGR    (1)    1 :  0.189 0.351 0.460 
365 OmyAC20ROGR    (0)    1 :  0.126 0.281 0.593 
366 OmyAC20ROGR    (0)    1 :  0.087 0.181 0.732 
367 OmyAC20ROGR    (0)    1 :  0.218 0.182 0.599 
368 OmyAC20ROGR    (0)    1 :  0.184 0.294 0.523 
369 OmyAC20ROGR    (0)    1 :  0.451 0.360 0.190 
370 OmyAC20ROGR    (0)    1 :  0.712 0.121 0.167 
371 OmyAC20ROGR    (0)    1 :  0.779 0.108 0.113 
372 OmyAC20ROGR    (2)    1 :  0.821 0.074 0.105 
373 OmyAC20ROGR    (0)    1 :  0.660 0.211 0.129 
374 OmyAC20ROGR    (0)    1 :  0.106 0.356 0.538 
375 OmyAC20ROGR    (0)    1 :  0.292 0.298 0.410 
376 OmyAC20ROGR    (0)    1 :  0.375 0.329 0.296 
377 OmyAC20ROGR    (0)    1 :  0.121 0.366 0.513 
378 OmyAC20ROGR    (0)    1 :  0.104 0.473 0.424 
379 OmyAC20ROGR    (0)    1 :  0.560 0.223 0.217 
380 OmyAC20ROGR    (0)    1 :  0.121 0.131 0.748 
381 OmyAC20ROGR    (0)    1 :  0.329 0.305 0.366 
382 OmyAC20ROGR    (0)    1 :  0.811 0.091 0.098 
383 OmyAC20ROGR    (0)    1 :  0.266 0.121 0.613 
384 OmyAC20ROGR    (0)    1 :  0.521 0.231 0.249 
385 OmyAC20ROGR    (0)    1 :  0.386 0.318 0.297 
386 OmyAC20ROGR    (0)    1 :  0.443 0.151 0.406 
387 OmyAC20ROGR    (0)    1 :  0.546 0.124 0.330 
388 OmyAC20ROGR    (0)    1 :  0.578 0.198 0.224 
389 OmyAC20ROGR    (0)    1 :  0.175 0.186 0.639 
390 OmyAC20ROGR    (0)    1 :  0.067 0.774 0.159 
391 OmyAC20ROGR    (0)    1 :  0.616 0.266 0.118 
392 OmyAC20ROGR    (0)    1 :  0.542 0.257 0.201 
393 OmyAC20ROGR    (0)    1 :  0.272 0.403 0.325 
394 OmyAC20ROGR    (0)    1 :  0.350 0.317 0.333 
395 OmyAC20ROGR    (0)    1 :  0.250 0.447 0.303 
396 OmyAC20ROGR    (0)    1 :  0.250 0.348 0.401 
397 OmyAC20ROGR    (0)    1 :  0.373 0.140 0.486 
398 OmyAC20ROGR    (0)    1 :  0.639 0.127 0.233 
399 OmyAC20ROGR    (0)    1 :  0.365 0.134 0.501 
400 OmyAC20ROGR    (0)    1 :  0.289 0.158 0.554 
401 OmyAC20ROGR    (0)    1 :  0.730 0.168 0.101 
402 OmyAC20ROGR    (0)    1 :  0.076 0.668 0.255 
403 OmyAC20ROGR    (0)    1 :  0.299 0.316 0.385 
404 OmyAC20ROGR    (0)    1 :  0.087 0.376 0.537 
405 OmyAC20ROGR    (0)    1 :  0.530 0.307 0.163 
406 OmyAC20ROGR    (0)    1 :  0.178 0.436 0.385 
407 OmyAC20ROGR    (0)    1 :  0.156 0.131 0.713 
408 OmyAC20ROGR    (0)    1 :  0.273 0.608 0.119 
409 OmyAC20ROGR    (0)    1 :  0.166 0.249 0.585 
410 OmyAC20ROGR    (0)    1 :  0.805 0.060 0.135 
411 OmyAC20ROGR    (0)    1 :  0.663 0.137 0.199 
412 OmyAC20ROGR    (0)    1 :  0.412 0.302 0.286 
413 OmyAC20ROGR    (0)    1 :  0.265 0.174 0.561 
414 OmyAC20ROGR    (0)    1 :  0.521 0.225 0.254 
415 OmyAC20ROGR    (0)    1 :  0.165 0.275 0.561 
416 OmyAC20ROGR    (0)    1 :  0.179 0.216 0.605 
417 OmyAC20ROGR    (0)    1 :  0.100 0.250 0.650 
418 OmyAC20ROGR    (0)    1 :  0.389 0.257 0.354 
419 OmyAC20ROGR    (0)    1 :  0.571 0.248 0.181 
420 OmyAC20ROGR    (0)    1 :  0.170 0.652 0.177 
421 OmyAC20ROGR    (0)    1 :  0.282 0.190 0.527 
422 OmyAC20ROGR    (0)    1 :  0.846 0.067 0.087 
423 OmyAC20ROGR    (0)    1 :  0.138 0.116 0.746 
424 OmyAC20ROGR    (0)    1 :  0.107 0.643 0.249 
425 OmyAC20ROGR    (0)    1 :  0.818 0.092 0.090 
426 OmyAC20ROGR    (0)    1 :  0.185 0.160 0.656 
427 OmyAC20ROGR    (0)    1 :  0.219 0.203 0.578 
428 OmyAC20ROGR    (0)    1 :  0.793 0.086 0.121 
429 OmyAC20ROGR    (0)    1 :  0.107 0.641 0.252 
430 OmyAC20ROGR    (0)    1 :  0.248 0.339 0.413 
431 OmyAC20ROGR    (0)    1 :  0.613 0.130 0.257 
432 OmyAC20ROGR    (0)    1 :  0.846 0.070 0.084 
433 OmyAC20ROGR    (0)    1 :  0.697 0.224 0.079 
434 OmyAC20ROGR    (0)    1 :  0.518 0.151 0.331 
435 OmyAC20ROGR    (0)    1 :  0.162 0.152 0.686 
436 OmyAC20ROGR    (0)    1 :  0.206 0.131 0.664 
437 OmyAC20ROGR    (0)    1 :  0.685 0.181 0.134 
438 OmyAC20ROGR    (0)    1 :  0.533 0.200 0.267 
439 OmyAC20ROGR    (0)    1 :  0.256 0.123 0.620 
440 OmyAC20ROGR    (0)    1 :  0.667 0.135 0.199 
441 OmyAC20ROGR    (0)    1 :  0.126 0.546 0.329 
442 OmyAC20ROGR    (0)    1 :  0.273 0.310 0.416 
443 OmyAC20ROGR    (0)    1 :  0.156 0.209 0.635 
444 OmyAC20ROGR    (0)    1 :  0.438 0.132 0.430 
445 OmyAC20ROGR    (0)    1 :  0.343 0.343 0.314 
446 OmyJC18ROGR    (0)    2 :  0.438 0.358 0.203 
447 OmyJC18ROGR    (0)    2 :  0.280 0.329 0.391 
448 OmyJC18ROGR    (0)    2 :  0.270 0.239 0.491 
449 OmyJC18ROGR    (0)    2 :  0.600 0.286 0.114 
450 OmyJC18ROGR    (0)    2 :  0.675 0.143 0.182 
451 OmyJC18ROGR    (0)    2 :  0.792 0.071 0.137 
452 OmyJC18ROGR    (0)    2 :  0.448 0.187 0.365 
453 OmyJC18ROGR    (0)    2 :  0.091 0.771 0.138 
454 OmyJC18ROGR    (0)    2 :  0.774 0.107 0.119 
455 OmyJC18ROGR    (0)    2 :  0.278 0.272 0.450 
456 OmyJC18ROGR    (0)    2 :  0.807 0.083 0.110 
457 OmyJC18ROGR    (0)    2 :  0.264 0.118 0.618 
458 OmyJC18ROGR    (0)    2 :  0.283 0.547 0.170 
459 OmyJC18ROGR    (1)    2 :  0.094 0.233 0.672 
460 OmyJC18ROGR    (2)    2 :  0.358 0.299 0.344 
461 OmyJC18ROGR    (2)    2 :  0.499 0.175 0.326 
462 OmyJC18ROGR    (3)    2 :  0.418 0.359 0.223 
463 OmyJC18ROGR    (0)    2 :  0.742 0.136 0.123 
464 OmyJC18ROGR    (4)    2 :  0.093 0.262 0.645 
465 OmyJC18ROGR    (3)    2 :  0.247 0.352 0.401 
466 OmyJC18ROGR    (0)    2 :  0.322 0.248 0.430 
467 OmyJC18ROGR    (0)    2 :  0.199 0.223 0.578 
468 OmyJC18ROGR    (0)    2 :  0.296 0.475 0.229 
469 OmyJC18ROGR    (0)    2 :  0.807 0.065 0.128 
470 OmyJC18ROGR    (5)    2 :  0.603 0.214 0.183 
471 OmyJC18ROGR    (1)    2 :  0.350 0.250 0.400 
472 OmyJC18ROGR    (2)    2 :  0.245 0.196 0.558 
473 OmyJC18ROGR    (3)    2 :  0.136 0.388 0.476 
474 OmyJC18ROGR    (0)    2 :  0.121 0.769 0.111 
475 OmyJC18ROGR    (2)    2 :  0.535 0.237 0.228 
476 OmyJC18ROGR    (1)    2 :  0.143 0.194 0.664 
477 OmyJC18ROGR    (4)    2 :  0.355 0.451 0.195 
478 OmyJC18ROGR    (0)    2 :  0.204 0.362 0.434 
479 OmyJC18ROGR    (0)    2 :  0.117 0.197 0.686 
480 OmyJC18ROGR    (1)    2 :  0.288 0.344 0.367 
481 OmyJC18ROGR    (3)    2 :  0.229 0.411 0.360 
482 OmyJC18ROGR    (3)    2 :  0.093 0.601 0.307 
483 OmyJC18ROGR    (4)    2 :  0.137 0.528 0.335 
484 OmyJC18ROGR    (4)    2 :  0.175 0.369 0.456 
485 OmyJC18ROGR    (3)    2 :  0.540 0.270 0.190 
486 OmyJC18ROGR    (3)    2 :  0.540 0.246 0.214 
487 OmyJC18ROGR    (1)    2 :  0.289 0.485 0.226 
488 OmyJC18ROGR    (5)    2 :  0.178 0.310 0.512 
489 OmyJC18ROGR    (0)    2 :  0.138 0.365 0.497 
490 OmyJC18ROGR    (3)    2 :  0.240 0.226 0.534 
491 OmyJC18ROGR    (7)    2 :  0.202 0.664 0.135 
492 OmyJC18ROGR    (6)    2 :  0.096 0.746 0.158 
493 OmyJC18ROGR    (3)    2 :  0.274 0.169 0.557 
494 OmyJC18ROGR    (3)    2 :  0.779 0.103 0.118 
495 OmyJC18ROGR    (5)    2 :  0.485 0.230 0.285 
496 OmyJC18ROGR    (0)    2 :  0.254 0.320 0.425 
497 OmyJC18ROGR    (5)    2 :  0.088 0.660 0.252 
498 OmyJC18ROGR    (6)    2 :  0.306 0.196 0.498 
499 OmyJC18ROGR    (0)    2 :  0.136 0.185 0.679 
500 OmyJC18ROGR    (1)    2 :  0.154 0.604 0.242 
501 OmyJC18ROGR    (4)    2 :  0.564 0.180 0.256 
502 OmyJC18ROGR    (2)    2 :  0.371 0.394 0.235 
503 OmyJC18ROGR    (5)    2 :  0.160 0.481 0.358 
504 OmyJC18ROGR    (2)    2 :  0.414 0.277 0.308 
505 OmyJC18ROGR    (0)    2 :  0.417 0.290 0.293 
506 OmyJC18ROGR    (8)    2 :  0.190 0.522 0.288 
507 OmyJC18ROGR    (0)    2 :  0.300 0.449 0.251 
508 OmyJC18ROGR    (0)    2 :  0.325 0.423 0.252 
509 OmyJC18ROGR    (1)    2 :  0.876 0.064 0.059 
510 OmyJC18ROGR    (1)    2 :  0.245 0.223 0.533 
511 OmyJC18ROGR    (5)    2 :  0.314 0.376 0.310 
512 OmyJC18ROGR    (2)    2 :  0.741 0.146 0.113 
513 OmyJC18ROGR    (9)    2 :  0.479 0.308 0.213 
514 OmyJC18ROGR    (4)    2 :  0.495 0.312 0.192 
515 OmyJC18ROGR    (1)    2 :  0.227 0.543 0.230 
516 OmyJC18ROGR    (3)    2 :  0.307 0.219 0.474 
517 OmyJC18ROGR    (3)    2 :  0.575 0.212 0.213 
518 OmyJC18ROGR    (0)    2 :  0.200 0.549 0.251 
519 OmyJC18ROGR    (9)    2 :  0.194 0.382 0.424 
520 OmyJC18ROGR    (6)    2 :  0.300 0.273 0.427 
521 OmyJC18ROGR    (2)    2 :  0.280 0.407 0.313 
522 OmyJC18ROGR    (1)    2 :  0.269 0.233 0.498 
523 OmyJC18ROGR    (4)    2 :  0.231 0.377 0.393 
524 OmyJC18ROGR    (0)    2 :  0.198 0.153 0.650 
525 OmyJC18ROGR    (2)    2 :  0.202 0.509 0.290 
526 OmyJC18ROGR    (3)    2 :  0.229 0.527 0.244 
527 OmyJC18ROGR    (0)    2 :  0.169 0.284 0.547 
528 OmyJC18ROGR    (0)    2 :  0.143 0.413 0.445 
529 OmyJC18ROGR    (1)    2 :  0.167 0.208 0.625 
530 OmyJC18ROGR    (0)    2 :  0.128 0.515 0.357 
531 OmyJC18ROGR    (0)    2 :  0.322 0.117 0.561 
532 OmyJC18ROGR    (2)    2 :  0.104 0.439 0.457 
533 OmyJC18ROGR    (2)    2 :  0.072 0.198 0.730 
534 OmyJC18ROGR    (2)    2 :  0.211 0.351 0.438 
535 OmyJC18ROGR    (0)    2 :  0.179 0.266 0.555 
536 OmyJC18ROGR    (0)    2 :  0.126 0.346 0.527 
537 OmyJC18ROGR    (0)    2 :  0.077 0.429 0.494 
538 OmyJC18ROGR    (0)    2 :  0.188 0.262 0.550 
539 OmyJC18ROGR    (0)    2 :  0.167 0.276 0.557 
540 OmyJC18ROGR    (8)    2 :  0.190 0.673 0.137 
541 OmyJC18ROGR    (1)    2 :  0.231 0.259 0.511 
542 OmyJC18ROGR    (1)    2 :  0.416 0.401 0.183 
543 OmyJC18ROGR    (0)    2 :  0.227 0.547 0.227 
544 OmyJC18ROGR    (2)    2 :  0.161 0.357 0.482 
545 OmyJC18ROGR    (1)    2 :  0.590 0.136 0.274 
546 OmyJC18ROGR    (9)    2 :  0.105 0.349 0.546 
547 OmyJC18ROGR    (0)    2 :  0.296 0.152 0.551 
548 OmyJC18ROGR    (0)    2 :  0.361 0.391 0.248 
549 OmyJC18ROGR    (0)    2 :  0.283 0.299 0.418 
550 OmyJC18ROGR    (1)    2 :  0.619 0.144 0.238 
551 OmyJC18ROGR    (1)    2 :  0.183 0.528 0.289 
552 OmyJC18ROGR    (2)    2 :  0.278 0.175 0.547 
553 OmyJC18ROGR   (10)    2 :  0.192 0.396 0.411 
554 OmyJC18ROGR    (2)    2 :  0.162 0.462 0.375 
555 OmyJC18ROGR    (4)    2 :  0.148 0.434 0.418 
556 OmyJC18ROGR    (0)    2 :  0.247 0.425 0.327 
557 OmyJC18ROGR    (2)    2 :  0.399 0.267 0.334 
558 OmyJC18ROGR    (0)    2 :  0.459 0.139 0.403 
559 OmyJC18ROGR    (0)    2 :  0.180 0.622 0.198 
560 OmyJC18ROGR    (8)    2 :  0.298 0.389 0.313 
561 OmyJC18ROGR    (0)    2 :  0.089 0.190 0.720 
562 OmyJC18ROGR    (8)    2 :  0.282 0.375 0.343 
563 OmyJC18ROGR    (2)    2 :  0.195 0.426 0.380 
564 OmyJC18ROGR    (4)    2 :  0.233 0.284 0.483 
565 OmyJC18ROGR    (3)    2 :  0.307 0.407 0.287 
566 OmyJC18ROGR    (1)    2 :  0.338 0.351 0.311 
567 OmyJC18ROGR    (0)    2 :  0.188 0.516 0.296 
568 OmyJC18ROGR    (5)    2 :  0.340 0.289 0.371 
569 OmyJC18ROGR    (2)    2 :  0.111 0.704 0.185 
570 OmyJC18ROGR    (0)    2 :  0.193 0.253 0.554 
571 OmyJC18ROGR    (2)    2 :  0.197 0.179 0.625 
572 OmyJC18ROGR    (6)    2 :  0.187 0.474 0.340 
573 OmyJC18ROGR    (5)    2 :  0.546 0.230 0.224 
574 OmyJC18ROGR    (8)    2 :  0.343 0.218 0.439 
575 OmyJC18ROGR    (3)    2 :  0.113 0.393 0.494 
576 OmyJC18ROGR    (0)    2 :  0.274 0.550 0.176 
577 OmyJC18ROGR    (0)    2 :  0.843 0.065 0.091 
578 OmyJC18ROGR    (1)    2 :  0.165 0.289 0.546 
579 OmyJC18ROGR    (0)    2 :  0.666 0.085 0.249 
580 OmyJC18ROGR    (0)    2 :  0.112 0.472 0.416 
581 OmyJC18ROGR    (6)    2 :  0.190 0.527 0.283 
582 OmyJC18ROGR    (7)    2 :  0.115 0.364 0.521 
583 OmyJC18ROGR    (3)    2 :  0.163 0.419 0.419 
584 OmyJC18ROGR    (5)    2 :  0.182 0.375 0.444 
585 OmyJC18ROGR    (1)    2 :  0.299 0.173 0.528 
586 OmyJC18ROGR    (2)    2 :  0.084 0.381 0.535 
587 OmyJC18ROGR    (0)    2 :  0.882 0.052 0.066 
588 OmyJC18ROGR    (0)    2 :  0.394 0.289 0.318 
589 OmyJC18ROGR    (1)    2 :  0.235 0.501 0.264 
590 OmyJC18ROGR    (2)    2 :  0.058 0.203 0.739 
591 OmyJC18ROGR    (0)    2 :  0.164 0.348 0.488 
592 OmyJC18ROGR    (4)    2 :  0.185 0.394 0.421 
593 OmyJC18ROGR    (0)    2 :  0.333 0.273 0.394 
594 OmyJC18ROGR    (1)    2 :  0.142 0.236 0.623 
595 OmyJC18ROGR    (0)    2 :  0.342 0.502 0.156 
596 OmyJC18ROGR    (0)    2 :  0.251 0.338 0.411 
597 OmyJC18ROGR    (0)    2 :  0.287 0.482 0.231 
598 OmyJC18ROGR    (0)    2 :  0.167 0.431 0.402 
599 OmyJC18ROGR    (0)    2 :  0.305 0.226 0.470 
600 OmyJC18ROGR    (0)    2 :  0.220 0.265 0.516 
601 OmyJC18ROGR    (0)    2 :  0.089 0.636 0.274 
602 OmyJC18ROGR    (0)    2 :  0.373 0.367 0.260 
603 OmyJC18ROGR    (0)    2 :  0.143 0.365 0.491 
604 OmyJC18ROGR    (0)    2 :  0.130 0.291 0.579 
605 OmyJC18ROGR    (0)    2 :  0.150 0.461 0.389 
606 OmyJC18ROGR    (0)    2 :  0.299 0.310 0.391 
607 OmyJC18ROGR    (0)    2 :  0.148 0.139 0.713 
608 OmyJC18ROGR    (0)    2 :  0.112 0.236 0.652 
609 OmyJC18ROGR    (0)    2 :  0.144 0.688 0.169 
610 OmyJC18ROGR    (6)    2 :  0.749 0.095 0.156 
611 OmyJC18ROGR    (0)    2 :  0.398 0.329 0.273 
612 OmyJC18ROGR    (3)    2 :  0.303 0.236 0.461 
613 OmyJC18ROGR    (0)    2 :  0.269 0.301 0.430 
614 OmyJC18ROGR    (0)    2 :  0.421 0.318 0.261 
615 OmyJC18ROGR    (0)    2 :  0.083 0.136 0.781 
616 OmyJC18ROGR    (0)    2 :  0.158 0.752 0.090 
617 OmyJC18ROGR    (0)    2 :  0.250 0.333 0.418 
618 OmyJC18ROGR    (0)    2 :  0.345 0.117 0.538 
619 OmyJC18ROGR    (0)    2 :  0.147 0.397 0.456 
620 OmyJC18ROGR    (0)    2 :  0.404 0.484 0.112 
621 OmyJC18ROGR    (2)    2 :  0.193 0.633 0.174 
622 OmyJC18ROGR    (3)    2 :  0.281 0.488 0.231 
623 OmyJC18ROGR    (1)    2 :  0.247 0.126 0.627 
624 OmyJC18ROGR    (2)    2 :  0.252 0.422 0.326 
625 OmyJC18ROGR    (1)    2 :  0.400 0.202 0.399 
626 OmyJC18ROGR    (9)    2 :  0.117 0.552 0.331 
627 OmyJC18ROGR    (0)    2 :  0.304 0.313 0.383 
628 OmyJC18ROGR    (0)    2 :  0.884 0.060 0.055 
629 OmyJC18ROGR    (2)    2 :  0.346 0.248 0.406 
630 OmyJC18ROGR    (1)    2 :  0.079 0.787 0.134 
631 OmyJC18ROGR    (4)    2 :  0.096 0.219 0.685 
632 OmyJC18ROGR    (0)    2 :  0.185 0.620 0.195 
633 OmyJC18ROGR    (7)    2 :  0.163 0.542 0.295 
634 OmyJC18ROGR    (2)    2 :  0.475 0.146 0.379 
635 OmyJC18ROGR    (0)    2 :  0.103 0.736 0.160 
636 OmyJC18ROGR    (0)    2 :  0.342 0.515 0.143 
637 OmyJC18ROGR    (0)    2 :  0.324 0.201 0.474 
638 OmyJC18ROGR    (0)    2 :  0.159 0.719 0.122 
639 OmyJC18ROGR    (1)    2 :  0.280 0.355 0.365 
640 OmyJC18ROGR    (2)    2 :  0.493 0.119 0.388 
641 OmyJC18ROGR    (1)    2 :  0.247 0.195 0.559 
642 OmyJC18ROGR    (3)    2 :  0.385 0.133 0.483 
643 OmyJC18ROGR    (1)    2 :  0.185 0.452 0.364 
644 OmyJC18ROGR   (10)    2 :  0.085 0.182 0.733 
645 OmyJC18ROGR    (6)    2 :  0.337 0.235 0.428 
646 OmyJC18ROGR    (0)    2 :  0.144 0.402 0.455 
647 OmyJC18ROGR    (2)    2 :  0.328 0.177 0.495 
648 OmyJC18ROGR    (0)    2 :  0.097 0.632 0.272 
649 OmyJC18ROGR    (0)    2 :  0.142 0.181 0.677 
650 OmyJC18ROGR    (1)    2 :  0.105 0.464 0.431 
651 OmyJC18ROGR    (6)    2 :  0.788 0.114 0.098 
652 OmyJC18ROGR    (1)    2 :  0.316 0.273 0.411 
653 OmyJC18ROGR    (4)    2 :  0.177 0.534 0.288 
654 OmyJC18ROGR    (1)    2 :  0.252 0.421 0.327 
655 OmyJC18ROGR    (4)    2 :  0.489 0.172 0.339 
656 OmyJC18ROGR    (0)    2 :  0.137 0.173 0.690 
657 OmyJC18ROGR    (0)    2 :  0.193 0.231 0.576 
658 OmyJC18ROGR    (0)    2 :  0.129 0.645 0.226 
659 OmyJC18ROGR    (7)    2 :  0.059 0.260 0.680 
660 OmyJC18ROGR    (4)    2 :  0.242 0.214 0.544 
661 OmyJC18ROGR    (3)    2 :  0.096 0.249 0.655 
662 OmyJC18ROGR    (2)    2 :  0.164 0.159 0.676 
663 OmyJC18ROGR    (2)    2 :  0.435 0.328 0.237 
664 OmyJC18ROGR    (0)    2 :  0.095 0.671 0.234 
665 OmyJC18ROGR    (1)    2 :  0.266 0.236 0.498 
666 OmyJC18ROGR    (0)    2 :  0.774 0.122 0.104 
667 OmyJC18ROGR    (0)    2 :  0.538 0.183 0.279 
668 OmyJC18ROGR    (1)    2 :  0.386 0.292 0.322 
669 OmyJC18ROGR    (5)    2 :  0.306 0.214 0.479 
670 OmyJC18ROGR   (10)    2 :  0.105 0.251 0.645 
671 OmyJC18ROGR    (3)    2 :  0.163 0.235 0.602 
672 OmyJC18ROGR    (0)    2 :  0.092 0.435 0.473 
673 OmyJC18ROGR    (6)    2 :  0.142 0.745 0.113 
674 OmyJC18ROGR    (0)    2 :  0.198 0.431 0.370 
675 OmyJC18ROGR    (0)    2 :  0.083 0.677 0.240 
676 OmyJC18ROGR    (1)    2 :  0.168 0.300 0.532 
677 OmyJC18ROGR    (4)    2 :  0.436 0.161 0.403 
678 OmyJC18ROGR    (9)    2 :  0.329 0.279 0.392 
679 OmyJC18ROGR    (1)    2 :  0.350 0.265 0.385 
680 OmyJC18ROGR    (1)    2 :  0.277 0.296 0.427 
681 OmyJC18ROGR    (1)    2 :  0.509 0.366 0.124 
682 OmyJC18ROGR    (2)    2 :  0.609 0.232 0.159 
683 OmyJC18ROGR    (0)    2 :  0.202 0.102 0.696 
684 OmyJC18ROGR    (0)    2 :  0.224 0.400 0.376 
685 OmyJC18ROGR    (0)    2 :  0.210 0.442 0.348 
686 OmyJC18ROGR    (0)    2 :  0.106 0.767 0.127 
687 OmyJC18ROGR    (4)    2 :  0.139 0.515 0.346 
688 OmyJC18ROGR    (2)    2 :  0.509 0.269 0.223 
689 OmyJC18ROGR    (2)    2 :  0.525 0.353 0.122 
690 OmyJC18ROGR    (6)    2 :  0.403 0.213 0.384 
691 OmyJC18ROGR    (7)    2 :  0.360 0.393 0.248 
692 OmyJC18ROGR    (0)    2 :  0.364 0.306 0.330 
693 OmyJC18ROGR    (3)    2 :  0.092 0.786 0.121 
694 OmyJC18ROGR    (0)    2 :  0.085 0.724 0.190 
695 OmyJC18ROGR    (0)    2 :  0.358 0.244 0.398 
696 OmyJC18ROGR    (0)    2 :  0.155 0.401 0.444 
697 OmyJC18ROGR    (3)    2 :  0.183 0.370 0.447 
698 OmyJC18ROGR    (0)    2 :  0.073 0.456 0.471 
699 OmyJC18ROGR    (0)    2 :  0.317 0.150 0.533 
700 OmyJC18ROGR    (0)    2 :  0.176 0.153 0.670 
701 OmyJC18ROGR    (0)    2 :  0.175 0.584 0.241 
702 OmyJC18ROGR    (1)    2 :  0.519 0.316 0.165 
703 OmyJC18ROGR    (0)    2 :  0.486 0.196 0.318 
704 OmyJC18ROGR    (0)    2 :  0.568 0.337 0.095 
705 OmyJC18ROGR    (0)    2 :  0.212 0.294 0.494 
706 OmyJC18ROGR    (0)    2 :  0.319 0.561 0.120 
707 OmyJC18ROGR    (2)    2 :  0.257 0.547 0.196 
708 OmyJC18ROGR    (1)    2 :  0.293 0.194 0.514 
709 OmyJC18ROGR    (0)    2 :  0.352 0.501 0.147 
710 OmyJC18ROGR    (0)    2 :  0.215 0.174 0.611 
711 OmyJC18ROGR    (0)    2 :  0.381 0.257 0.361 
712 OmyJC18ROGR    (1)    2 :  0.122 0.260 0.618 
713 OmyJC18ROGR    (0)    2 :  0.214 0.617 0.170 
714 OmyJC18ROGR    (0)    2 :  0.252 0.159 0.589 
715 OmyJC18ROGR    (0)    2 :  0.188 0.198 0.614 
716 OmyJC18ROGR    (0)    2 :  0.566 0.173 0.261 
717 OmyJC18ROGR    (2)    2 :  0.166 0.695 0.139 
718 OmyJC18ROGR    (1)    2 :  0.107 0.387 0.507 
719 OmyJC18ROGR    (9)    2 :  0.092 0.409 0.500 
720 OmyJC18ROGR    (4)    2 :  0.227 0.259 0.514 
721 OmyJC18ROGR    (2)    2 :  0.152 0.707 0.142 
722 OmyJC18ROGR    (0)    2 :  0.147 0.732 0.121 
723 OmyJC18ROGR    (0)    2 :  0.151 0.708 0.141 
724 OmyJC18ROGR    (0)    2 :  0.571 0.192 0.237 
725 OmyJC18ROGR    (0)    2 :  0.154 0.200 0.646 
726 OmyJC18ROGR    (0)    2 :  0.268 0.158 0.574 
727 OmyJC18ROGR    (1)    2 :  0.350 0.487 0.163 
728 OmyJC18ROGR    (1)    2 :  0.516 0.152 0.333 
729 OmyJC18ROGR    (1)    2 :  0.123 0.197 0.680 
730 OmyJC18ROGR    (0)    2 :  0.338 0.444 0.218 
731 OmyJC18ROGR    (2)    2 :  0.723 0.120 0.157 
732 OmyJC18ROGR    (1)    2 :  0.371 0.399 0.229 
733 OmyJC18ROGR    (0)    2 :  0.108 0.768 0.124 
734 OmyJC18ROGR    (0)    2 :  0.101 0.135 0.764 
735 OmyJC18ROGR    (0)    2 :  0.146 0.377 0.476 
736 OmyJC18ROGR    (0)    2 :  0.240 0.238 0.522 
737 OmyJC18ROGR    (0)    2 :  0.374 0.437 0.189 
738 OmyJC18ROGR    (0)    2 :  0.445 0.266 0.289 
739 OmyJC18ROGR    (0)    2 :  0.406 0.231 0.363 
740 OmyJC18ROGR    (0)    2 :  0.088 0.227 0.685 
741 OmyJC18ROGR    (0)    2 :  0.345 0.423 0.232 
742 OmyJC18ROGR    (0)    2 :  0.142 0.234 0.624 
743 OmyJC18ROGR    (0)    2 :  0.141 0.197 0.662 
744 OmyJC18ROGR    (0)    2 :  0.123 0.359 0.518 
745 OmyJC18ROGR    (0)    2 :  0.111 0.594 0.295 
746 OmyJC18ROGR    (0)    2 :  0.524 0.202 0.274 
747 OmyJC18ROGR    (0)    2 :  0.766 0.095 0.140 
748 OmyJC18ROGR    (2)    2 :  0.377 0.265 0.357 
749 OmyJC18ROGR    (7)    2 :  0.275 0.499 0.226 
750 OmyJC18ROGR    (2)    2 :  0.270 0.212 0.518 
751 OmyJC18ROGR    (0)    2 :  0.330 0.125 0.545 
752 OmyJC18ROGR    (5)    2 :  0.082 0.759 0.159 
753 OmyJC18ROGR    (0)    2 :  0.088 0.326 0.586 
754 OmyJC18ROGR    (0)    2 :  0.139 0.499 0.363 
755 OmyJC18ROGR    (0)    2 :  0.086 0.797 0.117 
756 OmyJC18ROGR    (0)    2 :  0.386 0.431 0.183 
757 OmyJC18ROGR    (0)    2 :  0.280 0.377 0.343 
758 OmyJC18ROGR    (1)    2 :  0.243 0.191 0.566 
759 OmyJC18ROGR    (0)    2 :  0.371 0.432 0.198 
760 OmyJC18ROGR    (0)    2 :  0.464 0.239 0.297 
761 OmyJC18ROGR    (0)    2 :  0.056 0.274 0.670 
