%!PS-Adobe-3.0 EPSF-3.0 
% Graphical display of results from structure
% distruct by Noah Rosenberg, version 1.0 Nov 2002 
%                             version 1.1 Jun 2007 
% Command line arguments: distruct/distruct1.1 -K 3 -M 4 -N 1000 -p 1683599399/pop -i 1683599399/ind -o 1683599399/out.ps -b 1683599399/labels -c 1683599399/perm -d 1683599399/drawparams 
gsave

% Population Q values from the file: 1683599399/pop
% 3 clusters, 4 populations, 0 individuals
% Pop. code, number of individuals, membership coefficients
% 1	275	0.3	0.371	0.329	
% 2	643	0.342	0.345	0.312	
% 3	42	0.518	0.316	0.166	
% 4	40	0.417	0.413	0.17	


% Individual Q values from the file: 1683599399/ind
% Population code, individual label, membership coefficients
% 1	1	0.4975	0.1247	0.3778	
% 1	2	0.5755	0.2635	0.161	
% 1	3	0.3575	0.1888	0.4537	
% 1	4	0.6884	0.1009	0.2107	
% 1	5	0.0807	0.8494	0.0699	
% 1	6	0.1692	0.4495	0.3813	
% 1	7	0.1818	0.4307	0.3875	
% 1	8	0.2422	0.0906	0.6672	
% 1	9	0.2232	0.5398	0.2369	
% 1	10	0.3848	0.4785	0.1368	
% 1	11	0.184	0.1643	0.6517	
% 1	12	0.3738	0.3778	0.2484	
% 1	13	0.2659	0.1119	0.6222	
% 1	14	0.232	0.3525	0.4155	
% 1	15	0.277	0.5412	0.1817	
% 1	16	0.3076	0.2266	0.4658	
% 1	17	0.6241	0.2672	0.1087	
% 1	18	0.5682	0.0662	0.3656	
% 1	19	0.152	0.1518	0.6962	
% 1	20	0.4551	0.4391	0.1058	
% 1	21	0.3611	0.4842	0.1547	
% 1	22	0.1875	0.1924	0.6201	
% 1	23	0.2246	0.5007	0.2747	
% 1	24	0.5005	0.1305	0.369	
% 1	25	0.1719	0.555	0.2731	
% 1	26	0.2975	0.2695	0.4329	
% 1	27	0.3335	0.1718	0.4946	
% 1	28	0.5411	0.1931	0.2659	
% 1	29	0.5534	0.2435	0.2031	
% 1	30	0.24	0.5677	0.1923	
% 1	31	0.2847	0.203	0.5122	
% 1	32	0.481	0.3255	0.1935	
% 1	33	0.4281	0.2419	0.33	
% 1	34	0.2148	0.5695	0.2157	
% 1	35	0.538	0.2027	0.2593	
% 1	36	0.2114	0.1642	0.6244	
% 1	37	0.1311	0.3621	0.5068	
% 1	38	0.1376	0.6513	0.2112	
% 1	39	0.6472	0.2092	0.1437	
% 1	40	0.3263	0.5019	0.1718	
% 1	41	0.582	0.171	0.247	
% 1	42	0.1282	0.7565	0.1153	
% 1	43	0.6467	0.1787	0.1746	
% 1	44	0.4474	0.1563	0.3964	
% 1	45	0.1883	0.4997	0.312	
% 1	46	0.2871	0.2315	0.4813	
% 1	47	0.1897	0.1195	0.6908	
% 1	48	0.5589	0.1131	0.328	
% 1	49	0.3904	0.1465	0.4632	
% 1	50	0.762	0.1127	0.1253	
% 1	51	0.1255	0.7461	0.1285	
% 1	52	0.109	0.7876	0.1034	
% 1	53	0.2731	0.1301	0.5968	
% 1	54	0.5237	0.2159	0.2604	
% 1	55	0.3031	0.2038	0.493	
% 1	56	0.1855	0.3667	0.4478	
% 1	57	0.0991	0.0845	0.8164	
% 1	58	0.0825	0.6118	0.3057	
% 1	59	0.2594	0.1267	0.6139	
% 1	60	0.1531	0.28	0.5669	
% 1	61	0.5123	0.2245	0.2632	
% 1	62	0.3414	0.2091	0.4495	
% 1	63	0.2845	0.3469	0.3687	
% 1	64	0.6123	0.2057	0.1821	
% 1	65	0.4251	0.1358	0.4392	
% 1	66	0.2299	0.4282	0.3419	
% 1	67	0.1754	0.132	0.6925	
% 1	68	0.349	0.3499	0.3012	
% 1	69	0.2551	0.3228	0.422	
% 1	70	0.6906	0.1181	0.1913	
% 1	71	0.2546	0.1823	0.5631	
% 1	72	0.4337	0.1501	0.4162	
% 1	73	0.4297	0.3375	0.2329	
% 1	74	0.5884	0.2062	0.2053	
% 1	75	0.4445	0.3013	0.2543	
% 1	76	0.527	0.1818	0.2912	
% 1	77	0.0568	0.892	0.0512	
% 1	78	0.7402	0.114	0.1459	
% 1	79	0.5326	0.2161	0.2513	
% 1	80	0.1122	0.7665	0.1213	
% 1	81	0.2986	0.46	0.2415	
% 1	82	0.1652	0.0574	0.7774	
% 1	83	0.5158	0.1469	0.3373	
% 1	84	0.2869	0.2311	0.482	
% 1	85	0.5044	0.168	0.3276	
% 1	86	0.507	0.2417	0.2513	
% 1	87	0.5122	0.146	0.3418	
% 2	88	0.1118	0.8163	0.0719	
% 2	89	0.3759	0.1996	0.4246	
% 2	90	0.0887	0.8518	0.0594	
% 2	91	0.3506	0.0561	0.5933	
% 2	92	0.6146	0.1745	0.211	
% 2	93	0.4976	0.1713	0.3311	
% 2	94	0.5815	0.2719	0.1466	
% 2	95	0.389	0.3349	0.2762	
% 2	96	0.3201	0.3755	0.3044	
% 2	97	0.269	0.4467	0.2843	
% 2	98	0.3509	0.1513	0.4978	
% 2	99	0.3286	0.1685	0.5028	
% 2	100	0.3543	0.1315	0.5142	
% 2	101	0.1946	0.5888	0.2166	
% 2	102	0.3009	0.2551	0.4439	
% 2	103	0.2853	0.4588	0.2558	
% 2	104	0.2936	0.1035	0.6029	
% 2	105	0.2703	0.414	0.3157	
% 2	106	0.0908	0.8359	0.0733	
% 2	107	0.1396	0.3577	0.5027	
% 2	108	0.4765	0.2357	0.2878	
% 2	109	0.3164	0.3157	0.3679	
% 2	110	0.2078	0.5921	0.2002	
% 2	111	0.1555	0.1545	0.69	
% 2	112	0.2286	0.3778	0.3936	
% 2	113	0.2341	0.5974	0.1684	
% 2	114	0.6406	0.1503	0.2091	
% 2	115	0.6752	0.1223	0.2025	
% 2	116	0.5255	0.2803	0.1943	
% 2	117	0.3855	0.2778	0.3368	
% 2	118	0.4872	0.0974	0.4155	
% 2	119	0.601	0.1272	0.2718	
% 2	120	0.2663	0.0999	0.6338	
% 2	121	0.2262	0.1006	0.6732	
% 2	122	0.4605	0.1926	0.3469	
% 2	123	0.5505	0.0767	0.3728	
% 2	124	0.4774	0.3489	0.1736	
% 2	125	0.4529	0.2475	0.2996	
% 2	126	0.1706	0.7482	0.0812	
% 2	127	0.3173	0.1231	0.5596	
% 2	128	0.4594	0.1285	0.4121	
% 2	129	0.4329	0.4233	0.1439	
% 2	130	0.596	0.2608	0.1432	
% 2	131	0.2297	0.19	0.5803	
% 2	132	0.4663	0.2073	0.3263	
% 2	133	0.5761	0.0979	0.326	
% 2	134	0.409	0.1575	0.4336	
% 2	135	0.1647	0.1746	0.6607	
% 2	136	0.4731	0.2376	0.2892	
% 2	137	0.2918	0.3455	0.3628	
% 2	138	0.116	0.675	0.209	
% 2	139	0.3742	0.112	0.5138	
% 2	140	0.5201	0.2658	0.2141	
% 2	141	0.4605	0.3406	0.1988	
% 2	142	0.1986	0.5466	0.2548	
% 2	143	0.4203	0.3133	0.2665	
% 2	144	0.2651	0.0811	0.6538	
% 2	145	0.4629	0.1319	0.4052	
% 2	146	0.2953	0.2354	0.4693	
% 2	147	0.1467	0.3582	0.4951	
% 2	148	0.1453	0.1514	0.7033	
% 2	149	0.3624	0.1381	0.4995	
% 2	150	0.5654	0.2024	0.2322	
% 2	151	0.5552	0.2753	0.1695	
% 2	152	0.2681	0.1365	0.5954	
% 2	153	0.1667	0.2096	0.6237	
% 2	154	0.2672	0.2305	0.5023	
% 2	155	0.601	0.182	0.217	
% 2	156	0.3457	0.234	0.4203	
% 2	157	0.3766	0.3924	0.231	
% 2	158	0.358	0.0663	0.5757	
% 2	159	0.5324	0.1337	0.3339	
% 2	160	0.3752	0.2758	0.3489	
% 2	161	0.1756	0.0951	0.7292	
% 2	162	0.2256	0.4117	0.3627	
% 2	163	0.1999	0.2391	0.5611	
% 2	164	0.3503	0.0797	0.57	
% 2	165	0.3918	0.1008	0.5074	
% 2	166	0.5941	0.1961	0.2098	
% 2	167	0.2978	0.2891	0.4132	
% 2	168	0.5089	0.223	0.2681	
% 2	169	0.084	0.8597	0.0563	
% 2	170	0.4248	0.2477	0.3275	
% 2	171	0.5039	0.1429	0.3532	
% 2	172	0.165	0.437	0.3981	
% 2	173	0.0982	0.8146	0.0872	
% 2	174	0.6213	0.1288	0.2499	
% 2	175	0.6461	0.1263	0.2276	
% 2	176	0.2051	0.3751	0.4198	
% 2	177	0.1429	0.0689	0.7882	
% 2	178	0.5119	0.1582	0.3299	
% 2	179	0.5653	0.1585	0.2762	
% 2	180	0.0929	0.8092	0.0978	
% 2	181	0.5599	0.24	0.2001	
% 2	182	0.2787	0.208	0.5133	
% 2	183	0.3095	0.1589	0.5316	
% 2	184	0.1154	0.7157	0.1689	
% 2	185	0.674	0.081	0.245	
% 2	186	0.2608	0.4388	0.3005	
% 2	187	0.6593	0.1592	0.1814	
% 2	188	0.4931	0.1424	0.3646	
% 2	189	0.279	0.4372	0.2837	
% 2	190	0.2482	0.2298	0.522	
% 2	191	0.4812	0.1916	0.3272	
% 2	192	0.6201	0.1092	0.2707	
% 2	193	0.165	0.3703	0.4648	
% 2	194	0.2516	0.0811	0.6673	
% 2	195	0.161	0.7615	0.0775	
% 2	196	0.7588	0.1238	0.1174	
% 2	197	0.4486	0.1565	0.395	
% 2	198	0.0877	0.792	0.1203	
% 2	199	0.393	0.092	0.515	
% 2	200	0.3274	0.3498	0.3229	
% 2	201	0.3365	0.0921	0.5714	
% 2	202	0.3272	0.0877	0.5851	
% 2	203	0.5605	0.1319	0.3076	
% 2	204	0.392	0.2469	0.3612	
% 2	205	0.3027	0.3016	0.3958	
% 2	206	0.0699	0.8715	0.0586	
% 2	207	0.1651	0.5158	0.3191	
% 2	208	0.388	0.1731	0.4389	
% 2	209	0.2338	0.4822	0.284	
% 2	210	0.0981	0.8465	0.0554	
% 2	211	0.2445	0.2867	0.4688	
% 2	212	0.1119	0.3531	0.535	
% 2	213	0.5629	0.2469	0.1902	
% 2	214	0.1943	0.3026	0.5031	
% 2	215	0.5649	0.0969	0.3382	
% 2	216	0.1557	0.5665	0.2778	
% 2	217	0.1891	0.6472	0.1638	
% 2	218	0.5185	0.1971	0.2844	
% 2	219	0.2211	0.4051	0.3738	
% 2	220	0.241	0.0565	0.7025	
% 2	221	0.1757	0.3182	0.5061	
% 2	222	0.5031	0.1297	0.3672	
% 2	223	0.2652	0.2802	0.4546	
% 2	224	0.5166	0.2042	0.2792	
% 2	225	0.0656	0.7532	0.1812	
% 2	226	0.417	0.4825	0.1005	
% 2	227	0.0892	0.8361	0.0747	
% 2	228	0.418	0.1419	0.4401	
% 2	229	0.4486	0.1324	0.419	
% 2	230	0.2706	0.3691	0.3603	
% 2	231	0.2438	0.2985	0.4578	
% 2	232	0.2911	0.2624	0.4464	
% 2	233	0.2391	0.3799	0.381	
% 2	234	0.0693	0.8677	0.063	
% 2	235	0.142	0.7143	0.1437	
% 2	236	0.1416	0.1186	0.7398	
% 2	237	0.2067	0.2497	0.5436	
% 2	238	0.1431	0.1918	0.6651	
% 2	239	0.4139	0.1682	0.4179	
% 2	240	0.4983	0.2085	0.2932	
% 2	241	0.3972	0.4144	0.1884	
% 2	242	0.249	0.0787	0.6723	
% 2	243	0.4173	0.1545	0.4281	
% 2	244	0.5032	0.1622	0.3346	
% 2	245	0.0759	0.8546	0.0695	
% 2	246	0.2707	0.3314	0.3979	
% 2	247	0.1597	0.7035	0.1368	
% 2	248	0.3638	0.4984	0.1378	
% 2	249	0.564	0.2471	0.1889	
% 2	250	0.503	0.2653	0.2317	
% 2	251	0.622	0.1984	0.1796	
% 2	252	0.2963	0.2341	0.4696	
% 2	253	0.5914	0.2606	0.148	
% 2	254	0.4835	0.2989	0.2176	
% 2	255	0.3849	0.1929	0.4223	
% 2	256	0.366	0.3285	0.3056	
% 2	257	0.5886	0.2365	0.1749	
% 1	258	0.4177	0.2614	0.321	
% 1	259	0.2084	0.5355	0.2561	
% 1	260	0.6558	0.197	0.1471	
% 1	261	0.582	0.2789	0.1391	
% 1	262	0.5486	0.2957	0.1557	
% 1	263	0.3159	0.2201	0.4641	
% 1	264	0.5647	0.203	0.2322	
% 1	265	0.5872	0.176	0.2368	
% 1	266	0.6784	0.1112	0.2103	
% 1	267	0.4268	0.4278	0.1454	
% 1	268	0.2989	0.3091	0.392	
% 1	269	0.4559	0.3525	0.1917	
% 1	270	0.6286	0.1793	0.1922	
% 1	271	0.2633	0.5338	0.2029	
% 1	272	0.3394	0.3604	0.3001	
% 1	273	0.5665	0.1105	0.3229	
% 1	274	0.1914	0.6803	0.1283	
% 1	275	0.1476	0.216	0.6364	
% 1	276	0.3888	0.241	0.3701	
% 1	277	0.3852	0.365	0.2497	
% 1	278	0.1682	0.4043	0.4274	
% 1	279	0.2038	0.3575	0.4387	
% 1	280	0.4086	0.3786	0.2128	
% 1	281	0.5161	0.1944	0.2896	
% 1	282	0.4016	0.3585	0.2399	
% 1	283	0.3224	0.2838	0.3939	
% 1	284	0.5314	0.1418	0.3268	
% 1	285	0.4842	0.1703	0.3455	
% 1	286	0.5549	0.1209	0.3242	
% 1	287	0.0588	0.901	0.0402	
% 1	288	0.0709	0.6196	0.3095	
% 1	289	0.4355	0.2811	0.2834	
% 1	290	0.0569	0.8761	0.067	
% 1	291	0.2823	0.5288	0.1889	
% 1	292	0.4411	0.3032	0.2556	
% 1	293	0.2329	0.1797	0.5874	
% 1	294	0.4275	0.4495	0.123	
% 1	295	0.7801	0.1148	0.1051	
% 1	296	0.2643	0.1336	0.6021	
% 1	297	0.2566	0.6514	0.092	
% 1	298	0.3859	0.1781	0.4361	
% 1	299	0.3133	0.3777	0.3091	
% 1	300	0.4349	0.2199	0.3452	
% 1	301	0.1026	0.8205	0.0769	
% 1	302	0.1611	0.6273	0.2115	
% 1	303	0.4952	0.2516	0.2532	
% 1	304	0.1531	0.4276	0.4193	
% 1	305	0.437	0.1889	0.3741	
% 1	306	0.2891	0.5991	0.1118	
% 1	307	0.4604	0.1421	0.3975	
% 1	308	0.4695	0.3069	0.2236	
% 1	309	0.1565	0.7622	0.0813	
% 1	310	0.3713	0.4519	0.1767	
% 1	311	0.1997	0.6643	0.136	
% 1	312	0.5063	0.2076	0.2861	
% 1	313	0.3154	0.2088	0.4758	
% 1	314	0.2859	0.2957	0.4185	
% 1	315	0.5369	0.3135	0.1496	
% 1	316	0.7699	0.119	0.1111	
% 1	317	0.1987	0.1356	0.6657	
% 1	318	0.3834	0.0899	0.5267	
% 1	319	0.497	0.0877	0.4153	
% 1	320	0.3903	0.0809	0.5288	
% 1	321	0.595	0.1217	0.2833	
% 1	322	0.3329	0.5117	0.1554	
% 1	323	0.4688	0.2133	0.3179	
% 1	324	0.6744	0.1122	0.2134	
% 1	325	0.4204	0.3976	0.182	
% 1	326	0.5944	0.1635	0.2421	
% 1	327	0.6502	0.1439	0.2059	
% 1	328	0.3738	0.1425	0.4838	
% 1	329	0.2854	0.3179	0.3967	
% 1	330	0.2814	0.3413	0.3774	
% 1	331	0.1802	0.6566	0.1633	
% 1	332	0.3915	0.3752	0.2333	
% 1	333	0.428	0.4097	0.1622	
% 1	334	0.5454	0.233	0.2217	
% 1	335	0.6295	0.1307	0.2398	
% 1	336	0.3856	0.3524	0.2619	
% 1	337	0.1936	0.582	0.2244	
% 1	338	0.5893	0.2489	0.1618	
% 1	339	0.4144	0.2301	0.3555	
% 1	340	0.4682	0.2186	0.3132	
% 1	341	0.2549	0.1826	0.5625	
% 1	342	0.2602	0.3592	0.3805	
% 1	343	0.2187	0.1598	0.6215	
% 1	344	0.2586	0.4518	0.2895	
% 1	345	0.5888	0.3133	0.0979	
% 1	346	0.4288	0.4135	0.1577	
% 1	347	0.2441	0.4225	0.3334	
% 1	348	0.2482	0.3011	0.4507	
% 1	349	0.3359	0.1401	0.524	
% 1	350	0.134	0.1962	0.6698	
% 1	351	0.5067	0.2352	0.2581	
% 1	352	0.5071	0.1651	0.3277	
% 1	353	0.5065	0.2621	0.2314	
% 1	354	0.1826	0.4791	0.3383	
% 1	355	0.119	0.2687	0.6123	
% 1	356	0.3664	0.415	0.2186	
% 1	357	0.4478	0.1905	0.3618	
% 1	358	0.5011	0.1516	0.3473	
% 1	359	0.2	0.5215	0.2785	
% 1	360	0.4185	0.3694	0.212	
% 1	361	0.2911	0.1257	0.5832	
% 1	362	0.4481	0.2977	0.2542	
% 1	363	0.1478	0.5058	0.3464	
% 1	364	0.446	0.1944	0.3596	
% 1	365	0.6005	0.125	0.2744	
% 1	366	0.7371	0.0888	0.1741	
% 1	367	0.5983	0.2209	0.1808	
% 1	368	0.5134	0.1756	0.311	
% 1	369	0.1911	0.4488	0.36	
% 1	370	0.1725	0.7157	0.1118	
% 1	371	0.1189	0.7718	0.1093	
% 1	372	0.0957	0.8218	0.0825	
% 1	373	0.1267	0.6594	0.2139	
% 1	374	0.5636	0.102	0.3344	
% 1	375	0.4138	0.2958	0.2905	
% 1	376	0.3022	0.3757	0.3221	
% 1	377	0.5074	0.1176	0.375	
% 1	378	0.4221	0.1092	0.4687	
% 1	379	0.2133	0.571	0.2157	
% 1	380	0.7515	0.1142	0.1343	
% 1	381	0.3734	0.3233	0.3034	
% 1	382	0.0946	0.8177	0.0877	
% 1	383	0.6027	0.2812	0.1161	
% 1	384	0.2575	0.5231	0.2194	
% 1	385	0.2888	0.3933	0.3179	
% 1	386	0.3993	0.4456	0.1551	
% 1	387	0.3255	0.5547	0.1198	
% 1	388	0.2165	0.58	0.2034	
% 1	389	0.6395	0.1747	0.1858	
% 1	390	0.1752	0.0632	0.7616	
% 1	391	0.1222	0.619	0.2588	
% 1	392	0.2154	0.5312	0.2534	
% 1	393	0.3095	0.2654	0.4252	
% 1	394	0.3143	0.3523	0.3333	
% 1	395	0.3126	0.2433	0.4441	
% 1	396	0.3912	0.2531	0.3557	
% 1	397	0.4799	0.3764	0.1438	
% 1	398	0.2323	0.6511	0.1166	
% 1	399	0.505	0.3694	0.1256	
% 1	400	0.5622	0.2872	0.1506	
% 1	401	0.1071	0.7303	0.1626	
% 1	402	0.271	0.0721	0.6569	
% 1	403	0.3624	0.3009	0.3367	
% 1	404	0.5373	0.0894	0.3733	
% 1	405	0.1671	0.5252	0.3077	
% 1	406	0.3809	0.177	0.4421	
% 1	407	0.7057	0.1637	0.1305	
% 1	408	0.1156	0.2708	0.6136	
% 1	409	0.578	0.1685	0.2534	
% 1	410	0.1365	0.8013	0.0622	
% 1	411	0.1821	0.6816	0.1363	
% 1	412	0.2761	0.4225	0.3013	
% 1	413	0.5527	0.2734	0.1739	
% 1	414	0.2528	0.5235	0.2237	
% 1	415	0.5787	0.163	0.2583	
% 1	416	0.5963	0.1826	0.2211	
% 1	417	0.6335	0.1044	0.2621	
% 1	418	0.3533	0.3923	0.2544	
% 1	419	0.1835	0.5814	0.2351	
% 1	420	0.1778	0.1663	0.6559	
% 1	421	0.5421	0.2692	0.1888	
% 1	422	0.0896	0.8421	0.0683	
% 1	423	0.7235	0.1468	0.1298	
% 1	424	0.2535	0.1093	0.6372	
% 1	425	0.0897	0.8209	0.0894	
% 1	426	0.6434	0.1875	0.1691	
% 1	427	0.5669	0.2169	0.2162	
% 1	428	0.1195	0.7984	0.082	
% 1	429	0.2381	0.109	0.6529	
% 1	430	0.4329	0.2396	0.3275	
% 1	431	0.2452	0.6273	0.1275	
% 1	432	0.0866	0.8455	0.0679	
% 1	433	0.0765	0.703	0.2205	
% 1	434	0.3328	0.5161	0.1511	
% 1	435	0.6746	0.1673	0.1581	
% 1	436	0.6586	0.2108	0.1306	
% 1	437	0.1217	0.6955	0.1828	
% 1	438	0.2534	0.535	0.2116	
% 1	439	0.6391	0.2479	0.113	
% 1	440	0.2019	0.6645	0.1336	
% 1	441	0.3422	0.1282	0.5296	
% 1	442	0.4255	0.2758	0.2986	
% 1	443	0.637	0.1567	0.2064	
% 1	444	0.4249	0.4373	0.1378	
% 1	445	0.3377	0.3337	0.3286	
% 2	446	0.2054	0.4504	0.3442	
% 2	447	0.3727	0.283	0.3442	
% 2	448	0.4895	0.2725	0.2381	
% 2	449	0.1103	0.608	0.2817	
% 2	450	0.1841	0.6686	0.1473	
% 2	451	0.1348	0.7948	0.0704	
% 2	452	0.3571	0.4563	0.1865	
% 2	453	0.1325	0.0858	0.7817	
% 2	454	0.1221	0.7719	0.106	
% 2	455	0.4366	0.2774	0.2859	
% 2	456	0.1051	0.8186	0.0763	
% 2	457	0.6205	0.2564	0.1231	
% 2	458	0.1658	0.2897	0.5445	
% 2	459	0.6658	0.0902	0.244	
% 2	460	0.352	0.353	0.295	
% 2	461	0.3187	0.5107	0.1706	
% 2	462	0.2228	0.4206	0.3565	
% 2	463	0.1176	0.7413	0.1411	
% 2	464	0.6445	0.0931	0.2623	
% 2	465	0.3746	0.2413	0.384	
% 2	466	0.4349	0.3214	0.2438	
% 2	467	0.5729	0.2047	0.2224	
% 2	468	0.2199	0.2969	0.4833	
% 2	469	0.1228	0.8135	0.0637	
% 2	470	0.1848	0.5952	0.2201	
% 2	471	0.4119	0.345	0.2431	
% 2	472	0.558	0.2428	0.1991	
% 2	473	0.4579	0.132	0.4102	
% 2	474	0.115	0.1211	0.7639	
% 2	475	0.2197	0.5458	0.2345	
% 2	476	0.6668	0.1452	0.1879	
% 2	477	0.2198	0.3564	0.4239	
% 2	478	0.464	0.1937	0.3423	
% 2	479	0.6888	0.1133	0.1979	
% 2	480	0.3684	0.295	0.3366	
% 2	481	0.3705	0.2287	0.4008	
% 2	482	0.304	0.0967	0.5993	
% 2	483	0.3503	0.1329	0.5168	
% 2	484	0.4608	0.1793	0.36	
% 2	485	0.1882	0.5386	0.2732	
% 2	486	0.2235	0.5317	0.2448	
% 2	487	0.2251	0.2807	0.4941	
% 2	488	0.5336	0.1774	0.289	
% 2	489	0.5099	0.1387	0.3514	
% 2	490	0.5241	0.2458	0.2301	
% 2	491	0.1292	0.1974	0.6734	
% 2	492	0.1425	0.092	0.7655	
% 2	493	0.5372	0.2845	0.1783	
% 2	494	0.1211	0.7831	0.0958	
% 2	495	0.2874	0.4756	0.237	
% 2	496	0.4234	0.2569	0.3198	
% 2	497	0.2455	0.0892	0.6653	
% 2	498	0.4919	0.2998	0.2083	
% 2	499	0.6825	0.1352	0.1823	
% 2	500	0.2372	0.161	0.6018	
% 2	501	0.2623	0.5585	0.1792	
% 2	502	0.2302	0.375	0.3948	
% 2	503	0.3675	0.164	0.4685	
% 2	504	0.3124	0.4121	0.2756	
% 2	505	0.2874	0.4257	0.2869	
% 2	506	0.2806	0.1909	0.5285	
% 2	507	0.2494	0.3022	0.4484	
% 2	508	0.2306	0.3232	0.4462	
% 2	509	0.0697	0.8656	0.0647	
% 2	510	0.5153	0.2493	0.2353	
% 2	511	0.3062	0.3207	0.3731	
% 2	512	0.1049	0.748	0.1471	
% 2	513	0.2195	0.4721	0.3085	
% 2	514	0.1988	0.4935	0.3078	
% 2	515	0.2272	0.2234	0.5494	
% 2	516	0.4731	0.3106	0.2163	
% 2	517	0.2143	0.5772	0.2085	
% 2	518	0.2344	0.2013	0.5643	
% 2	519	0.4343	0.1867	0.3789	
% 2	520	0.4275	0.3018	0.2706	
% 2	521	0.3168	0.2855	0.3977	
% 2	522	0.5218	0.2645	0.2137	
% 2	523	0.3886	0.2292	0.3822	
% 2	524	0.6336	0.2082	0.1582	
% 2	525	0.298	0.1983	0.5038	
% 2	526	0.2417	0.2308	0.5275	
% 2	527	0.5455	0.1682	0.2863	
% 2	528	0.4452	0.1402	0.4145	
% 2	529	0.6251	0.1673	0.2076	
% 2	530	0.3718	0.1327	0.4955	
% 2	531	0.5435	0.3295	0.127	
% 2	532	0.4541	0.1054	0.4405	
% 2	533	0.7216	0.0742	0.2042	
% 2	534	0.4322	0.2065	0.3613	
% 2	535	0.5667	0.1767	0.2566	
% 2	536	0.5118	0.132	0.3562	
% 2	537	0.5121	0.0815	0.4064	
% 2	538	0.5399	0.1894	0.2707	
% 2	539	0.5499	0.1656	0.2845	
% 2	540	0.1404	0.1921	0.6675	
% 2	541	0.4879	0.2392	0.2728	
% 2	542	0.1846	0.4126	0.4027	
% 2	543	0.2241	0.2286	0.5473	
% 2	544	0.4851	0.1661	0.3488	
% 2	545	0.2724	0.5971	0.1305	
% 2	546	0.5196	0.1006	0.3798	
% 2	547	0.5508	0.2979	0.1513	
% 2	548	0.2473	0.3689	0.3837	
% 2	549	0.4168	0.2703	0.313	
% 2	550	0.2306	0.6121	0.1573	
% 2	551	0.3187	0.1775	0.5037	
% 2	552	0.5289	0.2895	0.1817	
% 2	553	0.4234	0.1847	0.3919	
% 2	554	0.3776	0.1632	0.4592	
% 2	555	0.4138	0.145	0.4413	
% 2	556	0.3214	0.2496	0.4289	
% 2	557	0.3443	0.3967	0.2589	
% 2	558	0.3965	0.4639	0.1397	
% 2	559	0.1987	0.1794	0.6219	
% 2	560	0.3268	0.3002	0.3729	
% 2	561	0.7094	0.0918	0.1988	
% 2	562	0.3277	0.2891	0.3832	
% 2	563	0.3817	0.2017	0.4167	
% 2	564	0.4782	0.2337	0.288	
% 2	565	0.2908	0.3097	0.3996	
% 2	566	0.3209	0.3367	0.3425	
% 2	567	0.3069	0.188	0.5051	
% 2	568	0.3695	0.342	0.2886	
% 2	569	0.1735	0.1116	0.7149	
% 2	570	0.5621	0.1906	0.2472	
% 2	571	0.6165	0.2	0.1836	
% 2	572	0.334	0.1827	0.4833	
% 2	573	0.2246	0.5526	0.2228	
% 2	574	0.437	0.3368	0.2262	
% 2	575	0.4684	0.1178	0.4138	
% 2	576	0.1794	0.2696	0.551	
% 2	577	0.09	0.8463	0.0637	
% 2	578	0.5382	0.1731	0.2887	
% 2	579	0.246	0.6721	0.0819	
% 2	580	0.3876	0.1112	0.5013	
% 2	581	0.2865	0.1857	0.5278	
% 2	582	0.5229	0.1155	0.3616	
% 2	583	0.4246	0.1686	0.4068	
% 2	584	0.4374	0.1837	0.3789	
% 2	585	0.5398	0.2902	0.17	
% 2	586	0.5182	0.0935	0.3883	
% 2	587	0.0599	0.8885	0.0516	
% 2	588	0.312	0.3983	0.2898	
% 2	589	0.2546	0.2286	0.5168	
% 2	590	0.7436	0.0546	0.2018	
% 2	591	0.4813	0.1636	0.3551	
% 2	592	0.421	0.1846	0.3944	
% 2	593	0.3841	0.3316	0.2844	
% 2	594	0.6266	0.1419	0.2315	
% 2	595	0.1707	0.3505	0.4787	
% 2	596	0.4043	0.2472	0.3485	
% 2	597	0.2277	0.2785	0.4937	
% 2	598	0.3966	0.1757	0.4277	
% 2	599	0.4643	0.3101	0.2256	
% 2	600	0.5224	0.2181	0.2595	
% 2	601	0.2867	0.0876	0.6257	
% 2	602	0.2569	0.3776	0.3654	
% 2	603	0.5215	0.1321	0.3464	
% 2	604	0.5866	0.1346	0.2788	
% 2	605	0.3899	0.1512	0.4589	
% 2	606	0.3842	0.2995	0.3162	
% 2	607	0.6961	0.1557	0.1482	
% 2	608	0.6512	0.1131	0.2357	
% 2	609	0.1647	0.1569	0.6784	
% 2	610	0.1651	0.7411	0.0938	
% 2	611	0.2699	0.4092	0.3209	
% 2	612	0.4529	0.3047	0.2425	
% 2	613	0.4195	0.271	0.3095	
% 2	614	0.2579	0.4185	0.3237	
% 2	615	0.7546	0.0826	0.1628	
% 2	616	0.0955	0.1644	0.7401	
% 2	617	0.43	0.2534	0.3166	
% 2	618	0.5542	0.3333	0.1125	
% 2	619	0.4547	0.1434	0.4019	
% 2	620	0.1115	0.4042	0.4844	
% 2	621	0.1699	0.1924	0.6376	
% 2	622	0.2355	0.2771	0.4874	
% 2	623	0.615	0.2615	0.1235	
% 2	624	0.3162	0.2519	0.432	
% 2	625	0.3919	0.4011	0.207	
% 2	626	0.3195	0.1152	0.5653	
% 2	627	0.386	0.3047	0.3093	
% 2	628	0.0556	0.8833	0.0611	
% 2	629	0.3923	0.3546	0.253	
% 2	630	0.1294	0.081	0.7896	
% 2	631	0.68	0.0959	0.2241	
% 2	632	0.1889	0.1814	0.6296	
% 2	633	0.292	0.1719	0.5361	
% 2	634	0.3804	0.4775	0.1421	
% 2	635	0.1644	0.0957	0.7399	
% 2	636	0.1428	0.342	0.5152	
% 2	637	0.4684	0.3277	0.2039	
% 2	638	0.1348	0.1651	0.7001	
% 2	639	0.3788	0.27	0.3512	
% 2	640	0.3719	0.5089	0.1192	
% 2	641	0.5692	0.245	0.1858	
% 2	642	0.4851	0.3826	0.1323	
% 2	643	0.3526	0.1855	0.4619	
% 2	644	0.7323	0.0884	0.1793	
% 2	645	0.4492	0.3323	0.2185	
% 2	646	0.4292	0.1472	0.4237	
% 2	647	0.5002	0.3287	0.1711	
% 2	648	0.2897	0.0955	0.6148	
% 2	649	0.6882	0.1451	0.1666	
% 2	650	0.4244	0.1067	0.4689	
% 2	651	0.095	0.7918	0.1132	
% 2	652	0.4088	0.3169	0.2744	
% 2	653	0.2892	0.1813	0.5295	
% 2	654	0.318	0.2592	0.4227	
% 2	655	0.3319	0.4914	0.1768	
% 2	656	0.6665	0.1435	0.1899	
% 2	657	0.575	0.198	0.2269	
% 2	658	0.2392	0.1254	0.6353	
% 2	659	0.7108	0.0609	0.2282	
% 2	660	0.5468	0.2447	0.2085	
% 2	661	0.6551	0.099	0.2459	
% 2	662	0.6811	0.1621	0.1569	
% 2	663	0.2289	0.4392	0.3318	
% 2	664	0.2537	0.095	0.6513	
% 2	665	0.494	0.2799	0.2261	
% 2	666	0.108	0.7639	0.1282	
% 2	667	0.2826	0.5316	0.1858	
% 2	668	0.3181	0.3967	0.2852	
% 2	669	0.4768	0.317	0.2061	
% 2	670	0.6312	0.1094	0.2594	
% 2	671	0.6055	0.1595	0.235	
% 2	672	0.4627	0.0922	0.4451	
% 2	673	0.102	0.1391	0.759	
% 2	674	0.3661	0.2019	0.4319	
% 2	675	0.2573	0.0865	0.6562	
% 2	676	0.5469	0.1695	0.2836	
% 2	677	0.4088	0.4403	0.1509	
% 2	678	0.4034	0.3253	0.2712	
% 2	679	0.3679	0.349	0.2831	
% 2	680	0.4391	0.2699	0.2909	
% 2	681	0.1282	0.4979	0.3738	
% 2	682	0.1525	0.6148	0.2327	
% 2	683	0.7049	0.1965	0.0986	
% 2	684	0.3757	0.2226	0.4016	
% 2	685	0.3331	0.2051	0.4618	
% 2	686	0.1273	0.0994	0.7733	
% 2	687	0.3588	0.1379	0.5032	
% 2	688	0.228	0.5053	0.2667	
% 2	689	0.1155	0.53	0.3545	
% 2	690	0.3779	0.4051	0.2169	
% 2	691	0.2675	0.3611	0.3715	
% 2	692	0.3383	0.3613	0.3004	
% 2	693	0.1165	0.0896	0.7939	
% 2	694	0.2	0.0857	0.7143	
% 2	695	0.4136	0.3526	0.2338	
% 2	696	0.4386	0.1566	0.4049	
% 2	697	0.4491	0.1812	0.3697	
% 2	698	0.4826	0.0715	0.4459	
% 2	699	0.5229	0.3215	0.1556	
% 2	700	0.6701	0.1801	0.1498	
% 2	701	0.2459	0.1712	0.5829	
% 2	702	0.172	0.5248	0.3032	
% 2	703	0.3002	0.4942	0.2056	
% 2	704	0.0964	0.5671	0.3365	
% 2	705	0.5046	0.2101	0.2853	
% 2	706	0.1171	0.3133	0.5696	
% 2	707	0.1961	0.2508	0.5531	
% 2	708	0.5065	0.2888	0.2048	
% 2	709	0.1425	0.3659	0.4916	
% 2	710	0.6059	0.2258	0.1683	
% 2	711	0.373	0.3822	0.2448	
% 2	712	0.6275	0.1231	0.2494	
% 2	713	0.1601	0.2068	0.633	
% 2	714	0.584	0.2561	0.1599	
% 2	715	0.6109	0.1885	0.2006	
% 2	716	0.2607	0.5727	0.1666	
% 2	717	0.1431	0.1627	0.6942	
% 2	718	0.541	0.1091	0.3499	
% 2	719	0.4867	0.0918	0.4215	
% 2	720	0.5047	0.2296	0.2658	
% 2	721	0.1382	0.1537	0.7082	
% 2	722	0.1211	0.1518	0.7271	
% 2	723	0.1343	0.1527	0.713	
% 2	724	0.2383	0.5713	0.1904	
% 2	725	0.6587	0.1506	0.1908	
% 2	726	0.5709	0.282	0.1471	
% 2	727	0.1532	0.3427	0.5041	
% 2	728	0.3189	0.5326	0.1485	
% 2	729	0.6774	0.1222	0.2004	
% 2	730	0.2185	0.3439	0.4375	
% 2	731	0.1412	0.7373	0.1215	
% 2	732	0.2228	0.3795	0.3976	
% 2	733	0.125	0.1094	0.7656	
% 2	734	0.7538	0.1006	0.1456	
% 2	735	0.4742	0.1472	0.3786	
% 2	736	0.5138	0.2392	0.247	
% 2	737	0.1711	0.3712	0.4577	
% 2	738	0.2928	0.4439	0.2632	
% 2	739	0.3453	0.4246	0.2302	
% 2	740	0.6546	0.0932	0.2522	
% 2	741	0.2433	0.3327	0.4241	
% 2	742	0.6446	0.141	0.2143	
% 2	743	0.6686	0.1454	0.186	
% 2	744	0.5034	0.1276	0.369	
% 2	745	0.2979	0.111	0.5911	
% 2	746	0.2793	0.5149	0.2058	
% 2	747	0.1401	0.7703	0.0896	
% 2	748	0.3604	0.3756	0.264	
% 2	749	0.2173	0.2785	0.5042	
% 2	750	0.5195	0.2702	0.2103	
% 2	751	0.5526	0.3302	0.1172	
% 2	752	0.1725	0.0865	0.741	
% 2	753	0.597	0.0851	0.3179	
% 2	754	0.369	0.1275	0.5035	
% 2	755	0.1228	0.0892	0.7879	
% 2	756	0.1826	0.3825	0.4349	
% 2	757	0.339	0.2847	0.3763	
% 2	758	0.5735	0.2332	0.1932	
% 2	759	0.2033	0.368	0.4287	
% 2	760	0.2901	0.4747	0.2352	
% 2	761	0.6755	0.0558	0.2687	
% 2	762	0.1712	0.0733	0.7555	
% 2	763	0.2286	0.4121	0.3593	
% 4	764	0.1665	0.1748	0.6587	
% 2	765	0.4311	0.2216	0.3472	
% 4	766	0.6256	0.0999	0.2745	
% 4	767	0.802	0.0606	0.1374	
% 4	768	0.5626	0.2618	0.1756	
% 2	769	0.2502	0.1352	0.6146	
% 4	770	0.1773	0.1205	0.7022	
% 3	771	0.2739	0.3048	0.4213	
% 2	772	0.4006	0.1778	0.4215	
% 3	773	0.3318	0.3473	0.321	
% 3	774	0.2373	0.1436	0.6191	
% 3	775	0.2397	0.1591	0.6011	
% 3	776	0.1765	0.2194	0.6041	
% 3	777	0.2143	0.1455	0.6402	
% 4	778	0.5006	0.2922	0.2071	
% 2	779	0.1305	0.1663	0.7032	
% 4	780	0.4421	0.1671	0.3908	
% 4	781	0.2832	0.1025	0.6143	
% 4	782	0.2884	0.1307	0.5809	
% 4	783	0.1995	0.2782	0.5224	
% 2	784	0.1166	0.6841	0.1993	
% 4	785	0.5018	0.1455	0.3526	
% 3	786	0.2073	0.3494	0.4434	
% 3	787	0.104	0.069	0.827	
% 3	788	0.4656	0.1137	0.4206	
% 3	789	0.4392	0.2913	0.2695	
% 3	790	0.2735	0.3311	0.3955	
% 3	791	0.6078	0.148	0.2442	
% 4	792	0.2247	0.0847	0.6906	
% 4	793	0.3841	0.1775	0.4384	
% 4	794	0.2425	0.074	0.6835	
% 4	795	0.2299	0.1517	0.6185	
% 4	796	0.335	0.2543	0.4108	
% 2	797	0.3168	0.414	0.2693	
% 4	798	0.2065	0.2794	0.5141	
% 3	799	0.4478	0.2664	0.2857	
% 2	800	0.135	0.2208	0.6442	
% 3	801	0.3205	0.1078	0.5717	
% 3	802	0.114	0.316	0.57	
% 3	803	0.3762	0.1206	0.5031	
% 3	804	0.2545	0.1348	0.6108	
% 4	805	0.4696	0.2853	0.2452	
% 4	806	0.5658	0.1047	0.3295	
% 4	807	0.5126	0.2539	0.2335	
% 4	808	0.7127	0.1494	0.1378	
% 2	809	0.2398	0.3919	0.3682	
% 4	810	0.2774	0.2536	0.4689	
% 2	811	0.4096	0.2835	0.3069	
% 3	812	0.4589	0.1291	0.412	
% 3	813	0.7519	0.0543	0.1938	
% 3	814	0.3024	0.2447	0.4528	
% 3	815	0.2628	0.2363	0.5009	
% 3	816	0.2238	0.137	0.6392	
% 4	817	0.3365	0.2595	0.4041	
% 2	818	0.1676	0.3046	0.5278	
% 4	819	0.312	0.1302	0.5578	
% 4	820	0.346	0.123	0.531	
% 4	821	0.605	0.1364	0.2585	
% 4	822	0.3814	0.2122	0.4064	
% 2	823	0.342	0.1632	0.4949	
% 4	824	0.3891	0.2121	0.3988	
% 2	825	0.1102	0.8045	0.0853	
% 3	826	0.1644	0.0817	0.754	
% 2	827	0.1381	0.7315	0.1304	
% 3	828	0.6746	0.1607	0.1647	
% 3	829	0.4943	0.2512	0.2544	
% 3	830	0.1353	0.2035	0.6612	
% 3	831	0.1203	0.0951	0.7846	
% 4	832	0.2417	0.3742	0.3841	
% 2	833	0.2082	0.1326	0.6592	
% 4	834	0.6811	0.1151	0.2038	
% 4	835	0.1038	0.1128	0.7834	
% 4	836	0.6642	0.117	0.2188	
% 4	837	0.3143	0.2528	0.433	
% 2	838	0.4816	0.3653	0.1531	
% 2	839	0.2516	0.1931	0.5553	
% 3	840	0.0902	0.1291	0.7807	
% 3	841	0.1403	0.091	0.7687	
% 3	842	0.4715	0.0679	0.4606	
% 3	843	0.0962	0.0896	0.8142	
% 3	844	0.2768	0.1074	0.6158	
% 2	845	0.6506	0.125	0.2244	
% 4	846	0.5552	0.0982	0.3466	
% 4	847	0.2159	0.0912	0.6928	
% 4	848	0.3187	0.1717	0.5096	
% 4	849	0.2848	0.2489	0.4663	
% 3	850	0.3865	0.2771	0.3364	
% 3	851	0.2479	0.1526	0.5995	
% 3	852	0.4928	0.116	0.3913	
% 3	853	0.1558	0.1216	0.7226	
% 3	854	0.4593	0.097	0.4437	
% 2	855	0.1586	0.4473	0.3941	
% 4	856	0.7352	0.0997	0.1651	
% 4	857	0.6098	0.1407	0.2495	
% 4	858	0.5795	0.192	0.2286	
% 2	859	0.136	0.5131	0.3509	
% 2	860	0.4894	0.2311	0.2795	
% 3	861	0.3686	0.1985	0.4329	
% 3	862	0.1355	0.2262	0.6383	
% 3	863	0.5164	0.0608	0.4228	
% 3	864	0.59	0.1332	0.2768	
% 3	865	0.2547	0.116	0.6293	
% 2	866	0.2685	0.5739	0.1576	
% 2	867	0.1884	0.6194	0.1923	
% 2	868	0.3154	0.2725	0.4121	
% 2	869	0.1128	0.7948	0.0924	
% 2	870	0.622	0.1956	0.1824	
% 2	871	0.2024	0.1334	0.6641	
% 2	872	0.3131	0.0762	0.6107	
% 2	873	0.4794	0.261	0.2595	
% 2	874	0.0714	0.8482	0.0804	
% 2	875	0.1231	0.7172	0.1596	
% 2	876	0.0897	0.7986	0.1117	
% 2	877	0.2327	0.1599	0.6073	
% 2	878	0.2375	0.1965	0.566	
% 2	879	0.6799	0.1314	0.1888	
% 2	880	0.5175	0.3051	0.1774	
% 2	881	0.2297	0.5255	0.2448	
% 2	882	0.3436	0.4761	0.1803	
% 2	883	0.5395	0.2382	0.2224	
% 2	884	0.1419	0.4675	0.3905	
% 2	885	0.1132	0.0497	0.8371	
% 2	886	0.082	0.8356	0.0824	
% 2	887	0.2655	0.1792	0.5553	
% 2	888	0.6967	0.1233	0.18	
% 2	889	0.1371	0.1915	0.6714	
% 2	890	0.1041	0.1393	0.7566	
% 2	891	0.3664	0.2313	0.4022	
% 2	892	0.1252	0.2004	0.6744	
% 2	893	0.2124	0.2987	0.489	
% 2	894	0.3335	0.0785	0.588	
% 2	895	0.2839	0.0926	0.6235	
% 2	896	0.1872	0.1588	0.654	
% 2	897	0.1294	0.7581	0.1125	
% 2	898	0.6318	0.1517	0.2165	
% 2	899	0.5221	0.1633	0.3146	
% 2	900	0.1508	0.0989	0.7503	
% 2	901	0.3139	0.3361	0.35	
% 2	902	0.149	0.3713	0.4797	
% 2	903	0.1926	0.598	0.2094	
% 2	904	0.345	0.1363	0.5187	
% 2	905	0.3667	0.2244	0.409	
% 2	906	0.5403	0.1267	0.333	
% 2	907	0.4751	0.1982	0.3268	
% 2	908	0.2057	0.3732	0.4211	
% 2	909	0.065	0.8799	0.0551	
% 2	910	0.6484	0.1176	0.234	
% 2	911	0.2115	0.1654	0.6231	
% 2	912	0.3299	0.3333	0.3369	
% 2	913	0.0916	0.8139	0.0946	
% 2	914	0.3495	0.4089	0.2416	
% 2	915	0.4979	0.2068	0.2953	
% 2	916	0.1241	0.2021	0.6738	
% 2	917	0.2409	0.6356	0.1236	
% 2	918	0.1035	0.2742	0.6223	
% 2	919	0.1159	0.7802	0.1039	
% 2	920	0.2117	0.1312	0.6571	
% 2	921	0.1465	0.0935	0.76	
% 2	922	0.3262	0.0974	0.5764	
% 2	923	0.1797	0.2376	0.5827	
% 2	924	0.2558	0.212	0.5322	
% 2	925	0.1895	0.5949	0.2156	
% 2	926	0.1177	0.7916	0.0907	
% 2	927	0.3584	0.5165	0.1251	
% 2	928	0.0964	0.7825	0.1211	
% 2	929	0.0916	0.7947	0.1137	
% 2	930	0.2936	0.2005	0.5059	
% 2	931	0.1392	0.7273	0.1335	
% 2	932	0.0855	0.7998	0.1147	
% 2	933	0.554	0.2191	0.2268	
% 2	934	0.2398	0.4639	0.2963	
% 2	935	0.5728	0.297	0.1302	
% 2	936	0.1044	0.7797	0.1159	
% 2	937	0.1515	0.4554	0.3931	
% 2	938	0.4607	0.3458	0.1935	
% 2	939	0.1243	0.7759	0.0998	
% 2	940	0.3652	0.362	0.2729	
% 2	941	0.3054	0.4881	0.2065	
% 2	942	0.2309	0.6386	0.1305	
% 2	943	0.3488	0.0657	0.5855	
% 2	944	0.1636	0.7407	0.0957	
% 2	945	0.4514	0.2305	0.3182	
% 2	946	0.549	0.1516	0.2994	
% 2	947	0.1502	0.3887	0.4611	
% 2	948	0.1738	0.0954	0.7308	
% 2	949	0.1241	0.7613	0.1146	
% 2	950	0.2681	0.1523	0.5796	
% 2	951	0.3047	0.1474	0.5479	
% 2	952	0.199	0.2701	0.5309	
% 2	953	0.2028	0.5426	0.2545	
% 2	954	0.2554	0.6234	0.1212	
% 2	955	0.2094	0.5384	0.2522	
% 2	956	0.4054	0.2621	0.3325	
% 2	957	0.5474	0.1069	0.3457	
% 2	958	0.6159	0.1581	0.226	
% 2	959	0.3043	0.5467	0.149	
% 2	960	0.0729	0.853	0.0741	
% 2	961	0.0652	0.8585	0.0763	
% 2	962	0.1728	0.4727	0.3545	
% 2	963	0.5791	0.2001	0.2208	
% 2	964	0.4088	0.3435	0.2476	
% 2	965	0.7361	0.1608	0.1031	
% 2	966	0.1151	0.8127	0.0722	
% 2	967	0.4171	0.1602	0.4226	
% 2	968	0.1435	0.1528	0.7037	
% 2	969	0.3654	0.1432	0.4914	
% 2	970	0.291	0.5132	0.1958	
% 2	971	0.2954	0.5702	0.1344	
% 2	972	0.3348	0.344	0.3211	
% 2	973	0.2757	0.2338	0.4905	
% 2	974	0.4033	0.4028	0.1939	
% 2	975	0.4865	0.1082	0.4054	
% 2	976	0.5347	0.1644	0.3009	
% 2	977	0.1908	0.5905	0.2186	
% 2	978	0.0507	0.9066	0.0427	
% 2	979	0.0919	0.808	0.1001	
% 2	980	0.5316	0.3413	0.1271	
% 2	981	0.097	0.8212	0.0818	
% 2	982	0.2337	0.6661	0.1002	
% 2	983	0.3598	0.263	0.3772	
% 2	984	0.5108	0.367	0.1222	
% 2	985	0.5223	0.1641	0.3136	
% 2	986	0.3338	0.1611	0.5051	
% 2	987	0.2978	0.1695	0.5327	
% 2	988	0.0803	0.8498	0.0699	
% 2	989	0.229	0.2497	0.5212	
% 2	990	0.5307	0.1898	0.2795	
% 2	991	0.0785	0.8691	0.0524	
% 2	992	0.6034	0.2034	0.1931	
% 2	993	0.3201	0.441	0.2388	
% 2	994	0.2884	0.3373	0.3744	
% 2	995	0.2327	0.6436	0.1236	
% 2	996	0.481	0.3621	0.1569	
% 2	997	0.067	0.8525	0.0805	
% 2	998	0.3274	0.3322	0.3403	
% 2	999	0.1509	0.7464	0.1027	
% 2	1000	0.3323	0.1348	0.5329	


% PARAMETERS
72 500 translate 
1 1 scale
0 rotate
/setrim {3 setlinewidth} def 
/setsep {0.3 setlinewidth} def 
/setind {0.3 setlinewidth} def 
/fh {6} def    	% Font height 
/da {5} def    	% Distance above box at which to print names 
/db {-7} def    	% Distance below box at which to print names 
/bh {50} def    	% Height of the box 
/wi {0.468} def    	% Width of an individual 
/aato {60} def  	% Angle at which to print text atop box 
/abel {60} def  	% Angle at which to print text below box 
/tot {1000} def   	% Total number of individuals 
/Helvetica-Bold findfont fh scalefont setfont 

% ABBREVIATED COMMANDS
/M {moveto} def
/R {rmoveto} def
/L {lineto} def
/V {rlineto} def
/Cfs {closepath fill stroke} def
/rotshow {
  dup dup stringwidth pop abel cos mul neg exch 
  stringwidth pop abel sin mul neg R
  gsave abel rotate show grestore
} def
/bhm {bh mul} def 	% Multiply by height of the box 
/nwi {wi neg} def   	% Negative width of an individual 
/wm {wi mul} def 	% Multiply by width of an individual 
/ru {bhm M wi 0 V 0} def   	% Right-upwards box motion 
/ld {bhm V nwi 0 V Cfs} def	% Left-downwards box closure motion
/bbm {-.3 add 2 div add wm fh 2 div add db M} def       	% Below-box motion
/abm {-.3 add 2 div add wm fh 2 div add bh da add M} def	% Above-box motion
/sc {setrgbcolor} def

% COLORS
/c0 {0.0 0.0 0.0 sc} def    % black 
/c1 {2.1 0.6 0.3 sc} def    % orange 
/c2 {0 0.6 0.9 sc} def      % blue   
/c3 {.9 2.1 0 sc} def       % yellow 
/c4 {1.5 0.6 0.9 sc} def    % pink   
/c5 {.2 .6 .2 sc} def       % green  
/c6 {.5 0 .5 sc} def        % purple 
/c7 {1.2 0.0 0.3 sc} def    % red     
/c8 {0 1 0 sc} def          % light_green 
/c9 {0 0 1 sc} def          % dark_blue 
/c10 {1.2 0 1.8 sc} def     % light_purple 
/c11 {1.5 0.9 0.6 sc} def   % light_yellow 
/c12 {0.7 0.3 0.0 sc} def   % brown 
/c13 {0 1.2 1.8 sc} def     % light_blue 
/c14 {0.5 0.5 0.0 sc} def   % olive_green 
/c15 {1.8 0.6 0.6 sc} def   % peach 
/c16 {0 0.5 0.5 sc} def     % sea_green 
/c17 {.6 .75 .15 sc} def    % yellow_green 
/c18 {0.45 .15 .9 sc} def   % blue_purple  
/c19 {0.15 0.75 0.6 sc} def % blue_green 
/c20 {0.5 setgray} def      % gray 
/c21 {0.05 0.4 0.05 sc} def % dark_green 
/c22 {0.75 setgray} def     % light_gray 
/c23 {1 0 0 sc} def         % red2 
/c24 {0.6 0.9 1.5 sc} def   % light_blue2 
/c25 {1 0.6 0.4 sc} def     % light_orange 
/c26 {0.25 setgray} def     % dark_gray 
/c27 {1.2 0.9 0.9 sc} def   % light_pink 
/c28 {.6 .2 .2 sc} def      % dark_brown 
/c29 {1.6 0.4 0 sc} def     % dark_orange 
/c30 {0.2 0 0.3 sc} def     % dark_purple 
/c31 {1 setgray} def        % white 
/c32 {2.7 .3 0 sc} def      % color32 
/c33 {2.4 .6 0 sc} def      % color33 
/c34 {2.1 .3 .6 sc} def     % color34 
/c35 {1.5 .6 .9 sc} def     % color35 
/c36 {1.2 1.2 .6 sc} def    % color36 
/c37 {1.2 1.2 .9 sc} def    % color37 
/c38 {1.2 .9 .9 sc} def     % color38 
/c39 {.9 1.8 .3 sc} def     % color39 
/c40 {.9 .9 1.2 sc} def     % color40 
/c41 {.9 .6 1.5 sc} def     % color41 
/c42 {.6 2.1 .3 sc} def     % color42 
/c43 {.6 1.8 .6 sc} def     % color43 
/c44 {.6 1.5 .9 sc} def     % color44 
/c45 {.6 1.2 1.2 sc} def    % color45 
/c46 {.6 .9 1.5 sc} def     % color46 
/c47 {.6 .6 1.8 sc} def     % color47 
/c48 {.6 .3 2.1 sc} def     % color48 
/c49 {.3 .6 2.1 sc} def     % color49 
/c50 {0 2.4 .6 sc} def      % color50 
/c51 {0 2.1 .9 sc} def      % color51 
/c52 {0 .9 2.1 sc} def      % color52 
/c53 {.8 .1 .1 sc} def      % color53 
/c54 {.7 .3 0 sc} def       % color54 
/c55 {.7 .2 .1 sc} def      % color55 
/c56 {.7 .1 .2 sc} def      % color56 
/c57 {.6 .4 0 sc} def       % color57 
/c58 {.6 .3 .1 sc} def      % color58 
/c59 {.3 .4 .3 sc} def      % color59 
/c60 {.6 .1 .3 sc} def      % color60 
/c61 {.5 .3 .2 sc} def      % color61 
/c62 {.5 .2 .3 sc} def      % color62 
/c63 {.5 .1 .4 sc} def      % color63 
/c64 {.4 .3 .3 sc} def      % color64 
/c65 {.4 .2 .4 sc} def      % color65 
/c66 {1.2 .4 .4 sc} def     % color66 
/c67 {1.2 .2 .6 sc} def     % color67 
/c68 {1 .8 .2 sc} def       % color68 
/c69 {1 .6 .4 sc} def       % color69 
/c70 {1 .4 .6 sc} def       % color70 
/c100 {0.996094 0.996094 0.996094 sc} def   % color100 
/c101 {0.996094 0.695312 0.695312 sc} def   % color101 
/c102 {0.894531 0.492188 0.492188 sc} def   % color102 
/c103 {0.796875 0.316406 0.316406 sc} def   % color103 
/c104 {0.695312 0.171875 0.171875 sc} def   % color104 
/c105 {0.597656 0.0585938 0.0585938 sc} def % color105 
/c106 {0.894531 0.84375 0.695312 sc} def    % color106 
/c107 {0.761719 0.691406 0.492188 sc} def   % color107 
/c108 {0.636719 0.554688 0.316406 sc} def   % color108 
/c109 {0.519531 0.433594 0.171875 sc} def   % color109 
/c110 {0.417969 0.328125 0.0585938 sc} def  % color110 
/c111 {0.894531 0.996094 0.695312 sc} def   % color111 
/c112 {0.761719 0.894531 0.492188 sc} def   % color112 
/c113 {0.636719 0.796875 0.316406 sc} def   % color113 
/c114 {0.519531 0.695312 0.171875 sc} def   % color114 
/c115 {0.417969 0.597656 0.0585938 sc} def  % color115 
/c116 {0.695312 0.894531 0.996094 sc} def   % color116 
/c117 {0.492188 0.761719 0.894531 sc} def   % color117 
/c118 {0.316406 0.636719 0.796875 sc} def   % color118 
/c119 {0.171875 0.519531 0.695312 sc} def   % color119 
/c120 {0.0585938 0.417969 0.597656 sc} def  % color120 
/c121 {0.746094 0.695312 0.996094 sc} def   % color121 
/c122 {0.558594 0.492188 0.894531 sc} def   % color122 
/c123 {0.394531 0.316406 0.796875 sc} def   % color123 
/c124 {0.257812 0.171875 0.695312 sc} def   % color124 
/c125 {0.148438 0.0585938 0.597656 sc} def  % color125 
/c126 {0.996094 0.996094 0.597656 sc} def   % color126 
/c127 {0.996094 0.996094 0 sc} def          % color127 
/c128 {0.996094 0.796875 0 sc} def          % color128 
/c129 {0.996094 0.597656 0 sc} def          % color129 
/c130 {0.996094 0.398438 0 sc} def          % color130 
/c1001 {0.496094 0.785156 0.496094 sc} def   % Accent_3_qual_1 
/c1002 {0.742188 0.679688 0.828125 sc} def   % Accent_3_qual_2 
/c1003 {0.988281 0.75 0.523438 sc} def       % Accent_3_qual_3 
/c1004 {0.496094 0.785156 0.496094 sc} def   % Accent_4_qual_1 
/c1005 {0.742188 0.679688 0.828125 sc} def   % Accent_4_qual_2 
/c1006 {0.988281 0.75 0.523438 sc} def 	    % Accent_4_qual_3 
/c1007 {0.996094 0.996094 0.597656 sc} def   % Accent_4_qual_4 
/c1008 {0.496094 0.785156 0.496094 sc} def   % Accent_5_qual_1 
/c1009 {0.742188 0.679688 0.828125 sc} def   % Accent_5_qual_2 
/c1010 {0.988281 0.75 0.523438 sc} def 	    % Accent_5_qual_3 
/c1011 {0.996094 0.996094 0.597656 sc} def   % Accent_5_qual_4 
/c1012 {0.21875 0.421875 0.6875 sc} def 	    % Accent_5_qual_5 
/c1013 {0.496094 0.785156 0.496094 sc} def   % Accent_6_qual_1 
/c1014 {0.742188 0.679688 0.828125 sc} def   % Accent_6_qual_2 
/c1015 {0.988281 0.75 0.523438 sc} def 	    % Accent_6_qual_3 
/c1016 {0.996094 0.996094 0.597656 sc} def   % Accent_6_qual_4 
/c1017 {0.21875 0.421875 0.6875 sc} def 	    % Accent_6_qual_5 
/c1018 {0.9375 0.0078125 0.496094 sc} def    % Accent_6_qual_6 
/c1019 {0.496094 0.785156 0.496094 sc} def   % Accent_7_qual_1 
/c1020 {0.742188 0.679688 0.828125 sc} def   % Accent_7_qual_2 
/c1021 {0.988281 0.75 0.523438 sc} def 	    % Accent_7_qual_3 
/c1022 {0.996094 0.996094 0.597656 sc} def   % Accent_7_qual_4 
/c1023 {0.21875 0.421875 0.6875 sc} def 	    % Accent_7_qual_5 
/c1024 {0.9375 0.0078125 0.496094 sc} def    % Accent_7_qual_6 
/c1025 {0.746094 0.355469 0.0898438 sc} def  % Accent_7_qual_7 
/c1026 {0.496094 0.785156 0.496094 sc} def   % Accent_8_qual_1 
/c1027 {0.742188 0.679688 0.828125 sc} def   % Accent_8_qual_2 
/c1028 {0.988281 0.75 0.523438 sc} def 	    % Accent_8_qual_3 
/c1029 {0.996094 0.996094 0.597656 sc} def   % Accent_8_qual_4 
/c1030 {0.21875 0.421875 0.6875 sc} def 	    % Accent_8_qual_5 
/c1031 {0.9375 0.0078125 0.496094 sc} def    % Accent_8_qual_6 
/c1032 {0.746094 0.355469 0.0898438 sc} def  % Accent_8_qual_7 
/c1033 {0.398438 0.398438 0.398438 sc} def   % Accent_8_qual_8 
/c1034 {0.867188 0.917969 0.964844 sc} def   % Blues_3_seq_1 
/c1035 {0.617188 0.789062 0.878906 sc} def   % Blues_3_seq_2 
/c1036 {0.191406 0.507812 0.738281 sc} def   % Blues_3_seq_3 
/c1037 {0.933594 0.949219 0.996094 sc} def   % Blues_4_seq_1 
/c1038 {0.738281 0.839844 0.902344 sc} def   % Blues_4_seq_2 
/c1039 {0.417969 0.679688 0.835938 sc} def   % Blues_4_seq_3 
/c1040 {0.128906 0.441406 0.707031 sc} def   % Blues_4_seq_4 
/c1041 {0.933594 0.949219 0.996094 sc} def   % Blues_5_seq_1 
/c1042 {0.738281 0.839844 0.902344 sc} def   % Blues_5_seq_2 
/c1043 {0.417969 0.679688 0.835938 sc} def   % Blues_5_seq_3 
/c1044 {0.191406 0.507812 0.738281 sc} def   % Blues_5_seq_4 
/c1045 {0.03125 0.316406 0.609375 sc} def    % Blues_5_seq_5 
/c1046 {0.933594 0.949219 0.996094 sc} def   % Blues_6_seq_1 
/c1047 {0.773438 0.855469 0.933594 sc} def   % Blues_6_seq_2 
/c1048 {0.617188 0.789062 0.878906 sc} def   % Blues_6_seq_3 
/c1049 {0.417969 0.679688 0.835938 sc} def   % Blues_6_seq_4 
/c1050 {0.191406 0.507812 0.738281 sc} def   % Blues_6_seq_5 
/c1051 {0.03125 0.316406 0.609375 sc} def    % Blues_6_seq_6 
/c1052 {0.933594 0.949219 0.996094 sc} def   % Blues_7_seq_1 
/c1053 {0.773438 0.855469 0.933594 sc} def   % Blues_7_seq_2 
/c1054 {0.617188 0.789062 0.878906 sc} def   % Blues_7_seq_3 
/c1055 {0.417969 0.679688 0.835938 sc} def   % Blues_7_seq_4 
/c1056 {0.257812 0.570312 0.773438 sc} def   % Blues_7_seq_5 
/c1057 {0.128906 0.441406 0.707031 sc} def   % Blues_7_seq_6 
/c1058 {0.03125 0.269531 0.578125 sc} def    % Blues_7_seq_7 
/c1059 {0.964844 0.980469 0.996094 sc} def   % Blues_8_seq_1 
/c1060 {0.867188 0.917969 0.964844 sc} def   % Blues_8_seq_2 
