%!PS-Adobe-3.0 EPSF-3.0 
% Graphical display of results from structure
% distruct by Noah Rosenberg, version 1.0 Nov 2002 
%                             version 1.1 Jun 2007 
% Command line arguments: distruct/distruct1.1 -K 5 -M 4 -N 1000 -p 1683599399/pop -i 1683599399/ind -o 1683599399/out.ps -b 1683599399/labels -c 1683599399/perm -d 1683599399/drawparams 
gsave

% Population Q values from the file: 1683599399/pop
% 5 clusters, 4 populations, 0 individuals
% Pop. code, number of individuals, membership coefficients
% 1	275	0.169	0.21	0.208	0.212	0.202	
% 2	643	0.208	0.198	0.2	0.196	0.199	
% 3	42	0.368	0.066	0.182	0.213	0.171	
% 4	40	0.239	0.064	0.225	0.225	0.247	


% Individual Q values from the file: 1683599399/ind
% Population code, individual label, membership coefficients
% 1	1	0.2071	0.0321	0.1379	0.3056	0.3173	
% 1	2	0.2641	0.1043	0.0512	0.2862	0.2942	
% 1	3	0.1774	0.0566	0.2011	0.2776	0.2872	
% 1	4	0.5614	0.0273	0.0562	0.1353	0.2198	
% 1	5	0.0238	0.8768	0.0307	0.0368	0.0319	
% 1	6	0.1388	0.3343	0.2989	0.1008	0.1272	
% 1	7	0.0969	0.2541	0.2547	0.2264	0.168	
% 1	8	0.0817	0.0261	0.6054	0.1622	0.1246	
% 1	9	0.1409	0.4059	0.1126	0.1517	0.1888	
% 1	10	0.1432	0.3436	0.0575	0.2326	0.2231	
% 1	11	0.1794	0.0631	0.5231	0.108	0.1264	
% 1	12	0.1495	0.2093	0.0943	0.2389	0.308	
% 1	13	0.1471	0.0331	0.3368	0.3316	0.1514	
% 1	14	0.1373	0.1655	0.1886	0.3535	0.1552	
% 1	15	0.1137	0.4019	0.0783	0.2613	0.1449	
% 1	16	0.2265	0.0777	0.3426	0.1915	0.1618	
% 1	17	0.3219	0.1318	0.0333	0.2978	0.2151	
% 1	18	0.1579	0.0188	0.145	0.2776	0.4006	
% 1	19	0.0596	0.0506	0.7288	0.0791	0.0821	
% 1	20	0.2366	0.3175	0.0352	0.2003	0.2104	
% 1	21	0.2098	0.3176	0.07	0.1844	0.2182	
% 1	22	0.105	0.0723	0.5139	0.1534	0.1554	
% 1	23	0.0915	0.3135	0.1591	0.2391	0.1968	
% 1	24	0.2724	0.0388	0.168	0.1735	0.3474	
% 1	25	0.0758	0.4465	0.1762	0.1971	0.1045	
% 1	26	0.1245	0.1015	0.3056	0.2226	0.2458	
% 1	27	0.0977	0.0554	0.2746	0.329	0.2433	
% 1	28	0.4226	0.0559	0.1025	0.1862	0.2328	
% 1	29	0.2295	0.0724	0.0677	0.3069	0.3234	
% 1	30	0.0826	0.4261	0.1238	0.1415	0.2259	
% 1	31	0.2633	0.0641	0.2721	0.1619	0.2386	
% 1	32	0.253	0.1498	0.0767	0.2529	0.2675	
% 1	33	0.4731	0.0894	0.0929	0.1307	0.214	
% 1	34	0.1461	0.4504	0.1079	0.1594	0.1363	
% 1	35	0.3827	0.0717	0.0767	0.1766	0.2924	
% 1	36	0.087	0.0517	0.5522	0.1612	0.1479	
% 1	37	0.0718	0.1889	0.5938	0.0751	0.0704	
% 1	38	0.0647	0.5493	0.1477	0.1265	0.1118	
% 1	39	0.1667	0.0697	0.045	0.3295	0.3891	
% 1	40	0.1781	0.3919	0.07	0.1795	0.1806	
% 1	41	0.2496	0.0526	0.0972	0.286	0.3146	
% 1	42	0.0676	0.7368	0.0606	0.0664	0.0687	
% 1	43	0.1334	0.0502	0.0523	0.3311	0.433	
% 1	44	0.379	0.0488	0.1591	0.1603	0.2529	
% 1	45	0.161	0.4146	0.1906	0.1093	0.1244	
% 1	46	0.4573	0.088	0.1969	0.1228	0.1349	
% 1	47	0.14	0.0383	0.581	0.1059	0.1348	
% 1	48	0.172	0.0354	0.1668	0.338	0.2879	
% 1	49	0.2749	0.0466	0.2243	0.2804	0.1738	
% 1	50	0.2285	0.0336	0.0365	0.3991	0.3023	
% 1	51	0.0713	0.7288	0.0625	0.0643	0.0731	
% 1	52	0.0431	0.7918	0.0488	0.0581	0.0581	
% 1	53	0.1838	0.0374	0.4217	0.1891	0.168	
% 1	54	0.3117	0.0801	0.1107	0.2404	0.2571	
% 1	55	0.1331	0.0669	0.3063	0.2478	0.2459	
% 1	56	0.1792	0.1892	0.3707	0.1342	0.1267	
% 1	57	0.0504	0.0252	0.8245	0.0525	0.0474	
% 1	58	0.0422	0.5517	0.2807	0.0701	0.0553	
% 1	59	0.1049	0.0392	0.534	0.151	0.1709	
% 1	60	0.0919	0.1188	0.5448	0.1308	0.1137	
% 1	61	0.152	0.0666	0.0722	0.4809	0.2284	
% 1	62	0.1125	0.0693	0.2482	0.3175	0.2525	
% 1	63	0.2817	0.1783	0.1723	0.2169	0.1509	
% 1	64	0.495	0.0757	0.0625	0.17	0.1968	
% 1	65	0.192	0.0436	0.2449	0.2469	0.2725	
% 1	66	0.1067	0.2223	0.1635	0.3479	0.1597	
% 1	67	0.1771	0.039	0.6121	0.0822	0.0895	
% 1	68	0.1556	0.1714	0.1809	0.2202	0.272	
% 1	69	0.1515	0.1487	0.3118	0.2164	0.1716	
% 1	70	0.2637	0.0399	0.0641	0.2598	0.3724	
% 1	71	0.1942	0.0619	0.2648	0.2926	0.1866	
% 1	72	0.1969	0.0426	0.1844	0.3189	0.2572	
% 1	73	0.1515	0.1516	0.0716	0.3261	0.2992	
% 1	74	0.2817	0.0735	0.0614	0.2482	0.3352	
% 1	75	0.4127	0.1199	0.0847	0.1817	0.201	
% 1	76	0.3211	0.0541	0.1102	0.1849	0.3297	
% 1	77	0.0199	0.9162	0.0185	0.0209	0.0245	
% 1	78	0.2059	0.0369	0.0472	0.382	0.3279	
% 1	79	0.2745	0.074	0.0832	0.2322	0.3361	
% 1	80	0.0557	0.7644	0.0615	0.0667	0.0517	
% 1	81	0.1598	0.2782	0.1365	0.2286	0.1969	
% 1	82	0.1041	0.0176	0.7031	0.0874	0.0878	
% 1	83	0.3673	0.0407	0.1324	0.2088	0.2508	
% 1	84	0.2144	0.0751	0.3343	0.1537	0.2225	
% 1	85	0.2498	0.0549	0.1047	0.2919	0.2986	
% 1	86	0.2825	0.0831	0.0832	0.3465	0.2047	
% 1	87	0.5257	0.0415	0.1105	0.1102	0.212	
% 2	88	0.0395	0.8217	0.0283	0.0583	0.0522	
% 2	89	0.0972	0.059	0.3273	0.2456	0.2708	
% 2	90	0.0453	0.8611	0.0217	0.0364	0.0355	
% 2	91	0.2121	0.0169	0.3925	0.2228	0.1556	
% 2	92	0.3287	0.0581	0.087	0.271	0.2553	
% 2	93	0.3166	0.0494	0.1091	0.1711	0.3538	
% 2	94	0.2841	0.1085	0.0521	0.2349	0.3204	
% 2	95	0.2709	0.1564	0.1049	0.174	0.2938	
% 2	96	0.1625	0.1815	0.1119	0.361	0.1831	
% 2	97	0.1771	0.2929	0.1319	0.1839	0.2143	
% 2	98	0.2826	0.0508	0.2795	0.1585	0.2286	
% 2	99	0.376	0.0595	0.2687	0.1274	0.1683	
% 2	100	0.0939	0.036	0.2047	0.2479	0.4175	
% 2	101	0.0944	0.4988	0.1354	0.1306	0.1408	
% 2	102	0.2826	0.0974	0.2658	0.1707	0.1835	
% 2	103	0.1749	0.2849	0.1164	0.2051	0.2187	
% 2	104	0.1158	0.0301	0.4215	0.1935	0.2392	
% 2	105	0.3723	0.2371	0.1462	0.1003	0.1442	
% 2	106	0.0374	0.8531	0.0282	0.0383	0.043	
% 2	107	0.1139	0.1885	0.5508	0.0643	0.0826	
% 2	108	0.4308	0.0699	0.072	0.2247	0.2026	
% 2	109	0.1057	0.132	0.2222	0.2968	0.2434	
% 2	110	0.1357	0.5209	0.1194	0.1072	0.1167	
% 2	111	0.1144	0.0532	0.6459	0.0991	0.0874	
% 2	112	0.1026	0.1832	0.2288	0.2219	0.2636	
% 2	113	0.0923	0.4824	0.0811	0.1825	0.1616	
% 2	114	0.1375	0.0426	0.0772	0.281	0.4617	
% 2	115	0.4433	0.0362	0.0573	0.1966	0.2666	
% 2	116	0.2066	0.0925	0.0726	0.2649	0.3634	
% 2	117	0.2434	0.1101	0.1634	0.2985	0.1846	
% 2	118	0.4902	0.0295	0.1261	0.1554	0.1988	
% 2	119	0.3857	0.0367	0.0964	0.2096	0.2715	
% 2	120	0.0863	0.0328	0.5918	0.1377	0.1515	
% 2	121	0.1695	0.0301	0.496	0.1508	0.1537	
% 2	122	0.2309	0.0719	0.176	0.2479	0.2733	
% 2	123	0.4378	0.0222	0.1295	0.1746	0.236	
% 2	124	0.2573	0.2024	0.0661	0.1825	0.2916	
% 2	125	0.1462	0.0816	0.0855	0.3237	0.363	
% 2	126	0.08	0.734	0.0346	0.0732	0.0782	
% 2	127	0.1909	0.0364	0.3662	0.2411	0.1653	
% 2	128	0.2517	0.0345	0.161	0.2728	0.2801	
% 2	129	0.1555	0.2232	0.0574	0.3227	0.2411	
% 2	130	0.1272	0.1109	0.0556	0.3734	0.3329	
% 2	131	0.1236	0.0619	0.432	0.1646	0.2179	
% 2	132	0.4708	0.0625	0.1371	0.1097	0.2199	
% 2	133	0.485	0.0267	0.1005	0.1537	0.234	
% 2	134	0.3444	0.0493	0.1826	0.2421	0.1816	
% 2	135	0.0902	0.0625	0.5988	0.1131	0.1354	
% 2	136	0.3976	0.0967	0.1075	0.1626	0.2356	
% 2	137	0.1232	0.1702	0.2204	0.2839	0.2024	
% 2	138	0.0623	0.6547	0.1428	0.0632	0.077	
% 2	139	0.1105	0.0307	0.2289	0.354	0.2759	
% 2	140	0.1301	0.0955	0.0753	0.4253	0.2739	
% 2	141	0.1327	0.1243	0.0852	0.3319	0.326	
% 2	142	0.1191	0.445	0.1555	0.1282	0.152	
% 2	143	0.3808	0.1187	0.0846	0.181	0.2349	
% 2	144	0.0948	0.0226	0.3701	0.3304	0.1821	
% 2	145	0.1568	0.0353	0.1426	0.3373	0.328	
% 2	146	0.1776	0.098	0.2685	0.2659	0.1901	
% 2	147	0.1214	0.1882	0.5071	0.095	0.0884	
% 2	148	0.1379	0.0546	0.6142	0.1019	0.0914	
% 2	149	0.4135	0.044	0.2001	0.1801	0.1624	
% 2	150	0.443	0.0639	0.0766	0.1509	0.2656	
% 2	151	0.1557	0.1038	0.0533	0.4283	0.259	
% 2	152	0.3817	0.039	0.3849	0.0774	0.117	
% 2	153	0.2466	0.0697	0.4599	0.1098	0.1141	
% 2	154	0.1744	0.0804	0.3156	0.2141	0.2156	
% 2	155	0.1775	0.0506	0.0567	0.504	0.2112	
% 2	156	0.2806	0.0853	0.2168	0.1543	0.263	
% 2	157	0.1867	0.2172	0.102	0.247	0.2472	
% 2	158	0.5357	0.0184	0.1957	0.0983	0.1519	
% 2	159	0.3834	0.0369	0.1283	0.1742	0.2773	
% 2	160	0.1526	0.0954	0.1599	0.2585	0.3335	
% 2	161	0.0983	0.0287	0.6701	0.0867	0.1161	
% 2	162	0.2629	0.2154	0.2736	0.1122	0.1358	
% 2	163	0.1283	0.0937	0.4501	0.1318	0.1962	
% 2	164	0.1653	0.0227	0.2862	0.2987	0.2272	
% 2	165	0.4095	0.0279	0.1754	0.199	0.1882	
% 2	166	0.3116	0.0648	0.0852	0.2808	0.2575	
% 2	167	0.1625	0.1215	0.2526	0.1657	0.2976	
% 2	168	0.2123	0.0926	0.1378	0.244	0.3134	
% 2	169	0.033	0.8763	0.0208	0.034	0.0359	
% 2	170	0.2899	0.0816	0.105	0.291	0.2325	
% 2	171	0.2891	0.0427	0.1713	0.2164	0.2804	
% 2	172	0.116	0.2575	0.306	0.1729	0.1476	
% 2	173	0.0536	0.812	0.0405	0.0455	0.0484	
% 2	174	0.1551	0.0322	0.082	0.3198	0.4109	
% 2	175	0.4019	0.0356	0.0668	0.2531	0.2426	
% 2	176	0.1177	0.1956	0.2928	0.2309	0.163	
% 2	177	0.1174	0.0205	0.7328	0.053	0.0763	
% 2	178	0.1443	0.0488	0.1366	0.3603	0.31	
% 2	179	0.2213	0.0446	0.0839	0.3312	0.319	
% 2	180	0.0459	0.8253	0.0444	0.0388	0.0456	
% 2	181	0.235	0.0757	0.0803	0.2193	0.3898	
% 2	182	0.0971	0.0725	0.3334	0.2886	0.2085	
% 2	183	0.2445	0.0494	0.2575	0.2349	0.2137	
% 2	184	0.1015	0.7011	0.077	0.0625	0.0578	
% 2	185	0.0992	0.0219	0.0811	0.4991	0.2987	
% 2	186	0.15	0.3094	0.1586	0.1732	0.2088	
% 2	187	0.4643	0.0504	0.0485	0.2008	0.236	
% 2	188	0.2742	0.046	0.1548	0.2841	0.241	
% 2	189	0.2337	0.2597	0.1206	0.1344	0.2517	
% 2	190	0.2376	0.0824	0.4069	0.129	0.144	
% 2	191	0.43	0.066	0.126	0.1301	0.248	
% 2	192	0.3128	0.0332	0.103	0.3692	0.1819	
% 2	193	0.1076	0.2151	0.429	0.1151	0.1333	
% 2	194	0.1776	0.0228	0.5199	0.1631	0.1166	
% 2	195	0.0753	0.7725	0.0295	0.0611	0.0616	
% 2	196	0.2635	0.0381	0.0301	0.2121	0.4562	
% 2	197	0.2329	0.0466	0.1812	0.3025	0.2367	
% 2	198	0.0502	0.8045	0.0563	0.0433	0.0457	
% 2	199	0.1618	0.0263	0.2151	0.3502	0.2465	
% 2	200	0.2389	0.1965	0.1709	0.1821	0.2115	
% 2	201	0.2297	0.0264	0.2741	0.2657	0.204	
% 2	202	0.3455	0.0303	0.3303	0.1377	0.1562	
% 2	203	0.5736	0.0376	0.0698	0.1282	0.1908	
% 2	204	0.3219	0.1027	0.1488	0.2368	0.1898	
% 2	205	0.1797	0.1324	0.2371	0.1592	0.2917	
% 2	206	0.0233	0.8809	0.023	0.037	0.0358	
% 2	207	0.0759	0.405	0.2805	0.1225	0.1161	
% 2	208	0.1575	0.0487	0.2126	0.3548	0.2265	
% 2	209	0.1127	0.3107	0.1779	0.2567	0.142	
% 2	210	0.0461	0.8554	0.0199	0.038	0.0406	
% 2	211	0.1268	0.1161	0.2869	0.2863	0.1839	
% 2	212	0.082	0.1985	0.6008	0.0534	0.0652	
% 2	213	0.1678	0.0939	0.0512	0.3097	0.3774	
% 2	214	0.1515	0.1384	0.413	0.145	0.1522	
% 2	215	0.4781	0.027	0.0831	0.2421	0.1697	
% 2	216	0.0697	0.4834	0.1859	0.1437	0.1173	
% 2	217	0.0992	0.5676	0.0849	0.1322	0.1161	
% 2	218	0.5173	0.0531	0.0725	0.1765	0.1805	
% 2	219	0.1113	0.2107	0.2511	0.2195	0.2075	
% 2	220	0.1487	0.0169	0.557	0.1348	0.1427	
% 2	221	0.1194	0.1529	0.4558	0.1176	0.1543	
% 2	222	0.1734	0.0367	0.1748	0.2875	0.3276	
% 2	223	0.211	0.1188	0.2984	0.1947	0.177	
% 2	224	0.1895	0.0748	0.1224	0.346	0.2672	
% 2	225	0.0341	0.763	0.1301	0.0359	0.0369	
% 2	226	0.1652	0.3498	0.0384	0.2328	0.2137	
% 2	227	0.046	0.843	0.032	0.0365	0.0426	
% 2	228	0.1649	0.0477	0.2261	0.3562	0.2051	
% 2	229	0.495	0.0378	0.1153	0.1393	0.2126	
% 2	230	0.2034	0.19	0.1895	0.1984	0.2188	
% 2	231	0.165	0.1297	0.3183	0.2029	0.1842	
% 2	232	0.1771	0.11	0.3107	0.2151	0.1871	
% 2	233	0.1531	0.197	0.3307	0.1565	0.1626	
% 2	234	0.0296	0.8872	0.0237	0.0316	0.0279	
% 2	235	0.081	0.6887	0.0659	0.0885	0.0759	
% 2	236	0.0628	0.0334	0.7239	0.1077	0.0722	
% 2	237	0.088	0.1046	0.4476	0.2238	0.1359	
% 2	238	0.0662	0.0719	0.699	0.0783	0.0845	
% 2	239	0.1335	0.0504	0.2754	0.287	0.2538	
% 2	240	0.2361	0.074	0.1136	0.2998	0.2765	
% 2	241	0.1658	0.1942	0.0792	0.2133	0.3475	
% 2	242	0.1216	0.0226	0.4913	0.2179	0.1466	
% 2	243	0.3836	0.0438	0.1367	0.2176	0.2183	
% 2	244	0.4468	0.0489	0.1162	0.172	0.2161	
% 2	245	0.0397	0.8442	0.0339	0.0391	0.0431	
% 2	246	0.2358	0.1462	0.2231	0.1708	0.2241	
% 2	247	0.1443	0.6503	0.0584	0.0674	0.0797	
% 2	248	0.1672	0.3588	0.0434	0.2542	0.1763	
% 2	249	0.4092	0.0832	0.0671	0.1809	0.2595	
% 2	250	0.3208	0.0966	0.0784	0.2659	0.2383	
% 2	251	0.3156	0.0664	0.0487	0.1955	0.3739	
% 2	252	0.1275	0.0801	0.3006	0.2277	0.264	
% 2	253	0.2181	0.1031	0.0543	0.3533	0.2713	
% 2	254	0.2968	0.1214	0.0791	0.2327	0.2699	
% 2	255	0.2801	0.0611	0.2088	0.1706	0.2794	
% 2	256	0.2546	0.1442	0.1573	0.1541	0.2897	
% 2	257	0.433	0.0739	0.0596	0.1801	0.2534	
% 1	258	0.1074	0.0965	0.1234	0.45	0.2228	
% 1	259	0.0981	0.3272	0.1321	0.265	0.1776	
% 1	260	0.1562	0.0571	0.0427	0.5138	0.2302	
% 1	261	0.2479	0.1045	0.0467	0.3588	0.2422	
% 1	262	0.1095	0.1086	0.0492	0.2932	0.4394	
% 1	263	0.3844	0.0889	0.2398	0.1195	0.1674	
% 1	264	0.3689	0.0653	0.0755	0.194	0.2963	
% 1	265	0.6888	0.0447	0.0461	0.0879	0.1325	
% 1	266	0.305	0.0379	0.0815	0.2213	0.3543	
% 1	267	0.3123	0.2707	0.0467	0.1403	0.23	
% 1	268	0.2108	0.1208	0.2459	0.1985	0.2239	
% 1	269	0.2046	0.1663	0.067	0.2307	0.3314	
% 1	270	0.3348	0.0501	0.0483	0.1799	0.3869	
% 1	271	0.2294	0.3878	0.0836	0.1428	0.1563	
% 1	272	0.135	0.1606	0.1656	0.1807	0.358	
% 1	273	0.2028	0.0316	0.109	0.399	0.2576	
% 1	274	0.0873	0.5826	0.0607	0.1134	0.1559	
% 1	275	0.0616	0.074	0.6179	0.144	0.1024	
% 1	276	0.2824	0.0757	0.1706	0.2721	0.1993	
% 1	277	0.1403	0.1513	0.0924	0.3535	0.2626	
% 1	278	0.1545	0.2502	0.3685	0.1024	0.1245	
% 1	279	0.0623	0.1599	0.2754	0.3722	0.1302	
% 1	280	0.22	0.1848	0.0889	0.2559	0.2504	
% 1	281	0.4147	0.062	0.0973	0.2142	0.2118	
% 1	282	0.1452	0.1931	0.1222	0.236	0.3036	
% 1	283	0.3861	0.103	0.1387	0.1678	0.2044	
% 1	284	0.5564	0.0418	0.0821	0.1128	0.2069	
% 1	285	0.4177	0.0584	0.1352	0.1957	0.1929	
% 1	286	0.3964	0.0384	0.0961	0.272	0.1971	
% 1	287	0.0195	0.9189	0.0137	0.0233	0.0246	
% 1	288	0.0492	0.5832	0.2849	0.0432	0.0395	
% 1	289	0.3471	0.1249	0.1006	0.2115	0.2159	
% 1	290	0.0257	0.8933	0.0297	0.0277	0.0236	
% 1	291	0.1976	0.3786	0.0747	0.1438	0.2052	
% 1	292	0.1712	0.1254	0.0878	0.3155	0.3002	
% 1	293	0.1785	0.0588	0.4469	0.1476	0.1681	
% 1	294	0.3297	0.2773	0.0449	0.1852	0.1629	
% 1	295	0.199	0.035	0.0323	0.4843	0.2494	
% 1	296	0.0825	0.0412	0.5918	0.1669	0.1176	
% 1	297	0.1763	0.5621	0.0379	0.1091	0.1146	
% 1	298	0.3037	0.0502	0.1479	0.3378	0.1604	
% 1	299	0.3047	0.1874	0.1259	0.1971	0.1848	
% 1	300	0.4413	0.0652	0.1288	0.1928	0.1719	
% 1	301	0.0464	0.8357	0.0315	0.0432	0.0432	
% 1	302	0.117	0.5465	0.1087	0.1124	0.1155	
% 1	303	0.2407	0.0998	0.1062	0.2757	0.2777	
% 1	304	0.0815	0.2966	0.4331	0.1027	0.0861	
% 1	305	0.5032	0.051	0.1135	0.1485	0.1838	
% 1	306	0.1211	0.4851	0.0513	0.1889	0.1536	
% 1	307	0.3122	0.0466	0.2192	0.1944	0.2275	
% 1	308	0.1803	0.1328	0.118	0.1871	0.3817	
% 1	309	0.0798	0.7377	0.0337	0.0805	0.0682	
% 1	310	0.2162	0.2897	0.0675	0.1732	0.2533	
% 1	311	0.0612	0.5625	0.0659	0.1655	0.1449	
% 1	312	0.4086	0.0594	0.0969	0.2059	0.2292	
% 1	313	0.3625	0.0677	0.167	0.1779	0.2249	
% 1	314	0.2673	0.1436	0.224	0.1657	0.1995	
% 1	315	0.2661	0.1335	0.053	0.2406	0.3068	
% 1	316	0.5225	0.0373	0.035	0.1608	0.2443	
% 1	317	0.0823	0.0399	0.6117	0.1364	0.1297	
% 1	318	0.22	0.027	0.2542	0.1971	0.3017	
% 1	319	0.3613	0.0289	0.1555	0.2397	0.2147	
% 1	320	0.4815	0.0223	0.2151	0.1284	0.1527	
% 1	321	0.2103	0.0334	0.117	0.3307	0.3087	
% 1	322	0.0844	0.2955	0.0436	0.3796	0.1969	
% 1	323	0.1174	0.0635	0.0974	0.4732	0.2486	
% 1	324	0.4431	0.0323	0.0512	0.1914	0.282	
% 1	325	0.2042	0.2243	0.0631	0.2032	0.3051	
% 1	326	0.4089	0.0496	0.0705	0.1887	0.2822	
% 1	327	0.511	0.0388	0.0599	0.205	0.1853	
% 1	328	0.2985	0.048	0.2879	0.1526	0.2129	
% 1	329	0.3125	0.1407	0.1981	0.1669	0.1819	
% 1	330	0.1478	0.1556	0.2134	0.2339	0.2494	
% 1	331	0.1451	0.574	0.0871	0.0904	0.1034	
% 1	332	0.2553	0.209	0.1036	0.1821	0.2501	
% 1	333	0.4463	0.2235	0.0523	0.1101	0.1678	
% 1	334	0.4754	0.0723	0.0634	0.1756	0.2132	
% 1	335	0.198	0.0367	0.0847	0.3299	0.3507	
% 1	336	0.2261	0.1479	0.0964	0.1848	0.3448	
% 1	337	0.1239	0.4715	0.1065	0.1598	0.1382	
% 1	338	0.2813	0.0934	0.0584	0.2147	0.3522	
% 1	339	0.2171	0.0915	0.1669	0.3329	0.1917	
% 1	340	0.284	0.0662	0.1415	0.2058	0.3025	
% 1	341	0.15	0.0617	0.48	0.1396	0.1687	
% 1	342	0.2514	0.152	0.1608	0.2616	0.1742	
% 1	343	0.1429	0.0495	0.5443	0.0969	0.1663	
% 1	344	0.2221	0.2803	0.1675	0.1425	0.1877	
% 1	345	0.2676	0.1411	0.0319	0.29	0.2694	
% 1	346	0.404	0.2306	0.0469	0.1435	0.175	
% 1	347	0.1243	0.299	0.1729	0.1889	0.215	
% 1	348	0.24	0.1419	0.3716	0.108	0.1384	
% 1	349	0.3684	0.0395	0.2722	0.1291	0.1908	
% 1	350	0.089	0.0727	0.6691	0.0903	0.0788	
% 1	351	0.3465	0.0718	0.0731	0.2315	0.2771	
% 1	352	0.2272	0.0513	0.1085	0.3706	0.2425	
% 1	353	0.264	0.0859	0.077	0.1913	0.3818	
% 1	354	0.0971	0.3242	0.275	0.1652	0.1386	
% 1	355	0.1111	0.1301	0.6242	0.0674	0.0672	
% 1	356	0.3054	0.2342	0.0862	0.1812	0.193	
% 1	357	0.2154	0.0604	0.1848	0.2443	0.2952	
% 1	358	0.2023	0.0417	0.1446	0.34	0.2714	
% 1	359	0.0696	0.3594	0.1595	0.2769	0.1345	
% 1	360	0.1745	0.1571	0.0866	0.3043	0.2775	
% 1	361	0.1238	0.0329	0.3447	0.3266	0.172	
% 1	362	0.1918	0.1054	0.0971	0.3624	0.2432	
% 1	363	0.1171	0.3714	0.3182	0.0841	0.1093	
% 1	364	0.3175	0.0649	0.2118	0.2272	0.1785	
% 1	365	0.403	0.0357	0.0943	0.1909	0.276	
% 1	366	0.3588	0.0262	0.0501	0.2138	0.351	
% 1	367	0.1604	0.0703	0.0515	0.4059	0.3119	
% 1	368	0.157	0.0522	0.1711	0.2708	0.3488	
% 1	369	0.1136	0.2912	0.2578	0.1914	0.1461	
% 1	370	0.063	0.6549	0.0473	0.143	0.0918	
% 1	371	0.0577	0.7641	0.0522	0.0634	0.0626	
% 1	372	0.0425	0.8409	0.0313	0.0419	0.0434	
% 1	373	0.0661	0.6355	0.1361	0.0858	0.0765	
% 1	374	0.2067	0.0275	0.1026	0.3378	0.3254	
% 1	375	0.3181	0.1219	0.0954	0.2311	0.2334	
% 1	376	0.1706	0.2058	0.1969	0.2015	0.225	
% 1	377	0.4375	0.0342	0.1177	0.1821	0.2285	
% 1	378	0.304	0.0316	0.209	0.2296	0.2257	
% 1	379	0.1365	0.461	0.1161	0.128	0.1583	
% 1	380	0.3439	0.0363	0.0405	0.2019	0.3773	
% 1	381	0.2377	0.1271	0.1003	0.272	0.2629	
% 1	382	0.0445	0.8091	0.0458	0.0467	0.0539	
% 1	383	0.3983	0.1086	0.0343	0.2227	0.2361	
% 1	384	0.1675	0.4059	0.1096	0.1497	0.1672	
% 1	385	0.1481	0.2093	0.1477	0.2627	0.2322	
% 1	386	0.1559	0.2448	0.0653	0.176	0.3581	
% 1	387	0.164	0.4509	0.0519	0.1288	0.2044	
% 1	388	0.1712	0.4487	0.1049	0.1324	0.1427	
% 1	389	0.5348	0.055	0.0595	0.1422	0.2085	
% 1	390	0.0706	0.018	0.6978	0.1243	0.0892	
% 1	391	0.0747	0.5687	0.209	0.0684	0.0791	
% 1	392	0.1262	0.3874	0.1321	0.1992	0.1552	
% 1	393	0.2237	0.1004	0.2795	0.1878	0.2085	
% 1	394	0.1093	0.145	0.1403	0.3726	0.2329	
% 1	395	0.159	0.0942	0.2607	0.2594	0.2267	
% 1	396	0.1631	0.0807	0.1951	0.2995	0.2615	
% 1	397	0.2507	0.2052	0.0467	0.2632	0.2342	
% 1	398	0.1515	0.5894	0.0411	0.0971	0.1209	
% 1	399	0.1111	0.1644	0.0365	0.359	0.3291	
% 1	400	0.323	0.1188	0.0492	0.2735	0.2355	
% 1	401	0.0474	0.7007	0.0992	0.0955	0.0573	
% 1	402	0.2711	0.0202	0.3737	0.1717	0.1634	
% 1	403	0.1298	0.1093	0.1554	0.2004	0.4051	
% 1	404	0.5922	0.0243	0.1024	0.1113	0.1697	
% 1	405	0.0749	0.4284	0.1725	0.188	0.1363	
% 1	406	0.1447	0.0527	0.24	0.3344	0.2282	
% 1	407	0.1554	0.0484	0.0413	0.2903	0.4646	
% 1	408	0.0773	0.122	0.6701	0.0565	0.0741	
% 1	409	0.516	0.0466	0.0659	0.1783	0.1932	
% 1	410	0.0548	0.8068	0.0246	0.0538	0.06	
% 1	411	0.0957	0.6408	0.0633	0.1059	0.0943	
% 1	412	0.3175	0.2565	0.1248	0.1158	0.1854	
% 1	413	0.3667	0.1081	0.0525	0.2415	0.2311	
% 1	414	0.122	0.3533	0.1041	0.2373	0.1834	
% 1	415	0.2114	0.0489	0.1053	0.3825	0.2518	
% 1	416	0.4181	0.0525	0.0708	0.1691	0.2895	
% 1	417	0.4858	0.0286	0.0862	0.1927	0.2066	
% 1	418	0.2655	0.1833	0.0955	0.176	0.2797	
% 1	419	0.1027	0.4688	0.1574	0.1513	0.1198	
% 1	420	0.0581	0.0506	0.5751	0.2016	0.1146	
% 1	421	0.2985	0.1001	0.0533	0.348	0.2001	
% 1	422	0.0435	0.8366	0.0283	0.048	0.0436	
% 1	423	0.2625	0.0476	0.0414	0.2955	0.3529	
% 1	424	0.0993	0.0337	0.403	0.2607	0.2033	
% 1	425	0.0387	0.8382	0.043	0.0404	0.0397	
% 1	426	0.6182	0.0607	0.0402	0.1258	0.1551	
% 1	427	0.2602	0.0666	0.0687	0.2681	0.3364	
% 1	428	0.0574	0.7991	0.033	0.0567	0.0538	
% 1	429	0.261	0.0325	0.4459	0.1273	0.1332	
% 1	430	0.205	0.0897	0.1114	0.3714	0.2224	
% 1	431	0.113	0.5283	0.0531	0.1284	0.1771	
% 1	432	0.0318	0.8617	0.0264	0.0362	0.0439	
% 1	433	0.0443	0.707	0.1456	0.0553	0.0478	
% 1	434	0.1429	0.3488	0.0612	0.2004	0.2467	
% 1	435	0.1917	0.0423	0.0521	0.2271	0.4867	
% 1	436	0.2551	0.0752	0.0397	0.2918	0.3382	
% 1	437	0.0907	0.6749	0.1029	0.0638	0.0678	
% 1	438	0.0951	0.3158	0.0831	0.3264	0.1796	
% 1	439	0.1336	0.0822	0.035	0.4503	0.2988	
% 1	440	0.1711	0.6059	0.0494	0.0888	0.0849	
% 1	441	0.1129	0.0368	0.3016	0.3746	0.1741	
% 1	442	0.1341	0.0952	0.1101	0.4138	0.2468	
% 1	443	0.1688	0.0423	0.0598	0.438	0.2911	
% 1	444	0.3757	0.239	0.0457	0.131	0.2087	
% 1	445	0.0896	0.1437	0.1858	0.321	0.26	
% 2	446	0.1891	0.2933	0.2144	0.1545	0.1486	
% 2	447	0.2502	0.1124	0.1808	0.1848	0.2719	
% 2	448	0.1183	0.1035	0.0848	0.3636	0.3299	
% 2	449	0.0475	0.5769	0.2336	0.071	0.071	
% 2	450	0.0826	0.6032	0.0831	0.1058	0.1253	
% 2	451	0.0521	0.7977	0.0255	0.0692	0.0555	
% 2	452	0.1632	0.3253	0.0784	0.2318	0.2012	
% 2	453	0.0505	0.0252	0.7887	0.0645	0.0711	
% 2	454	0.0602	0.7767	0.0457	0.0598	0.0576	
% 2	455	0.2994	0.096	0.1045	0.2108	0.2893	
% 2	456	0.0408	0.8168	0.0369	0.051	0.0544	
% 2	457	0.3302	0.0916	0.0418	0.2241	0.3124	
% 2	458	0.1042	0.1533	0.5327	0.1013	0.1085	
% 2	459	0.6195	0.0246	0.0632	0.1377	0.155	
% 2	460	0.1624	0.1426	0.1147	0.2731	0.3071	
% 2	461	0.1127	0.3353	0.0706	0.173	0.3085	
% 2	462	0.0964	0.2199	0.2399	0.2361	0.2078	
% 2	463	0.0453	0.6885	0.1028	0.0818	0.0817	
% 2	464	0.3394	0.0278	0.0854	0.2289	0.3185	
% 2	465	0.2375	0.0964	0.1501	0.2823	0.2336	
% 2	466	0.1043	0.1056	0.0839	0.2911	0.4152	
% 2	467	0.4028	0.0712	0.0879	0.1955	0.2426	
% 2	468	0.1028	0.1094	0.4166	0.1935	0.1776	
% 2	469	0.0527	0.8119	0.0212	0.069	0.0452	
% 2	470	0.1311	0.4549	0.1199	0.1752	0.119	
% 2	471	0.1549	0.1403	0.0763	0.3096	0.3188	
% 2	472	0.1665	0.0824	0.06	0.4008	0.2904	
% 2	473	0.1613	0.0387	0.1627	0.2073	0.43	
% 2	474	0.0736	0.0417	0.7648	0.0558	0.064	
% 2	475	0.096	0.3891	0.1311	0.1494	0.2345	
% 2	476	0.1343	0.0376	0.0585	0.3581	0.4115	
% 2	477	0.0987	0.1954	0.3539	0.189	0.1629	
% 2	478	0.4398	0.0645	0.0972	0.2131	0.1854	
% 2	479	0.2248	0.0315	0.0719	0.3289	0.3429	
% 2	480	0.4158	0.1249	0.1133	0.1671	0.1788	
% 2	481	0.1334	0.0773	0.1881	0.3881	0.213	
% 2	482	0.1036	0.0271	0.4978	0.1803	0.1911	
% 2	483	0.1347	0.0366	0.2241	0.3688	0.2358	
% 2	484	0.2744	0.047	0.1122	0.3307	0.2357	
% 2	485	0.209	0.4398	0.1166	0.119	0.1155	
% 2	486	0.126	0.3927	0.1362	0.1686	0.1766	
% 2	487	0.2223	0.1104	0.3432	0.1312	0.193	
% 2	488	0.2798	0.0576	0.1136	0.2288	0.3203	
% 2	489	0.1698	0.0357	0.0924	0.4864	0.2157	
% 2	490	0.1171	0.0818	0.086	0.3444	0.3707	
% 2	491	0.0553	0.0659	0.7257	0.0809	0.0722	
% 2	492	0.0913	0.0269	0.7365	0.0725	0.0728	
% 2	493	0.2382	0.1075	0.0648	0.31	0.2795	
% 2	494	0.0733	0.761	0.0401	0.0656	0.06	
% 2	495	0.2775	0.3071	0.1114	0.1418	0.1622	
% 2	496	0.2326	0.1042	0.1456	0.2832	0.2343	
% 2	497	0.1041	0.0245	0.5911	0.1192	0.1612	
% 2	498	0.1039	0.1041	0.0731	0.3552	0.3637	
% 2	499	0.198	0.0417	0.0618	0.3478	0.3507	
% 2	500	0.1118	0.0526	0.4727	0.1644	0.1984	
% 2	501	0.1098	0.3783	0.0747	0.266	0.1712	
% 2	502	0.1426	0.1915	0.2019	0.3124	0.1516	
% 2	503	0.1626	0.0497	0.2526	0.3332	0.2018	
% 2	504	0.0708	0.1712	0.1028	0.4388	0.2163	
% 2	505	0.2242	0.2775	0.1597	0.1651	0.1735	
% 2	506	0.1638	0.0678	0.2975	0.2227	0.2483	
% 2	507	0.1547	0.1234	0.2388	0.2566	0.2266	
% 2	508	0.117	0.1673	0.3632	0.1975	0.1551	
% 2	509	0.0283	0.8901	0.0272	0.028	0.0264	
% 2	510	0.1621	0.0884	0.1015	0.2898	0.3582	
% 2	511	0.2472	0.1608	0.2046	0.1807	0.2066	
% 2	512	0.0487	0.7546	0.0769	0.06	0.0598	
% 2	513	0.2194	0.2827	0.2061	0.1311	0.1606	
% 2	514	0.1292	0.405	0.2253	0.11	0.1305	
% 2	515	0.2267	0.0942	0.3859	0.1244	0.1689	
% 2	516	0.2089	0.147	0.1135	0.1966	0.3341	
% 2	517	0.099	0.4903	0.1081	0.1474	0.1552	
% 2	518	0.0872	0.0628	0.4066	0.2543	0.1892	
% 2	519	0.3024	0.0622	0.1901	0.1886	0.2568	
% 2	520	0.0932	0.0856	0.0812	0.457	0.2829	
% 2	521	0.1356	0.1115	0.1915	0.2378	0.3236	
% 2	522	0.1723	0.0929	0.0611	0.4253	0.2484	
% 2	523	0.3198	0.0724	0.1484	0.231	0.2285	
% 2	524	0.319	0.0696	0.0435	0.3494	0.2184	
% 2	525	0.3458	0.0639	0.2693	0.1602	0.1609	
% 2	526	0.1894	0.0749	0.4251	0.1469	0.1636	
% 2	527	0.2054	0.0446	0.1014	0.266	0.3826	
% 2	528	0.301	0.0423	0.2452	0.1883	0.2232	
% 2	529	0.3193	0.052	0.0508	0.2871	0.2908	
% 2	530	0.2154	0.0435	0.3194	0.2134	0.2082	
% 2	531	0.1886	0.1814	0.0475	0.2424	0.3401	
% 2	532	0.3531	0.0276	0.1551	0.2732	0.191	
% 2	533	0.246	0.0195	0.0589	0.2598	0.4159	
% 2	534	0.217	0.0611	0.1126	0.395	0.2142	
% 2	535	0.1699	0.0531	0.0933	0.272	0.4116	
% 2	536	0.2935	0.0397	0.1326	0.2244	0.3097	
% 2	537	0.2131	0.0214	0.1478	0.2483	0.3695	
% 2	538	0.1804	0.0624	0.1054	0.2241	0.4277	
% 2	539	0.3157	0.056	0.1292	0.2775	0.2216	
% 2	540	0.0775	0.0673	0.6013	0.1264	0.1276	
% 2	541	0.4341	0.0904	0.0981	0.1562	0.2211	
% 2	542	0.1518	0.2744	0.2779	0.1378	0.1581	
% 2	543	0.1362	0.0836	0.3522	0.1838	0.2441	
% 2	544	0.3458	0.053	0.1558	0.1588	0.2867	
% 2	545	0.0788	0.4672	0.0493	0.2564	0.1484	
% 2	546	0.1778	0.0266	0.1493	0.2288	0.4176	
% 2	547	0.2806	0.1216	0.0466	0.3138	0.2373	
% 2	548	0.1353	0.2239	0.2382	0.184	0.2187	
% 2	549	0.2151	0.0978	0.1848	0.1956	0.3068	
% 2	550	0.2246	0.5155	0.0587	0.0859	0.1153	
% 2	551	0.2906	0.0656	0.2718	0.1713	0.2006	
% 2	552	0.3388	0.0971	0.0541	0.217	0.293	
% 2	553	0.2548	0.0569	0.2326	0.1908	0.2649	
% 2	554	0.1625	0.0488	0.237	0.2161	0.3355	
% 2	555	0.1831	0.0467	0.3239	0.2595	0.1869	
% 2	556	0.184	0.0941	0.2804	0.1384	0.303	
% 2	557	0.0948	0.1774	0.0879	0.3958	0.2441	
% 2	558	0.2128	0.2583	0.046	0.2379	0.245	
% 2	559	0.1094	0.0632	0.5394	0.1643	0.1237	
% 2	560	0.1692	0.1313	0.3123	0.1891	0.1982	
% 2	561	0.5206	0.0259	0.046	0.2065	0.2011	
% 2	562	0.1979	0.1275	0.2641	0.1534	0.2571	
% 2	563	0.1494	0.068	0.1451	0.2983	0.3391	
% 2	564	0.4929	0.0806	0.0975	0.1334	0.1957	
% 2	565	0.3359	0.1363	0.202	0.1741	0.1518	
% 2	566	0.1172	0.1471	0.1324	0.4145	0.1889	
% 2	567	0.1057	0.0572	0.2647	0.3932	0.1793	
% 2	568	0.2583	0.1429	0.1567	0.1395	0.3026	
% 2	569	0.0888	0.0345	0.5832	0.1827	0.1108	
% 2	570	0.1885	0.0589	0.075	0.3628	0.3148	
% 2	571	0.2024	0.0635	0.0618	0.2736	0.3987	
% 2	572	0.204	0.0624	0.278	0.2355	0.2202	
% 2	573	0.1839	0.4175	0.0931	0.1836	0.122	
% 2	574	0.172	0.1675	0.0947	0.2843	0.2814	
% 2	575	0.2155	0.0358	0.1353	0.2744	0.3389	
% 2	576	0.1315	0.1162	0.5031	0.1102	0.1389	
% 2	577	0.0431	0.8571	0.0234	0.0371	0.0393	
% 2	578	0.1681	0.0467	0.1146	0.286	0.3846	
% 2	579	0.1162	0.5575	0.0282	0.191	0.1071	
% 2	580	0.1668	0.0324	0.2464	0.2156	0.3387	
% 2	581	0.136	0.0613	0.4482	0.1982	0.1562	
% 2	582	0.4734	0.0344	0.1251	0.174	0.1932	
% 2	583	0.4466	0.0529	0.1221	0.1515	0.227	
% 2	584	0.2247	0.0649	0.1875	0.2501	0.2728	
% 2	585	0.1245	0.1046	0.0632	0.3304	0.3772	
% 2	586	0.1538	0.0245	0.1475	0.2954	0.3787	
% 2	587	0.0257	0.9061	0.0179	0.0254	0.0249	
% 2	588	0.1247	0.199	0.1303	0.3323	0.2138	
% 2	589	0.4182	0.0829	0.1996	0.1478	0.1516	
% 2	590	0.2058	0.0158	0.0627	0.3865	0.3291	
% 2	591	0.2736	0.0497	0.1635	0.1976	0.3155	
% 2	592	0.1234	0.0483	0.1575	0.3967	0.2742	
% 2	593	0.1957	0.133	0.1217	0.209	0.3407	
% 2	594	0.1571	0.0404	0.0726	0.3199	0.41	
% 2	595	0.14	0.2004	0.397	0.1266	0.1361	
% 2	596	0.2291	0.0852	0.2097	0.2167	0.2591	
% 2	597	0.1184	0.135	0.3606	0.1719	0.214	
% 2	598	0.2501	0.0567	0.1597	0.3212	0.2122	
% 2	599	0.471	0.1311	0.0737	0.1278	0.1964	
% 2	600	0.2186	0.0665	0.0942	0.2205	0.4002	
% 2	601	0.2102	0.0272	0.4493	0.1488	0.1646	
% 2	602	0.3684	0.2063	0.1586	0.1241	0.1426	
% 2	603	0.1939	0.0377	0.0882	0.4601	0.2201	
% 2	604	0.6105	0.0371	0.0753	0.1055	0.1715	
% 2	605	0.2294	0.0434	0.2425	0.2033	0.2814	
% 2	606	0.1422	0.1049	0.1413	0.3206	0.2911	
% 2	607	0.5548	0.0427	0.0407	0.1697	0.1921	
% 2	608	0.4138	0.0352	0.0669	0.2798	0.2042	
% 2	609	0.1522	0.0523	0.6109	0.0934	0.0911	
% 2	610	0.0791	0.7329	0.0372	0.0678	0.0829	
% 2	611	0.1265	0.2345	0.2089	0.2015	0.2288	
% 2	612	0.2031	0.1221	0.0711	0.3012	0.3026	
% 2	613	0.2192	0.1105	0.1263	0.1976	0.3463	
% 2	614	0.1365	0.215	0.1605	0.2413	0.2469	
% 2	615	0.3275	0.0252	0.0456	0.2035	0.3982	
% 2	616	0.0541	0.0598	0.7722	0.0554	0.0584	
% 2	617	0.3393	0.0917	0.1061	0.2885	0.1744	
% 2	618	0.2546	0.1765	0.0389	0.2408	0.2891	
% 2	619	0.2565	0.0438	0.1606	0.2271	0.312	
% 2	620	0.099	0.2591	0.469	0.0758	0.0972	
% 2	621	0.1026	0.0655	0.6132	0.0957	0.123	
% 2	622	0.237	0.111	0.3328	0.1737	0.1455	
% 2	623	0.3781	0.1053	0.0373	0.2387	0.2406	
% 2	624	0.2525	0.0883	0.2327	0.1507	0.2759	
% 2	625	0.1762	0.2037	0.0794	0.2444	0.2963	
% 2	626	0.1235	0.035	0.3364	0.2497	0.2554	
% 2	627	0.1907	0.1209	0.0898	0.3625	0.2361	
% 2	628	0.0224	0.907	0.0256	0.0237	0.0213	
% 2	629	0.4901	0.145	0.1019	0.0964	0.1667	
% 2	630	0.0705	0.0242	0.785	0.0652	0.0551	
% 2	631	0.2209	0.0303	0.0923	0.2932	0.3634	
% 2	632	0.1072	0.0708	0.5543	0.1315	0.1362	
% 2	633	0.1484	0.0571	0.343	0.2797	0.1718	
% 2	634	0.3351	0.3147	0.0467	0.1292	0.1744	
% 2	635	0.0783	0.0284	0.7329	0.0831	0.0772	
% 2	636	0.0634	0.1815	0.5586	0.1093	0.0871	
% 2	637	0.1187	0.1334	0.0778	0.2526	0.4176	
% 2	638	0.0702	0.0531	0.7314	0.0789	0.0664	
% 2	639	0.1049	0.0887	0.2115	0.2519	0.3431	
% 2	640	0.1698	0.3606	0.0391	0.1802	0.2503	
% 2	641	0.1277	0.0676	0.0447	0.3897	0.3703	
% 2	642	0.3123	0.1781	0.0443	0.1851	0.2803	
% 2	643	0.1313	0.0554	0.2231	0.3392	0.251	
% 2	644	0.3885	0.0261	0.0691	0.2391	0.2772	
% 2	645	0.2491	0.1704	0.0838	0.1967	0.3	
% 2	646	0.5598	0.0426	0.1313	0.1176	0.1487	
% 2	647	0.1946	0.1212	0.0719	0.2232	0.3892	
% 2	648	0.147	0.0286	0.5009	0.1326	0.1909	
% 2	649	0.4346	0.0458	0.0579	0.1985	0.2631	
% 2	650	0.367	0.0311	0.184	0.1996	0.2183	
% 2	651	0.0324	0.7953	0.0573	0.0627	0.0523	
% 2	652	0.298	0.1343	0.1161	0.1948	0.2569	
% 2	653	0.1185	0.0542	0.3142	0.2806	0.2326	
% 2	654	0.1863	0.0974	0.2201	0.2816	0.2147	
% 2	655	0.1541	0.3261	0.0723	0.2326	0.215	
% 2	656	0.1586	0.0424	0.0568	0.3951	0.3471	
% 2	657	0.1819	0.0618	0.0868	0.4318	0.2377	
% 2	658	0.1444	0.0406	0.5487	0.129	0.1374	
% 2	659	0.3311	0.0178	0.0774	0.2854	0.2882	
% 2	660	0.4801	0.0882	0.0623	0.1373	0.232	
% 2	661	0.6189	0.0282	0.0612	0.1036	0.1881	
% 2	662	0.2483	0.0459	0.0458	0.261	0.399	
% 2	663	0.1402	0.2444	0.2569	0.1596	0.199	
% 2	664	0.3101	0.027	0.3974	0.1413	0.1242	
% 2	665	0.2503	0.1088	0.0923	0.1813	0.3673	
% 2	666	0.0453	0.7666	0.0777	0.0581	0.0523	
% 2	667	0.2326	0.3867	0.0816	0.1599	0.1392	
% 2	668	0.3554	0.2188	0.0961	0.1498	0.1798	
% 2	669	0.1958	0.1327	0.0802	0.3893	0.2019	
% 2	670	0.3977	0.0307	0.0777	0.2683	0.2256	
% 2	671	0.1681	0.0454	0.0843	0.2772	0.4249	
% 2	672	0.1572	0.0233	0.1752	0.2211	0.4231	
% 2	673	0.0448	0.0483	0.7753	0.0583	0.0733	
% 2	674	0.1788	0.0618	0.201	0.3307	0.2277	
% 2	675	0.1244	0.0261	0.5495	0.1404	0.1597	
% 2	676	0.244	0.061	0.0982	0.3608	0.236	
% 2	677	0.2026	0.2259	0.0489	0.3536	0.1689	
% 2	678	0.1517	0.14	0.1075	0.3767	0.2242	
% 2	679	0.1573	0.1769	0.1207	0.3218	0.2233	
% 2	680	0.3744	0.1048	0.0888	0.2002	0.2317	
% 2	681	0.0873	0.3743	0.2613	0.1667	0.1103	
% 2	682	0.0982	0.4617	0.1952	0.1137	0.1311	
% 2	683	0.2635	0.0694	0.0264	0.4144	0.2263	
% 2	684	0.1787	0.0747	0.1755	0.2895	0.2817	
% 2	685	0.1653	0.0704	0.2823	0.2581	0.2238	
% 2	686	0.0557	0.0295	0.7766	0.0715	0.0668	
% 2	687	0.2244	0.0413	0.2792	0.2115	0.2437	
% 2	688	0.1095	0.33	0.1581	0.1648	0.2375	
% 2	689	0.0856	0.4286	0.3223	0.0756	0.0879	
% 2	690	0.2256	0.2057	0.0831	0.1824	0.3031	
% 2	691	0.1267	0.1699	0.2094	0.2913	0.2026	
% 2	692	0.2703	0.1709	0.1098	0.2505	0.1984	
% 2	693	0.0423	0.0261	0.8234	0.0546	0.0536	
% 2	694	0.2544	0.0261	0.5178	0.087	0.1147	
% 2	695	0.2561	0.155	0.058	0.378	0.153	
% 2	696	0.1336	0.0424	0.1355	0.4985	0.19	
% 2	697	0.3388	0.0523	0.1407	0.2734	0.1948	
% 2	698	0.1372	0.0194	0.136	0.496	0.2113	
% 2	699	0.3115	0.163	0.0564	0.2062	0.263	
% 2	700	0.3899	0.0643	0.0414	0.2274	0.2769	
% 2	701	0.2276	0.0495	0.3156	0.254	0.1534	
% 2	702	0.1167	0.4101	0.2067	0.1681	0.0984	
% 2	703	0.1452	0.2915	0.1026	0.2486	0.2121	
% 2	704	0.0666	0.4942	0.2565	0.1145	0.0682	
% 2	705	0.2555	0.0715	0.1279	0.2179	0.3273	
% 2	706	0.0889	0.132	0.6462	0.0638	0.0691	
% 2	707	0.0836	0.0791	0.6126	0.0923	0.1323	
% 2	708	0.3442	0.1257	0.0774	0.2248	0.2279	
% 2	709	0.0843	0.2252	0.5188	0.0832	0.0885	
% 2	710	0.1685	0.0682	0.0484	0.4473	0.2676	
% 2	711	0.1141	0.238	0.1316	0.2358	0.2806	
% 2	712	0.3073	0.0345	0.0712	0.3226	0.2645	
% 2	713	0.0968	0.0902	0.5898	0.1219	0.1012	
% 2	714	0.3635	0.1029	0.0619	0.1666	0.3051	
% 2	715	0.1248	0.0629	0.0628	0.4893	0.2601	
% 2	716	0.0992	0.4396	0.079	0.1978	0.1845	
% 2	717	0.1292	0.0608	0.5896	0.1286	0.0919	
% 2	718	0.3709	0.0315	0.1353	0.2565	0.2058	
% 2	719	0.4948	0.0281	0.1172	0.1832	0.1768	
% 2	720	0.1338	0.076	0.1085	0.3343	0.3475	
% 2	721	0.1039	0.0543	0.6826	0.0742	0.085	
% 2	722	0.0616	0.0491	0.7175	0.1024	0.0694	
% 2	723	0.0726	0.0481	0.7463	0.071	0.0619	
% 2	724	0.0959	0.4778	0.0888	0.2196	0.1178	
% 2	725	0.3857	0.0497	0.0599	0.1805	0.3241	
% 2	726	0.3058	0.0979	0.0361	0.2441	0.316	
% 2	727	0.117	0.1701	0.5113	0.0901	0.1115	
% 2	728	0.2326	0.4177	0.0557	0.117	0.177	
% 2	729	0.5547	0.0382	0.057	0.1534	0.1967	
% 2	730	0.1546	0.1695	0.2642	0.254	0.1577	
% 2	731	0.0901	0.6932	0.0498	0.0727	0.0942	
% 2	732	0.1185	0.1819	0.2511	0.1861	0.2625	
% 2	733	0.0839	0.0345	0.7532	0.0684	0.0601	
% 2	734	0.1839	0.0271	0.0429	0.2784	0.4677	
% 2	735	0.1963	0.0408	0.1558	0.3181	0.2891	
% 2	736	0.2101	0.0717	0.0824	0.3739	0.2619	
% 2	737	0.0835	0.1723	0.4293	0.19	0.125	
% 2	738	0.23	0.2994	0.1606	0.13	0.18	
% 2	739	0.2727	0.2252	0.1091	0.1519	0.241	
% 2	740	0.3281	0.024	0.0854	0.1769	0.3856	
% 2	741	0.1098	0.1462	0.2028	0.3691	0.172	
% 2	742	0.2475	0.0461	0.0609	0.2737	0.3719	
% 2	743	0.4908	0.0401	0.0552	0.2384	0.1755	
% 2	744	0.1947	0.0345	0.1321	0.2288	0.4098	
% 2	745	0.1106	0.0361	0.3811	0.2013	0.2709	
% 2	746	0.1134	0.3284	0.0941	0.2998	0.1642	
% 2	747	0.0617	0.7776	0.0336	0.0629	0.0642	
% 2	748	0.174	0.1641	0.088	0.3597	0.2142	
% 2	749	0.1021	0.0916	0.387	0.1663	0.2531	
% 2	750	0.286	0.1026	0.0952	0.2184	0.2978	
% 2	751	0.1362	0.152	0.0366	0.4673	0.2079	
% 2	752	0.1	0.0266	0.6306	0.1456	0.0971	
% 2	753	0.2671	0.0257	0.1049	0.3697	0.2326	
% 2	754	0.1748	0.0394	0.334	0.2133	0.2384	
% 2	755	0.0572	0.0256	0.8154	0.0474	0.0544	
% 2	756	0.147	0.2189	0.3508	0.1515	0.1317	
% 2	757	0.1976	0.1073	0.1215	0.3754	0.1982	
% 2	758	0.3349	0.0888	0.0775	0.2313	0.2676	
% 2	759	0.1975	0.2025	0.191	0.2634	0.1457	
% 2	760	0.2792	0.2652	0.0994	0.1975	0.1586	
% 2	761	0.339	0.0172	0.0936	0.2664	0.2839	
% 2	762	0.0966	0.0219	0.7205	0.0899	0.0711	
% 2	763	0.2723	0.2751	0.1877	0.1312	0.1336	
% 4	764	0.0845	0.0589	0.6244	0.1112	0.1209	
% 2	765	0.2472	0.0799	0.1732	0.2714	0.2283	
% 4	766	0.2084	0.0271	0.073	0.4655	0.226	
% 4	767	0.6402	0.0154	0.0308	0.1603	0.1532	
% 4	768	0.5316	0.1092	0.0499	0.1473	0.162	
% 2	769	0.3362	0.0395	0.3558	0.116	0.1525	
% 4	770	0.0668	0.0359	0.5584	0.212	0.1269	
% 3	771	0.2095	0.1268	0.2249	0.1637	0.2751	
% 2	772	0.1352	0.0512	0.2312	0.2779	0.3046	
% 3	773	0.2797	0.1416	0.168	0.1384	0.2722	
% 3	774	0.219	0.0436	0.5161	0.0888	0.1325	
% 3	775	0.1826	0.0552	0.4552	0.1094	0.1977	
% 3	776	0.177	0.0868	0.4738	0.1139	0.1485	
% 3	777	0.1625	0.0481	0.498	0.1302	0.1611	
% 4	778	0.1218	0.0815	0.0482	0.4504	0.2981	
% 2	779	0.0398	0.0546	0.7271	0.1088	0.0696	
% 4	780	0.1237	0.0508	0.1715	0.4016	0.2523	
% 4	781	0.0893	0.0277	0.3192	0.3908	0.1731	
% 4	782	0.1686	0.0399	0.3658	0.1652	0.2605	
% 4	783	0.1082	0.1092	0.4166	0.1927	0.1732	
% 2	784	0.0683	0.6295	0.1615	0.063	0.0777	
% 4	785	0.204	0.0488	0.1217	0.4479	0.1775	
% 3	786	0.0885	0.167	0.2604	0.2685	0.2156	
% 3	787	0.0427	0.021	0.8444	0.0474	0.0445	
% 3	788	0.1611	0.0322	0.1631	0.1929	0.4507	
% 3	789	0.3788	0.1237	0.1504	0.1642	0.183	
% 3	790	0.2552	0.1278	0.1732	0.2362	0.2075	
% 3	791	0.2961	0.0444	0.0885	0.2218	0.3492	
% 4	792	0.1094	0.0241	0.5624	0.1763	0.1278	
% 4	793	0.1699	0.0553	0.2207	0.2388	0.3152	
% 4	794	0.2073	0.0217	0.4822	0.1637	0.1252	
% 4	795	0.2825	0.049	0.4354	0.1121	0.1211	
% 4	796	0.3139	0.1031	0.2181	0.1488	0.216	
% 2	797	0.2091	0.2296	0.1631	0.1575	0.2407	
% 4	798	0.1594	0.1287	0.4075	0.1558	0.1487	
% 3	799	0.3336	0.1001	0.1034	0.2412	0.2217	
% 2	800	0.0545	0.0887	0.6647	0.098	0.0941	
% 3	801	0.104	0.0296	0.456	0.1749	0.2354	
% 3	802	0.0634	0.1584	0.6309	0.0706	0.0767	
% 3	803	0.2825	0.0366	0.1994	0.2456	0.236	
% 3	804	0.2372	0.0469	0.411	0.1476	0.1572	
% 4	805	0.2155	0.0941	0.0832	0.2406	0.3667	
% 4	806	0.4424	0.0288	0.0859	0.2515	0.1915	
% 4	807	0.2124	0.0799	0.0809	0.2077	0.4192	
% 4	808	0.5342	0.0461	0.0394	0.1732	0.2071	
% 2	809	0.1536	0.2307	0.2271	0.19	0.1984	
% 4	810	0.0799	0.0812	0.1893	0.4461	0.2034	
% 2	811	0.2379	0.1129	0.1665	0.1972	0.2856	
% 3	812	0.1946	0.036	0.1742	0.3115	0.2837	
% 3	813	0.6648	0.0151	0.0326	0.1358	0.1518	
% 3	814	0.2122	0.0924	0.2486	0.2033	0.2436	
% 3	815	0.1166	0.0839	0.3946	0.1389	0.2661	
% 3	816	0.1132	0.0434	0.5929	0.1105	0.1399	
% 4	817	0.2958	0.101	0.1797	0.2128	0.2107	
% 2	818	0.0705	0.1133	0.5529	0.123	0.1403	
% 4	819	0.33	0.0403	0.294	0.1551	0.1806	
% 4	820	0.3312	0.0402	0.2665	0.1732	0.1888	
% 4	821	0.1228	0.0379	0.0593	0.5134	0.2667	
% 4	822	0.2881	0.0746	0.2214	0.1983	0.2177	
% 2	823	0.2391	0.0536	0.2744	0.2401	0.1928	
% 4	824	0.1613	0.0862	0.2075	0.316	0.2289	
% 2	825	0.044	0.8172	0.0379	0.0493	0.0516	
% 3	826	0.0656	0.0232	0.7149	0.0897	0.1067	
% 2	827	0.0727	0.7041	0.0652	0.0825	0.0754	
% 3	828	0.2655	0.0462	0.0495	0.2589	0.3799	
% 3	829	0.1661	0.0823	0.1001	0.2944	0.3571	
% 3	830	0.0688	0.0734	0.7192	0.0658	0.0728	
% 3	831	0.0688	0.0271	0.7994	0.0507	0.054	
% 4	832	0.1285	0.1624	0.2242	0.2304	0.2545	
% 2	833	0.066	0.0387	0.6097	0.1603	0.1253	
% 4	834	0.1125	0.0334	0.0612	0.3679	0.4249	
% 4	835	0.0423	0.0319	0.8267	0.0516	0.0475	
% 4	836	0.252	0.0364	0.0644	0.3365	0.3107	
% 4	837	0.2882	0.1016	0.2193	0.1863	0.2045	
% 2	838	0.2165	0.1906	0.0467	0.312	0.2343	
% 2	839	0.1895	0.0675	0.3601	0.1494	0.2335	
% 3	840	0.0413	0.0388	0.8425	0.0371	0.0403	
% 3	841	0.0646	0.0276	0.7562	0.0813	0.0704	
% 3	842	0.6374	0.0175	0.0808	0.1251	0.1391	
% 3	843	0.0523	0.0236	0.8501	0.0347	0.0393	
% 3	844	0.2576	0.0315	0.351	0.1944	0.1655	
% 2	845	0.0985	0.0346	0.0497	0.5982	0.219	
% 4	846	0.3935	0.0326	0.1417	0.2094	0.2229	
% 4	847	0.0985	0.0276	0.5676	0.1957	0.1107	
% 4	848	0.1967	0.056	0.2413	0.2617	0.2444	
% 4	849	0.3751	0.0878	0.179	0.2022	0.1558	
% 3	850	0.1999	0.1077	0.1246	0.296	0.2717	
% 3	851	0.252	0.0488	0.4128	0.168	0.1185	
% 3	852	0.6071	0.0303	0.1178	0.0917	0.1532	
% 3	853	0.1345	0.0398	0.663	0.0957	0.067	
% 3	854	0.6119	0.0267	0.0672	0.1416	0.1526	
% 2	855	0.075	0.2952	0.3002	0.183	0.1466	
% 4	856	0.4161	0.0275	0.0493	0.1716	0.3354	
% 4	857	0.122	0.0387	0.0671	0.3407	0.4315	
% 4	858	0.3959	0.0599	0.0787	0.2028	0.2627	
% 2	859	0.0966	0.3727	0.3103	0.1165	0.1039	
% 2	860	0.3825	0.0708	0.0961	0.1431	0.3076	
% 3	861	0.1864	0.0655	0.2502	0.253	0.2448	
% 3	862	0.0885	0.0976	0.6123	0.0916	0.11	
% 3	863	0.7289	0.0145	0.0481	0.081	0.1275	
% 3	864	0.3551	0.0384	0.102	0.2629	0.2416	
% 3	865	0.1699	0.0371	0.4284	0.2156	0.1489	
% 2	866	0.1885	0.4447	0.0595	0.1631	0.1442	
% 2	867	0.1152	0.5499	0.1044	0.123	0.1074	
% 2	868	0.2331	0.1057	0.1603	0.3295	0.1713	
% 2	869	0.047	0.7798	0.0463	0.0567	0.0702	
% 2	870	0.3048	0.0653	0.0522	0.2922	0.2854	
% 2	871	0.0875	0.0429	0.6279	0.14	0.1017	
% 2	872	0.1578	0.0224	0.3751	0.1586	0.2861	
% 2	873	0.5037	0.0837	0.0684	0.1757	0.1684	
% 2	874	0.0306	0.8658	0.0368	0.0333	0.0335	
% 2	875	0.0823	0.6729	0.0912	0.0714	0.0821	
% 2	876	0.0338	0.7969	0.0573	0.055	0.057	
% 2	877	0.1091	0.0569	0.5125	0.1566	0.1649	
% 2	878	0.1386	0.0821	0.4479	0.191	0.1403	
% 2	879	0.296	0.0406	0.0622	0.2482	0.3531	
% 2	880	0.3963	0.1365	0.0645	0.2003	0.2023	
% 2	881	0.1597	0.4199	0.135	0.1347	0.1509	
% 2	882	0.121	0.2942	0.0722	0.2541	0.2584	
% 2	883	0.4489	0.0784	0.0704	0.1637	0.2386	
% 2	884	0.09	0.3463	0.2415	0.2072	0.115	
% 2	885	0.0517	0.0163	0.8209	0.0604	0.0507	
% 2	886	0.0495	0.834	0.0369	0.0406	0.039	
% 2	887	0.085	0.0543	0.4093	0.3024	0.149	
% 2	888	0.0823	0.0282	0.0419	0.6392	0.2083	
% 2	889	0.0561	0.0709	0.6619	0.1167	0.0944	
% 2	890	0.0461	0.0452	0.7994	0.0552	0.054	
% 2	891	0.2054	0.0817	0.1466	0.3869	0.1793	
% 2	892	0.0628	0.0719	0.7237	0.0757	0.066	
% 2	893	0.0753	0.1348	0.3987	0.1845	0.2066	
% 2	894	0.3126	0.0212	0.3725	0.151	0.1427	
% 2	895	0.1883	0.0297	0.3841	0.2296	0.1682	
% 2	896	0.1186	0.0491	0.5246	0.1688	0.139	
% 2	897	0.0783	0.748	0.0504	0.0575	0.0659	
% 2	898	0.4638	0.043	0.0488	0.1356	0.3088	
% 2	899	0.2656	0.049	0.1206	0.2244	0.3405	
% 2	900	0.0699	0.028	0.6821	0.1258	0.0941	
% 2	901	0.1165	0.1068	0.0884	0.513	0.1753	
% 2	902	0.0531	0.1622	0.5837	0.0859	0.1151	
% 2	903	0.0795	0.5199	0.1432	0.1258	0.1316	
% 2	904	0.1049	0.0418	0.2756	0.4054	0.1723	
