1.0000 0.9615 0.9508 0.9567 0.9250 0.9644 0.9147 0.9352 0.9670 0.9651
0.9615 1.0000 0.9520 0.9611 0.9140 0.9634 0.9051 0.9217 0.9603 0.9626
0.9508 0.9520 1.0000 0.9343 0.9409 0.9413 0.9266 0.9424 0.9449 0.9423
0.9567 0.9611 0.9343 1.0000 0.9000 0.9656 0.8972 0.9118 0.9572 0.9641
0.9250 0.9140 0.9409 0.9000 1.0000 0.9082 0.9511 0.9628 0.9135 0.9111
0.9644 0.9634 0.9413 0.9656 0.9082 1.0000 0.8981 0.9181 0.9717 0.9717
0.9147 0.9051 0.9266 0.8972 0.9511 0.8981 1.0000 0.9599 0.9001 0.9033
0.9352 0.9217 0.9424 0.9118 0.9628 0.9181 0.9599 1.0000 0.9213 0.9218
0.9670 0.9603 0.9449 0.9572 0.9135 0.9717 0.9001 0.9213 1.0000 0.9675
0.9651 0.9626 0.9423 0.9641 0.9111 0.9717 0.9033 0.9218 0.9675 1.0000
